# Velocity Field, 
#  Long [deg],   Lat [deg],     Vel E [m/yr],  Vel N [m/yr], Sigma Ve [m/yr], Sigma Vn [m/yr],      CorrVen,     Site 
  13.5149004    46.5479352       0.00016       0.00109      1.000000e-04     1.000000e-04           0.00189      ACOM 
  12.1745170    46.5271440      -0.00076       0.00079      1.000000e-04     1.000000e-04           0.05126      AFAL 
   3.4664272    43.2963831      -0.00020      -0.00019      1.000000e-04     1.000000e-04           0.08261      AGDE 
   6.0834629    45.0866148      -0.00033       0.00007      1.000000e-04     1.000000e-04           0.09725      ALPE 
   4.6656940    45.2413805       0.00032       0.00008      1.000000e-04     1.000000e-04           0.02946      ANNO 
   2.7660378    43.2419319      -0.00003      -0.00029      1.000000e-04     1.000000e-04           0.03154      ARMI 
   4.6061776    46.1948277       0.00053       0.00031      1.000000e-04     1.000000e-04           0.04658      AVEN 
   5.3331971    43.4912152      -0.00008       0.00021      1.000000e-04     1.036812e-04           0.03538      AXPV 
   5.3331971    43.4912151      -0.00009       0.00020      1.000000e-04     1.076893e-04           0.03297      AXPV 
   5.3331972    43.4912151      -0.00008       0.00022      1.000000e-04     1.010847e-04           0.03834      AXPV 
   4.1563190    44.3692026      -0.00004       0.00013      1.000000e-04     1.101269e-04           0.03732      BANN 
   4.1563190    44.3692026      -0.00004       0.00013      1.000000e-04     1.040115e-04           0.04131      BANN 
   4.1563190    44.3692026      -0.00004       0.00013      1.000000e-04     1.095718e-04           0.03815      BANN 
   4.1563190    44.3692026      -0.00004       0.00013      1.000000e-04     1.153596e-04           0.03483      BANN 
  10.5510003    47.5487161       0.00011       0.00043      1.000000e-04     1.000000e-04           0.03201      BREI 
   5.3535964    48.4861540      -0.00031       0.00015      1.000000e-04     1.017859e-04           0.01510      BUAN 
   5.2725628    44.2778954      -0.00020      -0.00019      1.000000e-04     1.063478e-04           0.01553      BUIS 
  12.4350216    46.0082949      -0.00013       0.00101      1.000000e-04     1.000000e-04          -0.03004      CANV 
   8.6802049    46.0423416      -0.00035       0.00011      1.000000e-04     1.100158e-04           0.04627      CARZ 
 359.5923014    46.1334636       0.00006       0.00017      1.000000e-04     1.000000e-04           0.08292      CH1Z 
   5.8810790    45.1107151      -0.00038      -0.00024      1.000000e-04     1.000000e-04           0.06535      CHAM 
   4.8617726    43.8813695      -0.00007       0.00015      1.000000e-04     1.000000e-04           0.07977      CHRN 
   6.3585580    45.3041378      -0.00060       0.00017      1.000000e-04     1.000000e-04           0.20300      CHTL 
   3.1110763    45.7609636       0.00021      -0.00006      1.000000e-04     1.000000e-04           0.05148      CLFD 
   9.0956236    45.8021640      -0.00035       0.00034      1.000000e-04     1.000000e-04           0.08929      CO2O 
  12.9790963    45.9585320      -0.00038       0.00219      1.000000e-04     1.000000e-04           0.00552      CODR 
   6.6996722    49.3715652      -0.00008      -0.00023      1.000000e-04     1.000000e-04           0.01170      DILL 
   6.6996722    49.3715651      -0.00007      -0.00022      1.000000e-04     1.000000e-04           0.01119      DILL 
  13.7296944    51.0298270      -0.00023      -0.00035      1.000000e-04     1.055231e-04           0.03450      DR2S 
  13.7296944    51.0298270      -0.00023      -0.00035      1.000000e-04     1.000000e-04           0.03816      DR3S 
  13.7296944    51.0298270      -0.00024      -0.00036      1.000000e-04     1.000000e-04           0.04182      DR4S 
   2.0519964    45.4033539       0.00016      -0.00023      1.000000e-04     1.149658e-04           0.00840      EG2T 
   7.6399038    48.5493608      -0.00019       0.00011      1.000000e-04     1.000000e-04           0.01359      EN1Z 
   7.6399038    48.5493608      -0.00020       0.00011      1.000000e-04     1.000000e-04           0.01454      EN2Z 
   7.6399038    48.5493608      -0.00019       0.00011      1.000000e-04     1.000000e-04           0.01301      EN3Z 
   7.7624948    48.5798433      -0.00004      -0.00019      1.000000e-04     1.000000e-04           0.03862      EOST 
   7.3642111    48.8730278      -0.00024      -0.00010      1.000000e-04     1.062885e-04           0.05692      ERCK 
  11.0045746    49.5864936       0.00007      -0.00021      1.000000e-04     1.211422e-04           0.00468      ERLA 
  11.0045746    49.5864936       0.00007      -0.00021      1.000000e-04     1.162371e-04           0.00504      ERLA 
  11.0045746    49.5864936       0.00007      -0.00022      1.000000e-04     1.151661e-04           0.00599      ERLA 
  11.0045746    49.5864936       0.00008      -0.00024      1.000000e-04     1.141175e-04           0.00690      ERLA 
   4.7979068    45.3071052       0.00022       0.00006      1.000000e-04     1.000000e-04           0.06800      ESAB 
  11.3149642    47.6067929       0.00010       0.00034      1.000000e-04     1.000000e-04           0.03396      FAHR 
  11.7237974    46.3039483      -0.00019       0.00051      1.000000e-04     1.000000e-04           0.01221      FDOS 
   8.6649682    50.0905788      -0.00041      -0.00019      1.000000e-04     1.147924e-04           0.02027      FFMJ 
   8.6649682    50.0905788      -0.00041      -0.00019      1.000000e-04     1.090359e-04           0.02211      FFMJ 
   8.6649682    50.0905788      -0.00042      -0.00020      1.000000e-04     1.048599e-04           0.02438      FFMJ 
   8.6649682    50.0905788      -0.00044      -0.00020      1.000000e-04     1.025915e-04           0.02643      FFMJ 
   2.7949003    43.0481629      -0.00059       0.00020      1.000000e-04     1.000000e-04           0.02051      FJCP 
  13.0011467    46.4141535      -0.00018       0.00095      1.000000e-04     1.000000e-04          -0.00374      FUSE 
   8.9211444    44.4193884       0.00018       0.00011      1.000000e-04     1.000000e-04           0.03130      GE1O 
   9.9505607    51.5002152      -0.00008       0.00022      1.000000e-04     1.144927e-04           0.02114      GOET 
   9.9505607    51.5002153      -0.00008       0.00022      1.000000e-04     1.134416e-04           0.02230      GOET 
   6.9205745    43.7547386      -0.00001       0.00014      1.000000e-04     1.000000e-04           0.18336      GRAS 
  15.4934817    47.0671307       0.00051       0.00048      1.000000e-04     1.000000e-04           0.01699      GRAZ 
  15.4934817    47.0671307       0.00050       0.00050      1.000000e-04     1.000000e-04           0.01988      GRAZ 
 356.4920195    47.6480085      -0.00056      -0.00032      1.000000e-04     1.000000e-04           0.05353      GROI 
  14.5437170    46.0481344      -0.00026       0.00202      1.000000e-04     1.000000e-04           0.03101      GS31 
  14.5437170    46.0481344      -0.00026       0.00202      1.000000e-04     1.000000e-04           0.03542      GS41 
 358.2220406    49.5806623       0.00006      -0.00006      1.000000e-04     1.000000e-04           0.02013      HEAU 
  10.0725985    47.4925837      -0.00009       0.00032      1.000000e-04     1.000000e-04           0.08473      HGRA 
  13.7713212    47.3772563       0.00019       0.00129      1.000000e-04     1.188608e-04          -0.01149      HKBL 
  13.7713212    47.3772563       0.00019       0.00129      1.000000e-04     1.134280e-04          -0.01234      HKBL 
  13.7713212    47.3772563       0.00019       0.00128      1.000000e-04     1.106964e-04          -0.01200      HKBL 
  12.2492719    47.7474651      -0.00009       0.00067      1.000000e-04     1.000000e-04           0.04246      HRIE 
   7.5961676    47.8339487       0.00019       0.00026      1.000000e-04     1.147420e-04           0.00521      HUEG 
   7.5961676    47.8339487       0.00019       0.00027      1.000000e-04     1.092307e-04           0.00567      HUEG 
   7.5961676    47.8339487       0.00019       0.00027      1.000000e-04     1.038058e-04           0.00623      HUEG 
   7.5961676    47.8339487       0.00019       0.00028      1.000000e-04     1.074319e-04           0.00614      HUEG 
   7.6394062    45.0151331       0.00030      -0.00033      1.000000e-04     1.000000e-04           0.08162      IE1G 
   6.7100358    44.9103636       0.00027      -0.00033      1.000000e-04     1.000000e-04           0.09125      JANU 
  13.4160616    46.1839611      -0.00047       0.00171      1.000000e-04     1.000000e-04           0.02411      JOAN 
   5.7956604    46.5285750      -0.00008       0.00016      1.000000e-04     1.000000e-04           0.03682      JOUX 
   8.4112604    49.0112461       0.00009       0.00015      1.000000e-04     1.000000e-04           0.03554      KA3L 
   8.4112603    49.0112461       0.00008       0.00013      1.000000e-04     1.000000e-04           0.03155      KA4L 
  10.6268236    47.1462300      -0.00028       0.00038      1.000000e-04     1.005653e-04           0.00635      KRBG 
  10.6268236    47.1462300      -0.00028       0.00038      1.000000e-04     1.000000e-04           0.00717      KRBG 
  10.6268236    47.1462300      -0.00028       0.00038      1.000000e-04     1.000000e-04           0.00904      KRBG 
   2.7275844    43.6809908      -0.00007       0.00004      1.000000e-04     1.002075e-04           0.02127      LACA 
   5.6246490    45.9160770       0.00001       0.00007      1.000000e-04     1.000000e-04           0.05078      LEBE 
   5.3984569    45.1166293      -0.00005      -0.00000      1.000000e-04     1.000000e-04           0.09323      LFAZ 
  14.2830623    48.3097830      -0.00004      -0.00008      1.000000e-04     1.000000e-04           0.02061      LI2Z 
  14.2830623    48.3097831      -0.00003      -0.00007      1.000000e-04     1.000000e-04           0.01795      LI3Z 
 358.7806844    46.1589430       0.00002       0.00020      1.000000e-04     1.000000e-04           0.28963      LROC 
   7.2681933    47.4383509       0.00004       0.00026      1.000000e-04     1.000000e-04           0.01141      LUCE 
   4.0958931    43.6923772       0.00017      -0.00001      1.000000e-04     1.000000e-04           0.04377      LUVI 
   7.0315242    47.9230050       0.00009      -0.00003      1.000000e-04     1.000000e-04           0.03019      MAKS 
  11.8270897    46.0321389      -0.00031       0.00155      1.000000e-04     1.000000e-04           0.01273      MAVE 
  13.4356375    45.9244697      -0.00043       0.00257      1.000000e-04     1.000000e-04          -0.01838      MDEA 
  11.6468162    44.5199581       0.00131       0.00243      1.000000e-04     1.000000e-04           0.06541      MEDI 
   5.7173553    43.9241573      -0.00018       0.00003      1.000000e-04     1.000000e-04           0.06252      MICH 
   2.5873124    48.8410585       0.00046      -0.00039      1.000000e-04     1.070075e-04           0.02080      ML1L 
   2.5873124    48.8410585       0.00046      -0.00039      1.000000e-04     1.019127e-04           0.02269      ML2L 
   2.5873124    48.8410585       0.00047      -0.00041      1.000000e-04     1.039873e-04           0.02193      ML3L 
   6.7100867    45.2137781      -0.00008      -0.00038      1.000000e-04     1.000000e-04          -0.05556      MODA 
   4.8029181    46.1482756       0.00017       0.00003      1.000000e-04     1.016920e-04           0.03760      MOGN 
   4.8029182    46.1482756       0.00016       0.00001      1.000000e-04     1.000000e-04           0.04114      MOGN 
   2.3408724    43.7203398       0.00006       0.00005      1.000000e-04     1.115054e-04           0.01458      MOLA 
   4.0678111    45.7156927      -0.00045      -0.00055      1.000000e-04     1.000000e-04           0.03007      MONT 
   6.7838184    48.6751878       0.00020      -0.00024      1.000000e-04     1.066797e-04           0.00666      MOUS 
  12.9876840    46.2407538      -0.00060       0.00142      1.000000e-04     1.000000e-04          -0.01051      MPRA 
   3.8648417    43.6374386      -0.00002       0.00001      1.000000e-04     1.000000e-04           0.06960      MTPL 
   7.2272625    43.7032649      -0.00005       0.00008      1.000000e-04     1.000000e-04           0.05152      NICA 
   7.2272625    43.7032649      -0.00005       0.00008      1.000000e-04     1.000000e-04           0.04475      NICA 
   7.2999766    43.7254998       0.00006      -0.00003      1.000000e-04     1.000000e-04           0.06359      NICE 
  11.8960633    45.4111544       0.00009       0.00139      1.000000e-04     1.000000e-04           0.01906      PADO 
  11.8960633    45.4111544       0.00009       0.00139      1.000000e-04     1.000000e-04           0.01654      PADO 
   4.8104624    43.3759731      -0.00028       0.00028      1.000000e-04     1.000000e-04           0.06499      PALI 
   4.8104624    43.3759731      -0.00028       0.00028      1.000000e-04     1.000000e-04           0.05642      PALI 
  13.0525523    45.8057230      -0.00012       0.00198      1.000000e-04     1.048573e-04           0.00371      PAZO 
  13.0525523    45.8057230      -0.00012       0.00197      1.000000e-04     1.001039e-04           0.00577      PAZO 
   9.7846655    47.5153293       0.00004       0.00039      1.000000e-04     1.055700e-04          -0.00228      PF12 
   9.7846656    47.5153294       0.00004       0.00039      1.000000e-04     1.093787e-04          -0.00243      PFAN 
   6.2289099    43.3010132      -0.00016       0.00018      1.000000e-04     1.000000e-04           0.03993      PIGN 
 356.5726610    47.7461152      -0.00004       0.00043      1.000000e-04     1.000000e-04           0.04972      PLOE 
   5.4725131    45.2493163      -0.00005       0.00008      1.000000e-04     1.000000e-04           0.03062      POLI 
   3.8788733    45.0436188       0.00019       0.00037      1.000000e-04     1.000000e-04           0.01980      PU1V 
   3.8788733    45.0436187       0.00020       0.00039      1.000000e-04     1.000000e-04           0.02138      PU2V 
   3.3143753    43.6933643       0.00017       0.00006      1.000000e-04     1.000000e-04           0.00074      PUEC 
   6.4789542    44.8576702       0.00003       0.00029      1.000000e-04     1.000000e-04           0.11478      PUYA 
   6.9770648    44.2678215       0.00003      -0.00017      1.000000e-04     1.000000e-04          -0.00045      RABU 
   6.6282299    45.6914899      -0.00044      -0.00009      1.000000e-04     1.000000e-04          -0.03761      ROSD 
   5.4836986    43.9409571      -0.00028       0.00009      1.000000e-04     1.000000e-04           0.09874      RSTL 
   4.4669187    44.2554513      -0.00007       0.00004      1.000000e-04     1.000000e-04           0.10040      SAUV 
  13.1104313    47.8034215      -0.00032       0.00092      1.000000e-04     1.000000e-04           0.00657      SB12 
  13.1104313    47.8034214      -0.00032       0.00092      1.000000e-04     1.004569e-04           0.00574      SBGZ 
   5.4164950    46.2247145      -0.00004      -0.00027      1.000000e-04     1.140252e-04           0.02186      SIMA 
   4.6765767    45.8790852      -0.00001       0.00010      1.000000e-04     1.000000e-04           0.07553      SJ2V 
   3.2682596    43.9198043       0.00001       0.00014      1.000000e-04     1.150219e-04           0.09856      SLVT 
   7.0541003    43.6114285       0.00000       0.00016      1.000000e-04     1.000000e-04           0.03254      SOPH 
  16.5830568    47.6836476       0.00063      -0.00011      1.000000e-04     1.089141e-04           0.01838      SP1N 
  16.5830568    47.6836477       0.00063      -0.00012      1.000000e-04     1.049200e-04           0.01952      SP2N 
   5.7617809    45.2352196      -0.00042       0.00006      1.000000e-04     1.000000e-04           0.10526      STEY 
   4.5738468    44.1853354       0.00014      -0.00010      1.000000e-04     1.000000e-04           0.04957      STGR 
   7.6838191    48.6216626       0.00000       0.00012      1.000000e-04     1.000000e-04           0.04414      STJ9 
   4.4216344    43.4491472      -0.00031      -0.00005      1.000000e-04     1.203695e-04           0.07373      STMR 
   5.9021552    45.6776851      -0.00018      -0.00022      1.000000e-04     1.000000e-04           0.02161      TRES 
  13.7635214    45.7097578      -0.00049       0.00247      1.000000e-04     1.000000e-04           0.01691      TRIE 
   5.0751405    46.7255888       0.00027      -0.00021      1.000000e-04     1.098731e-04           0.01523      TROC 
   6.6010118    43.2194846      -0.00021       0.00019      1.000000e-04     1.000000e-04           0.06084      TROP 
  13.2530207    46.0374798      -0.00061       0.00198      1.000000e-04     1.000000e-04           0.02194      UDI1 
  12.3540792    45.4305709      -0.00001       0.00111      1.000000e-04     1.000000e-04           0.02390      VE11 
  10.8315721    46.8665916      -0.00006       0.00061      1.000000e-04     1.078990e-04           0.05993      VERN 
   1.7196751    47.2941957       0.00016      -0.00006      1.000000e-04     1.145875e-04           0.02511      VF2H 
   1.7196752    47.2941957       0.00016      -0.00006      1.000000e-04     1.161557e-04           0.02471      VF3H 
  13.8504550    46.6070306       0.00016       0.00091      1.000000e-04     1.000000e-04           0.00552      VLCH 
  13.8504550    46.6070307       0.00016       0.00090      1.000000e-04     1.000000e-04           0.00904      VLCH 
  12.8075351    47.6511983       0.00003       0.00052      1.000000e-04     1.000000e-04           0.07535      WART 
  14.0207379    48.1583438       0.00014       0.00017      1.000000e-04     1.000000e-04           0.00976      WELS 
  14.0207379    48.1583438       0.00013       0.00017      1.000000e-04     1.000000e-04           0.01239      WELS 
   7.3512992    48.4151715      -0.00002      -0.00026      1.000000e-04     1.000000e-04          -0.07777      WLBH 
  12.8764985    49.1451204       0.00005       0.00011      1.000000e-04     1.165530e-04           0.01222      WT21 
  12.8789111    49.1441992      -0.00003       0.00015      1.000000e-04     1.000000e-04           0.02590      WTZR 
  12.8789112    49.1441992      -0.00003       0.00016      1.000000e-04     1.000000e-04           0.02563      WTZR 
   7.4650320    46.8770945      -0.00010       0.00035      1.000000e-04     1.000000e-04           0.07249      ZI22 
   7.4650319    46.8770945      -0.00009       0.00033      1.000000e-04     1.000000e-04           0.05098      ZI32 
   7.4652781    46.8770983      -0.00013       0.00038      1.000000e-04     1.000000e-04           0.09910      ZIMM 
  12.9735532    46.5572211       0.00010       0.00089      1.000000e-04     1.000000e-04           0.04402      ZO1F 
