Long, [deg]     Lat, [deg]   velE,[mm/yr]  velN,[mm/yr]    SITE
13.514899        46.547935     0.000972      0.002430      ACOM 
12.174515        46.527143    -0.000083      0.002291      AFAL 
3.466426         43.296382     0.000287      0.001215      AGDE 
7.139619         45.467941     0.000667      0.001285      AGNE 
3.581259         44.121398     0.000569      0.001533      AIGL 
8.762614         41.927458    -0.000158      0.001696      AJAC 
3.711753         45.198776     0.000088      0.000384      ALLE 
6.083461         45.086614     0.000251      0.001454      ALPE 
4.665692         45.241380     0.000933      0.001545      ANNO 
2.766036         43.241931     0.000329      0.001005      ARMI 
7.196707         48.216850     0.001151      0.001073      AUBU 
3.283645         44.721793     0.000366      0.001595      AUMO 
4.288974         46.953841     0.000765      0.000641      AUTN 
4.606176         46.194827     0.001061      0.001886      AVEN 
5.333196         43.491215     0.001055      0.000853      AXPV 
4.156317         44.369202     0.000602      0.001449      BANN 
7.479630         47.633066     0.000254      0.002043      BART 
3.966963         43.876901     0.000547      0.001268      BAUB 
7.658247         48.708785    -0.000377      0.001382      BIWI 
6.366690         43.873538     0.000186      0.001265      BLIX 
11.356773        44.500217     0.001626      0.005105      BOLG 
11.034280        45.599782     0.000644      0.002405      BOSC 
10.550999        47.548715     0.000943      0.001824      BREI 
355.503405       48.380494     0.000867      0.001458      BRST 
5.989385         47.246881     0.000896      0.002469      BSCN 
5.353595         48.486153     0.000355      0.001793      BUAN 
5.272561         44.277895     0.000068      0.000609      BUIS 
5.910594         44.632839     0.000046     -0.000451      BURE 
11.336796        46.499024     0.000306      0.002603      BZRG 
13.123998        43.111986     0.002287      0.004576      CAME 
12.435020        46.008294     0.000873      0.002179      CANV 
3.508966         43.286361    -0.000144      0.001426      CAPA 
8.680203         46.042341     0.000296      0.001543      CARZ 
1.086051         43.206850     0.000126      0.001918      CAZE 
5.881077         45.110715     0.000333      0.001189      CHAM 
5.152128         45.733373     0.000690      0.001016      CHAR 
359.592300       46.133463     0.000493      0.001538      CHIZ 
6.872999         45.926155    -0.001161      0.000785      CHMX 
4.861771         43.881369     0.000592      0.001526      CHRN 
6.358556         45.304137     0.000020      0.001478      CHTL 
6.927051         44.248448     0.002566      0.002877      CLAP 
3.111075         45.760963     0.000950      0.001463      CLFD 
12.979095        45.958531     0.000481      0.003583      CODR 
9.095622         45.802163     0.001063      0.000683      COMO 
2.855117         44.199659     0.000143      0.000966      CURA 
8.260999         46.313560     0.000436      0.001538      DEVE 
6.699671         49.371565     0.000380      0.000672      DILL 
13.729693        51.029826     0.000598      0.000892      DRES 
2.051995         45.403353     0.000221      0.001595      EGLT 
12.384902        46.716208     0.001279      0.003109      ELMO 
7.639902         48.549360     0.000763      0.001442      ENTZ 
7.762493         48.579843     0.000718      0.001090      EOST 
7.364209         48.873027     0.000431      0.001214      ERCK 
11.004573        49.586493     0.001154      0.001718      ERLA 
4.797905         45.307105     0.000820      0.001429      ESAB 
5.350887         48.124433    -0.000103      0.001501      ESNO 
11.314963        47.606792     0.000931      0.001772      FAHR 
5.985683         45.643002     0.000810      0.001348      FCLZ 
11.723796        46.303948     0.000595      0.001889      FDOS 
2.029589         43.157151     0.000366      0.001481      FENO 
7.028308         45.866720     0.000534      0.002170      FERH 
7.028308         45.866720     0.006043     -0.009342      FERR 
8.664967         50.090578     0.000748      0.001201      FFMJ 
2.794899         43.048162     0.000176      0.001452      FJCP 
6.745610         47.659695    -0.000321      0.002145      FRAC 
13.001145        46.414153     0.000622      0.002416      FUSE 
12.249435        44.676902     0.001206      0.002010      GARI 
8.921143         44.419388     0.000950      0.001345      GENO 
5.786980         43.675723     0.000525      0.001341      GINA 
13.800632        47.920673     0.000942      0.001480      GMND 
9.950559         51.500215    -0.000015      0.001860      GOET 
6.920573         43.754738     0.000821      0.001717      GRAS 
15.493480        47.067130     0.001219      0.002328      GRAZ 
356.492018       47.648008    -0.001566      0.000832      GROI 
14.543715        46.048134     0.000747      0.003410      GSR1 
6.661867         44.662244     0.000497      0.001578      GUIL 
358.222039       49.580662     0.000502      0.001411      HEAU 
12.384902        46.716208     0.000468     -0.000761      HELM 
11.386092        47.312905     0.000999      0.001894      HFL2 
11.386092        47.312905     0.000693      0.002032      HFLK 
10.072597        47.492583     0.000619      0.001672      HGRA 
13.771320        47.377256     0.000666      0.003194      HKBL 
11.875891        50.312903     0.001471      0.001145      HOFJ 
12.249270        47.747464     0.000655      0.002131      HRIE 
7.596166         47.833948     0.000635      0.001693      HUEG 
7.639405         45.015133     0.001031      0.001043      IENG 
11.213799        43.795649     0.000616      0.004212      IGMI 
6.710034         44.910363     0.001078      0.000887      JANU 
13.416060        46.183960     0.000389      0.003065      JOAN 
5.795659         46.528574     0.000616      0.001611      JOUX 
6.283030         46.217676     0.000329      0.001368      JUVI 
8.411259         49.011246     0.000714      0.001556      KARL 
13.009350        46.674242     0.001340      0.002400      KOE2 
13.009350        46.674242     0.001586      0.001529      KOET 
10.626822        47.146229     0.000677      0.002335      KRBG 
12.359458        47.418242     0.000122      0.000606      KTZ2 
12.359458        47.418242     0.000515     -0.000137      KTZB 
12.359458        47.418242     0.000515     -0.000137      KTZB 
2.727583         43.680990     0.000593      0.001499      LACA 
6.345514         44.177297    -0.000058      0.001965      LAJA 
5.624647         45.916076     0.000692      0.001504      LEBE 
5.398455         45.116629     0.000607      0.001368      LFAZ 
14.283061        48.309782     0.000928      0.001572      LINZ 
358.780683       46.158942     0.000399      0.001562      LROC 
7.268192         47.438350     0.000518      0.001922      LUCE 
4.095892         43.692377     0.000578      0.001328      LUVI 
7.031523         47.923004     0.000786      0.001259      MAKS 
0.155285         48.018617     0.000537      0.001890      MANS 
5.353787         43.278770     0.000031      0.001462      MARS 
11.827088        46.032138     0.000585      0.002952      MAVE 
12.049081        45.782945     0.004729      0.001812      MBEL 
13.435636        45.924469     0.000443      0.004019      MDEA 
4.808958         45.799020     0.000623      0.001475      MDOR 
11.646815        44.519957     0.002170      0.003613      MEDI 
5.717354         43.924157     0.000461      0.001339      MICH 
11.294665        46.685115     0.000727      0.002523      MITT 
2.587311         48.841058     0.000762      0.001469      MLVL 
11.143440        46.098119     0.000264      0.001882      MOCA 
6.710085         45.213778     0.000532      0.001126      MODA 
4.802917         46.148275     0.001258      0.001553      MOGN 
2.340871         43.720339     0.000401      0.000358      MOLA 
5.841100         48.612319     0.001037      0.001847      MOLV 
4.067810         45.715692     0.000015      0.000938      MONT 
10.949194        44.629353     0.001244      0.006165      MOPS 
6.783817         48.675187     0.000969      0.001216      MOUS 
12.987682        46.240753     0.000270      0.002809      MPRA 
3.864840         43.637438     0.000607      0.001353      MTPL 
7.227261         43.703264     0.000929      0.001747      NICA 
7.299975         43.725499     0.000753      0.001286      NICE 
12.588417        45.668435     0.001608      0.002522      NOVE 
7.765301         45.041548     0.000597      0.000758      OATO 
11.279870        48.086170     0.000094      0.001712      OBE2 
11.277855        48.084804    -0.000523      0.001065      OBE4 
6.539668         44.787801     0.001364      0.001808      OGAG 
11.896062        45.411154     0.000868      0.002686      PADO 
4.810461         43.375972     0.000289      0.001611      PALI 
2.823472         43.431371     0.000728      0.001610      PARD 
8.081126         44.445991     0.000995      0.001250      PARO 
11.460184        47.208003    -0.000474      0.003532      PAT2 
11.460184        47.208003    -0.000015      0.003034      PATK 
13.052551        45.805722     0.001106      0.003220      PAZO 
9.784664         47.515329     0.001815      0.002489      PFA2 
9.784664         47.515329     0.001158      0.001754      PFAN 
6.228908         43.301013     0.000267      0.001533      PIGN 
356.572660       47.746115     0.000130      0.001581      PLOE 
8.159416         44.109545     0.001291      0.001612      POGG 
5.472512         45.249316     0.000455      0.001466      POLI 
10.108813        45.886006     0.001195      0.001201      PORA 
13.595045        45.226016    -0.000446      0.004364      PORE 
13.066091        52.379298     0.000365      0.002217      POTS 
6.206093         42.983284     0.001306      0.001504      PQRL 
11.099127        43.885563     0.001234      0.005959      PRAT 
3.314374         43.693364     0.000665      0.001523      PUEC 
6.478953         44.857670     0.001011      0.001365      PUYA 
3.878872         45.043618     0.000887      0.001339      PUYV 
6.977063         44.267821     0.000913      0.001161      RABU 
13.486383        48.203417     0.001570      0.001636      RIED 
7.378009         47.733284     0.000655      0.001721      RIXH 
13.995357        48.569836     0.001020      0.001196      ROHR 
6.628228         45.691489     0.000287      0.001307      ROSD 
11.042101        45.893505     0.000365      0.002701      ROVE 
5.483697         43.940957     0.000408      0.001399      RSTL 
4.905807         45.713776     0.000776      0.001433      SAPI 
4.466917         44.255451     0.000544      0.001369      SAUV 
13.110430        47.803421     0.000853      0.001305      SBG2 
13.110430        47.803421     0.002218      0.001678      SBGZ 
3.699116         43.397649     0.001468      0.000424      SETE 
5.416493         46.224714     0.000505      0.001203      SIMA 
4.676575         45.879085     0.000565      0.001521      SJDV 
3.268258         43.919804     0.000592      0.001642      SLVT 
9.850253         46.170034     0.000967      0.001067      SOND 
7.054099         43.611428     0.000689      0.001336      SOPH 
2.434971         42.727549     0.000608      0.000745      SOUR 
16.583055        47.683647     0.000345      0.002271      SPRN 
5.761779         45.235219     0.000247      0.001474      STEY 
4.573845         44.185335     0.000506      0.001222      STGR 
7.683817         48.621662     0.000655      0.001464      STJ9 
4.421633         43.449147     0.000288      0.001273      STMR 
12.208518        45.857011     0.000581      0.002606      SUSE 
4.287464         45.124570     0.000911      0.001868      TENC 
1.480890         43.560695     0.000569      0.001815      TLSE 
7.661281         45.063368     0.001488      0.001520      TORI 
5.902154         45.677684     0.000354      0.001280      TRES 
15.858910        47.927964     0.000821      0.001610      TRF2 
15.858910        47.927964     0.000904      0.001451      TRFB 
13.763520        45.709757     0.000341      0.003849      TRIE 
5.075139         46.725588     0.000685      0.001384      TROC 
6.601010         43.219484     0.000538      0.001517      TROP 
13.253019        46.037479     0.000175      0.003332      UDI1 
13.253019        46.037160    -0.001955      0.003370      UDIN 
12.355703        43.119391    -0.000016      0.003056      UNPG 
6.723683         43.797465     0.000500      0.000863      VALD 
12.565343        46.457089     0.002043      0.001611      VARM 
5.826555         47.659570     0.000400      0.001745      VAUC 
12.354078        45.430570     0.000225      0.002331      VEN1 
12.331984        45.436982    -0.000040      0.002652      VENE 
1.719674         47.294195     0.001260      0.001488      VFCH 
6.291576         49.203945     0.000717      0.002481      VIGY 
13.850453        46.607030     0.000748      0.003495      VLCH 
14.626065        46.661410     0.001681      0.001523      VLKM 
12.807533        47.651198     0.000807      0.001861      WART 
14.020736        48.158343     0.001133      0.001595      WELS 
16.373082        48.218857     0.000029      0.002027      WIEN 
7.351298         48.415171     0.000562      0.001009      WLBH 
12.876497        49.145120     0.000551      0.001485      WT21 
12.878909        49.144199     0.000988      0.001593      WTZR 
15.227589        44.113176     0.000103      0.004620      ZADA 
7.465030         46.877094     0.000468      0.001561      ZIM2 
7.465276         46.877098     0.000553      0.001825      ZIMM 
12.973552        46.557220     0.000969      0.002274      ZOUF 
