3.466426          43.296382      0.00000     -0.00012      AGDE 
7.139619          45.467941      0.00000     -0.00003      AGNE 
3.581259          44.121398      0.00000     -0.00035      AIGL 
3.711753          45.198776      0.00000     -0.00245      ALLE 
4.665692          45.241380      0.00000     -0.00083      ANNO 
2.766036          43.241931      0.00000     -0.00001      ARMI 
7.196707          48.216850      0.00000     -0.00016      AUBU 
3.283645          44.721793      0.00000     -0.00023      AUMO 
4.288974          46.953841      0.00000     -0.00196      AUTN 
4.606176          46.194827      0.00000     -0.00119      AVEN 
5.333196          43.491215      0.00000     -0.00103      AXPV 
4.156317          44.369202      0.00000     -0.00040      BANN 
11.356773         44.500217      0.00000     -0.00741      BOLG 
355.503405        48.380494      0.00000     -0.00250      BRST 
5.989385          47.246881      0.00000     -0.00039      BSCN 
5.353595          48.486153      0.00000     -0.00012      BUAN 
13.123998         43.111986      0.00000     -0.00006      CAME 
1.086051          43.206850      0.00000     -0.00027      CAZE 
5.152128          45.733373      0.00000     -0.00019      CHAR 
359.592300        46.133463      0.00000     -0.00037      CHIZ 
4.861771          43.881369      0.00000     -0.00089      CHRN 
6.927051          44.248448      0.00000     -0.00140      CLAP 
9.095622          45.802163      0.00000     -0.00079      COMO 
13.729693         51.029826      0.00000     -0.00112      DRES 
2.051995          45.403353      0.00000     -0.00039      EGLT 
12.384902         46.716208      0.00000     -0.00282      ELMO 
7.639902          48.549360      0.00000     -0.00170      ENTZ 
11.004573         49.586493      0.00000     -0.00014      ERLA 
4.797905          45.307105      0.00000     -0.00165      ESAB 
11.314963         47.606792      0.00000     -0.00001      FAHR 
8.664967          50.090578      0.00000     -0.00121      FFMJ 
6.745610          47.659695      0.00000     -0.00076      FRAC 
12.249435         44.676902      0.00000     -0.00310      GARI 
8.921143          44.419388      0.00000     -0.00042      GENO 
5.786980          43.675723      0.00000     -0.00098      GINA 
9.950559          51.500215      0.00000     -0.00048      GOET 
6.920573          43.754738      0.00000     -0.00056      GRAS 
15.493480         47.067130      0.00000     -0.00088      GRAZ 
356.492018        47.648008      0.00000     -0.00110      GROI 
358.222039        49.580662      0.00000     -0.00070      HEAU 
13.771320         47.377256      0.00000     -0.00089      HKBL 
11.875891         50.312903      0.00000     -0.00170      HOFJ 
12.249270         47.747464      0.00000     -0.00033      HRIE 
7.596166          47.833948      0.00000     -0.00087      HUEG 
7.639405          45.015133      0.00000     -0.00038      IENG 
8.411259          49.011246      0.00000     -0.00060      KARL 
12.359458         47.418242      0.00000     -0.00311      KTZ2 
12.359458         47.418242      0.00000     -0.00836      KTZB 
12.359458         47.418242      0.00000     -0.00836      KTZB 
2.727583          43.680990      0.00000     -0.00024      LACA 
358.780683        46.158942      0.00000     -0.00071      LROC 
4.095892          43.692377      0.00000     -0.00027      LUVI 
7.031523          47.923004      0.00000     -0.00021      MAKS 
5.353787          43.278770      0.00000     -0.00141      MARS 
4.808958          45.799020      0.00000     -0.00022      MDOR 
11.646815         44.519957      0.00000     -0.00140      MEDI 
5.717354          43.924157      0.00000     -0.00038      MICH 
2.587311          48.841058      0.00000     -0.00204      MLVL 
11.143440         46.098119      0.00000     -0.00005      MOCA 
4.802917          46.148275      0.00000     -0.00249      MOGN 
4.067810          45.715692      0.00000     -0.00057      MONT 
10.949194         44.629353      0.00000     -0.00466      MOPS 
6.783817          48.675187      0.00000     -0.00034      MOUS 
3.864840          43.637438      0.00000     -0.00070      MTPL 
7.227261          43.703264      0.00000     -0.00038      NICA 
7.299975          43.725499      0.00000     -0.00045      NICE 
12.588417         45.668435      0.00000     -0.00283      NOVE 
7.765301          45.041548      0.00000     -0.00094      OATO 
11.896062         45.411154      0.00000     -0.00105      PADO 
4.810461          43.375972      0.00000     -0.00119      PALI 
8.081126          44.445991      0.00000     -0.00059      PARO 
11.460184         47.208003      0.00000     -0.00364      PAT2 
11.460184         47.208003      0.00000     -0.00092      PATK 
6.228908          43.301013      0.00000     -0.00035      PIGN 
356.572660        47.746115      0.00000     -0.00141      PLOE 
8.159416          44.109545      0.00000     -0.00079      POGG 
5.472512          45.249316      0.00000     -0.00055      POLI 
6.206093          42.983284      0.00000     -0.00007      PQRL 
11.099127         43.885563      0.00000     -0.00319      PRAT 
3.314374          43.693364      0.00000     -0.00003      PUEC 
3.878872          45.043618      0.00000     -0.00501      PUYV 
5.483697          43.940957      0.00000     -0.00041      RSTL 
4.905807          45.713776      0.00000     -0.00080      SAPI 
4.466917          44.255451      0.00000     -0.00044      SAUV 
3.699116          43.397649      0.00000     -0.00009      SETE 
5.416493          46.224714      0.00000     -0.00043      SIMA 
4.676575          45.879085      0.00000     -0.00082      SJDV 
7.054099          43.611428      0.00000     -0.00040      SOPH 
2.434971          42.727549      0.00000     -0.00032      SOUR 
4.573845          44.185335      0.00000     -0.00049      STGR 
7.683817          48.621662      0.00000     -0.00064      STJ9 
4.421633          43.449147      0.00000     -0.00211      STMR 
4.287464          45.124570      0.00000     -0.00073      TENC 
1.480890          43.560695      0.00000     -0.00016      TLSE 
15.858910         47.927964      0.00000     -0.00099      TRF2 
15.858910         47.927964      0.00000     -0.00040      TRFB 
5.075139          46.725588      0.00000     -0.00067      TROC 
6.601010          43.219484      0.00000     -0.00119      TROP 
5.826555          47.659570      0.00000     -0.00162      VAUC 
12.354078         45.430570      0.00000     -0.00104      VEN1 
12.331984         45.436982      0.00000     -0.00167      VENE 
1.719674          47.294195      0.00000     -0.00156      VFCH 
6.291576          49.203945      0.00000     -0.00056      VIGY 
16.373082         48.218857      0.00000     -0.00051      WIEN 
7.351298          48.415171      0.00000     -0.00329      WLBH 
12.878909         49.144199      0.00000     -0.00082      WTZR 
