# Velocity Field, 
#  Long [deg],   Lat [deg],     Vel E [m/yr],  Vel N [m/yr], Sigma Ve [m/yr], Sigma Vn [m/yr],      CorrVen,     Site 
  13.5149004    46.5479352       0.00016       0.00109      7.166658e-05     5.370546e-05           0.00189      ACOM 
  12.1745170    46.5271440      -0.00076       0.00079      8.479030e-05     5.987935e-05           0.05126      AFAL 
   3.4664272    43.2963831      -0.00020      -0.00019      1.325880e-04     1.031563e-04           0.08261      AGDE 
   7.1396203    45.4679418       0.00001      -0.00022      2.512813e-04     1.762946e-04          -0.02055      AGNE 
   3.5812609    44.1213985      -0.00012       0.00006      2.148767e-04     1.690735e-04           0.05670      AIGL 
   3.5812609    44.1213985      -0.00011       0.00006      2.123915e-04     1.665101e-04           0.05904      AIGL 
   3.5812609    44.1213985      -0.00011       0.00006      2.165681e-04     1.706855e-04           0.05649      AIGL 
   8.7626159    41.9274581      -0.00011      -0.00016      2.203127e-04     1.622478e-04           0.01499      AJ1C 
   8.7626158    41.9274582      -0.00011      -0.00017      2.201114e-04     1.618048e-04           0.01532      AJ2C 
   8.7626159    41.9274582      -0.00011      -0.00017      2.207482e-04     1.624461e-04           0.01522      AJ3C 
   3.7117547    45.1987762      -0.00012       0.00026      9.376715e-04     6.675643e-04          -0.04514      ALLE 
   6.0834629    45.0866148      -0.00033       0.00007      1.128408e-04     8.721885e-05           0.09725      ALPE 
   4.6656940    45.2413805       0.00032       0.00008      1.340438e-04     9.816571e-05           0.02946      ANNO 
   2.7660378    43.2419319      -0.00003      -0.00029      1.408288e-04     1.022589e-04           0.03154      ARMI 
   4.2889755    46.9538414       0.00010      -0.00010      1.863416e-04     1.438978e-04           0.02534      AU1N 
   4.2889755    46.9538414       0.00009      -0.00010      1.842398e-04     1.411436e-04           0.02638      AU2N 
   4.2889755    46.9538414       0.00009      -0.00010      1.867262e-04     1.437351e-04           0.02567      AU3N 
   7.1967089    48.2168508       0.00040      -0.00017      2.115547e-04     1.621563e-04          -0.03896      AUBU 
   3.2836469    44.7217941       0.00001       0.00019      1.654414e-04     1.200961e-04           0.01939      AUMO 
   4.6061776    46.1948277       0.00053       0.00031      1.331143e-04     9.839284e-05           0.04658      AVEN 
   5.3331971    43.4912152      -0.00008       0.00021      1.471025e-04     1.075212e-04           0.03538      AXPV 
   5.3331971    43.4912151      -0.00009       0.00020      1.511863e-04     1.116777e-04           0.03297      AXPV 
   5.3331972    43.4912151      -0.00008       0.00022      1.446884e-04     1.048286e-04           0.03834      AXPV 
   4.1563190    44.3692026      -0.00004       0.00013      1.460437e-04     1.142057e-04           0.03732      BANN 
   4.1563190    44.3692026      -0.00004       0.00013      1.398286e-04     1.078638e-04           0.04131      BANN 
   4.1563190    44.3692026      -0.00004       0.00013      1.454687e-04     1.136300e-04           0.03815      BANN 
   4.1563190    44.3692026      -0.00004       0.00013      1.514132e-04     1.196322e-04           0.03483      BANN 
   7.4796319    47.6330665      -0.00000       0.00026      3.683862e-04     2.740672e-04           0.02239      BART 
   3.9669648    43.8769014       0.00001      -0.00004      2.269406e-04     1.733209e-04           0.07207      BAUB 
   7.6582457    48.7087913      -0.00074      -0.00033      2.951653e-04     2.279687e-04           0.00777      BI2I 
   7.6582484    48.7087858      -0.00074      -0.00033      2.943428e-04     2.268235e-04           0.00799      BIWI 
   6.3666920    43.8735390      -0.00009       0.00001      1.742506e-04     1.381189e-04           0.10424      BLIX 
  11.0342814    45.5997830      -0.00032       0.00104      2.914387e-04     2.279663e-04           0.01528      BOSC 
  11.0342814    45.5997830      -0.00032       0.00104      2.897796e-04     2.261611e-04           0.01560      BOSC 
  10.5510003    47.5487161       0.00011       0.00043      8.335726e-05     6.301584e-05           0.03201      BREI 
 355.5034065    48.3804944       0.00019       0.00062      2.030418e-04     1.454020e-04           0.02358      BRST 
 355.5034066    48.3804943       0.00018       0.00062      2.000686e-04     1.415522e-04           0.02466      BRST 
   5.9893868    47.2468820       0.00019      -0.00012      2.097322e-04     1.578584e-04           0.00833      BS1N 
   5.9893868    47.2468821       0.00019      -0.00012      2.072176e-04     1.547221e-04           0.00909      BS2N 
   5.9893869    47.2468821       0.00019      -0.00012      2.084555e-04     1.560136e-04           0.00928      BS3N 
   5.3535964    48.4861540      -0.00031       0.00015      1.313186e-04     1.055558e-04           0.01510      BUAN 
   5.2725628    44.2778954      -0.00020      -0.00019      1.518785e-04     1.102866e-04           0.01553      BUIS 
   5.9105951    44.6328399      -0.00039       0.00051      7.877772e-04     6.452554e-04           0.00433      BURE 
  11.3367981    46.4990246      -0.00021       0.00050      1.894986e-04     1.428100e-04          -0.04543      BZ4G 
  11.3367981    46.4990245      -0.00021       0.00050      1.936959e-04     1.475709e-04          -0.04305      BZ4G 
  11.3367980    46.4990246      -0.00021       0.00050      1.855491e-04     1.381985e-04          -0.04783      BZ5G 
  11.3367981    46.4990246      -0.00020       0.00049      1.851055e-04     1.374561e-04          -0.04807      BZ6G 
  13.1239995    43.1119865       0.00114       0.00333      2.833207e-04     2.229626e-04           0.01748      CAME 
  12.4350216    46.0082949      -0.00013       0.00101      8.216867e-05     6.059129e-05          -0.03004      CANV 
   3.5089674    43.2863619      -0.00033       0.00028      4.196351e-04     2.991765e-04           0.02658      CAPA 
   8.6802049    46.0423416      -0.00035       0.00011      1.454873e-04     1.140905e-04           0.04627      CARZ 
   1.0860528    43.2068502      -0.00049       0.00043      2.867089e-04     2.017719e-04           0.02338      CAZE 
 359.5923014    46.1334636       0.00006       0.00017      8.368102e-05     5.733671e-05           0.08292      CH1Z 
   5.8810790    45.1107151      -0.00038      -0.00024      1.071880e-04     8.115600e-05           0.06535      CHAM 
   5.1521292    45.7333733       0.00003      -0.00033      2.734718e-04     2.202085e-04           0.01569      CHAR 
   4.8617726    43.8813695      -0.00007       0.00015      1.065075e-04     8.057839e-05           0.07977      CHRN 
   6.3585580    45.3041378      -0.00060       0.00017      1.046957e-04     6.757805e-05           0.20300      CHTL 
   3.1110763    45.7609636       0.00021      -0.00006      1.267550e-04     9.866450e-05           0.05148      CLFD 
   9.0956236    45.8021640      -0.00035       0.00034      9.039599e-05     6.545961e-05           0.08929      CO2O 
  12.9790963    45.9585320      -0.00038       0.00219      9.147394e-05     6.744403e-05           0.00552      CODR 
   2.8551187    44.1996596      -0.00001      -0.00021      3.849903e-04     2.769999e-04           0.01773      CURA 
   8.2610005    46.3135602      -0.00013       0.00002      2.200830e-04     1.371691e-04          -0.11753      DEVE 
   6.6996722    49.3715652      -0.00008      -0.00023      1.200420e-04     9.216605e-05           0.01170      DILL 
   6.6996722    49.3715651      -0.00007      -0.00022      1.239183e-04     9.670204e-05           0.01119      DILL 
  13.7296944    51.0298270      -0.00023      -0.00035      1.369708e-04     1.094314e-04           0.03450      DR2S 
  13.7296944    51.0298270      -0.00023      -0.00035      1.321688e-04     1.031435e-04           0.03816      DR3S 
  13.7296944    51.0298270      -0.00024      -0.00036      1.287874e-04     9.852230e-05           0.04182      DR4S 
   2.0519965    45.4033539       0.00016      -0.00023      1.654148e-04     1.234910e-04           0.00788      EG1T 
   2.0519964    45.4033539       0.00016      -0.00023      1.617667e-04     1.192237e-04           0.00840      EG2T 
   2.0519965    45.4033539       0.00016      -0.00024      1.632653e-04     1.207064e-04           0.00824      EG3T 
   7.6399038    48.5493608      -0.00019       0.00011      1.272385e-04     1.009044e-04           0.01359      EN1Z 
   7.6399038    48.5493608      -0.00020       0.00011      1.249087e-04     9.774056e-05           0.01454      EN2Z 
   7.6399038    48.5493608      -0.00019       0.00011      1.298943e-04     1.034034e-04           0.01301      EN3Z 
   7.7624948    48.5798433      -0.00004      -0.00019      9.054714e-05     7.106732e-05           0.03862      EOST 
   7.3642111    48.8730278      -0.00024      -0.00010      1.313323e-04     1.102251e-04           0.05692      ERCK 
  11.0045746    49.5864936       0.00007      -0.00021      1.560806e-04     1.256290e-04           0.00468      ERLA 
  11.0045746    49.5864936       0.00007      -0.00021      1.518782e-04     1.205422e-04           0.00504      ERLA 
  11.0045746    49.5864936       0.00007      -0.00022      1.511647e-04     1.194315e-04           0.00599      ERLA 
  11.0045746    49.5864936       0.00008      -0.00024      1.505496e-04     1.183440e-04           0.00690      ERLA 
   4.7979068    45.3071052       0.00022       0.00006      9.520231e-05     7.117224e-05           0.06800      ESAB 
   5.3508882    48.1244335      -0.00001      -0.00012      3.665865e-04     2.742492e-04           0.01929      ESNO 
  11.3149642    47.6067929       0.00010       0.00034      8.498112e-05     6.459160e-05           0.03396      FAHR 
   5.9856849    45.6430025       0.00011       0.00000      1.719372e-04     1.222248e-04          -0.02148      FCLZ 
  11.7237974    46.3039483      -0.00019       0.00051      1.298724e-04     1.026530e-04           0.01221      FDOS 
   2.0295900    43.1571519       0.00018       0.00009      4.034594e-04     2.833784e-04           0.01218      FENO 
   7.0283097    45.8667201       0.00034       0.00081      1.268162e-03     9.606632e-04          -0.18843      FERH 
   8.6649682    50.0905788      -0.00041      -0.00019      1.474413e-04     1.190440e-04           0.02027      FFMJ 
   8.6649682    50.0905788      -0.00041      -0.00019      1.425878e-04     1.130743e-04           0.02211      FFMJ 
   8.6649682    50.0905788      -0.00042      -0.00020      1.391755e-04     1.087436e-04           0.02438      FFMJ 
   8.6649682    50.0905788      -0.00044      -0.00020      1.374966e-04     1.063912e-04           0.02643      FFMJ 
   2.7949003    43.0481629      -0.00059       0.00020      1.083574e-04     7.933858e-05           0.02051      FJCP 
   6.7456111    47.6596952      -0.00048       0.00016      2.117206e-04     1.595958e-04           0.01644      FRAC 
   6.7456110    47.6596952      -0.00048       0.00017      2.145789e-04     1.629097e-04           0.01594      FRAC 
  13.0011467    46.4141535      -0.00018       0.00095      1.063073e-04     7.250499e-05          -0.00374      FUSE 
  12.2494364    44.6769027       0.00007       0.00162      2.195895e-04     1.576364e-04           0.01384      GA1I 
  12.2494364    44.6769027       0.00007       0.00162      2.160766e-04     1.536771e-04           0.01441      GA2I 
   8.9211444    44.4193884       0.00018       0.00011      8.402209e-05     6.034608e-05           0.03130      GE1O 
   5.7869818    43.6757239      -0.00022       0.00013      2.844418e-04     2.255680e-04          -0.05008      GINA 
   9.9505607    51.5002152      -0.00008       0.00022      1.477987e-04     1.187331e-04           0.02114      GOET 
   9.9505607    51.5002153      -0.00008       0.00022      1.471514e-04     1.176431e-04           0.02230      GOET 
   6.9205745    43.7547386      -0.00001       0.00014      6.294347e-05     4.098700e-05           0.18336      GRAS 
  15.4934817    47.0671307       0.00051       0.00048      9.783530e-05     5.226419e-05           0.01699      GRAZ 
  15.4934817    47.0671307       0.00050       0.00050      9.276920e-05     4.812658e-05           0.01988      GRAZ 
 356.4920195    47.6480085      -0.00056      -0.00032      1.140652e-04     8.696448e-05           0.05353      GROI 
  14.5437170    46.0481344      -0.00026       0.00202      1.211975e-04     9.109897e-05           0.03101      GS31 
  14.5437170    46.0481344      -0.00026       0.00202      1.158235e-04     8.467111e-05           0.03542      GS41 
   6.6618686    44.6622451       0.00002      -0.00003      1.711107e-04     1.287635e-04           0.05425      GUIL 
 358.2220406    49.5806623       0.00006      -0.00006      1.135146e-04     8.803737e-05           0.02013      HEAU 
  12.3849033    46.7162083      -0.00100      -0.00057      4.394650e-04     3.269280e-04           0.01161      HELM 
  11.3860936    47.3129057      -0.00009       0.00071      1.898038e-04     1.542039e-04          -0.00079      HFL2 
  11.3860935    47.3129057      -0.00009       0.00072      1.886337e-04     1.531446e-04          -0.00098      HFLK 
  10.0725985    47.4925837      -0.00009       0.00032      8.886610e-05     6.847679e-05           0.08473      HGRA 
  13.7713212    47.3772563       0.00019       0.00129      1.549935e-04     1.232630e-04          -0.01149      HKBL 
  13.7713212    47.3772563       0.00019       0.00129      1.499890e-04     1.176291e-04          -0.01234      HKBL 
  13.7713212    47.3772563       0.00019       0.00128      1.479465e-04     1.147963e-04          -0.01200      HKBL 
  11.8758926    50.3129033       0.00015      -0.00040      1.856995e-04     1.465440e-04           0.02092      HOFJ 
  11.8758926    50.3129033       0.00015      -0.00039      1.860482e-04     1.468079e-04           0.02126      HOFJ 
  11.8758926    50.3129034       0.00015      -0.00039      1.892761e-04     1.507780e-04           0.02037      HOFJ 
  12.2492719    47.7474651      -0.00009       0.00067      1.019633e-04     7.675190e-05           0.04246      HRIE 
   7.5961676    47.8339487       0.00019       0.00026      1.515670e-04     1.189917e-04           0.00521      HUEG 
   7.5961676    47.8339487       0.00019       0.00027      1.466331e-04     1.132762e-04           0.00567      HUEG 
   7.5961676    47.8339487       0.00019       0.00027      1.418900e-04     1.076504e-04           0.00623      HUEG 
   7.5961676    47.8339487       0.00019       0.00028      1.452010e-04     1.114109e-04           0.00614      HUEG 
   7.6394062    45.0151331       0.00030      -0.00033      7.560561e-05     5.371500e-05           0.08162      IE1G 
  11.2138006    43.7956496       0.00021       0.00225      1.919523e-04     1.409896e-04           0.00406      IG1I 
  11.2138005    43.7956497       0.00021       0.00225      1.874718e-04     1.361776e-04           0.00432      IG2I 
  11.2138005    43.7956497       0.00021       0.00225      1.915143e-04     1.404030e-04           0.00413      IG3I 
   6.7100358    44.9103636       0.00027      -0.00033      1.079097e-04     8.366949e-05           0.09125      JANU 
  13.4160616    46.1839611      -0.00047       0.00171      7.426296e-05     5.344323e-05           0.02411      JOAN 
   5.7956604    46.5285750      -0.00008       0.00016      1.045952e-04     8.068345e-05           0.03682      JOUX 
   6.2830311    46.2176766      -0.00024       0.00004      7.840528e-04     5.665969e-04           0.01159      JUVI 
   8.4112604    49.0112461       0.00009       0.00015      8.967733e-05     6.780518e-05           0.03554      KA3L 
   8.4112603    49.0112461       0.00008       0.00013      9.423400e-05     7.291414e-05           0.03155      KA4L 
  13.0093514    46.6742429       0.00040       0.00094      2.277098e-04     1.884516e-04           0.11222      KOE2 
  13.0093514    46.6742429       0.00041       0.00093      2.294047e-04     1.900090e-04           0.11075      KOE2 
  13.0093514    46.6742429       0.00040       0.00093      2.304226e-04     1.913511e-04           0.10906      KOET 
  10.6268236    47.1462300      -0.00028       0.00038      1.342533e-04     1.042900e-04           0.00635      KRBG 
  10.6268236    47.1462300      -0.00028       0.00038      1.281686e-04     9.734223e-05           0.00717      KRBG 
  10.6268236    47.1462300      -0.00028       0.00038      1.251842e-04     9.332731e-05           0.00904      KRBG 
  12.3594601    47.4182421      -0.00009       0.00051      1.981631e-04     1.509984e-04           0.00977      KTZ2 
  12.3594601    47.4182421      -0.00009       0.00051      2.010358e-04     1.543105e-04           0.00952      KTZ2 
  12.3594601    47.4182421      -0.00009       0.00051      1.961379e-04     1.485965e-04           0.01028      KTZ2 
   2.7275844    43.6809908      -0.00007       0.00004      1.422230e-04     1.039189e-04           0.02127      LACA 
   6.3455153    44.1772974      -0.00005       0.00019      4.761927e-04     3.487770e-04           0.03763      LAJA 
   5.6246490    45.9160770       0.00001       0.00007      9.797340e-05     7.474472e-05           0.05078      LEBE 
   5.3984569    45.1166293      -0.00005      -0.00000      1.047593e-04     7.988749e-05           0.09323      LFAZ 
  14.2830623    48.3097830      -0.00004      -0.00008      1.108127e-04     8.891140e-05           0.02061      LI2Z 
  14.2830623    48.3097831      -0.00003      -0.00007      1.166439e-04     9.530776e-05           0.01795      LI3Z 
 358.7806844    46.1589430       0.00002       0.00020      6.679017e-05     3.315639e-05           0.28963      LROC 
   7.2681933    47.4383509       0.00004       0.00026      1.242762e-04     9.806915e-05           0.01141      LUCE 
   4.0958931    43.6923772       0.00017      -0.00001      1.170247e-04     8.346719e-05           0.04377      LUVI 
   5.3537886    43.2787705      -0.00002      -0.00007      1.764770e-04     1.339875e-04           0.07352      MA3S 
   5.3537885    43.2787706      -0.00001      -0.00007      1.752922e-04     1.323574e-04           0.07589      MA4S 
   5.3537885    43.2787706      -0.00002      -0.00007      1.767733e-04     1.334415e-04           0.07545      MA5S 
   7.0315242    47.9230050       0.00009      -0.00003      9.526832e-05     7.437716e-05           0.03019      MAKS 
   0.1552863    48.0186173      -0.00022       0.00047      3.768499e-04     3.155896e-04          -0.02585      MANS 
  11.8270897    46.0321389      -0.00031       0.00155      1.174673e-04     8.983860e-05           0.01273      MAVE 
  13.4356375    45.9244697      -0.00043       0.00257      7.763170e-05     5.694504e-05          -0.01838      MDEA 
   4.8089593    45.7990205       0.00014      -0.00012      2.410884e-04     1.745516e-04           0.03082      MDOR 
  11.6468162    44.5199581       0.00131       0.00243      7.229983e-05     5.496806e-05           0.06541      MEDI 
   5.7173553    43.9241573      -0.00018       0.00003      8.771108e-05     6.474350e-05           0.06252      MICH 
  11.2946668    46.6851160      -0.00012       0.00069      3.139146e-04     2.372793e-04          -0.00712      MITT 
  11.2946668    46.6851160      -0.00012       0.00069      3.127258e-04     2.356907e-04          -0.00694      MITT 
   2.5873124    48.8410585       0.00046      -0.00039      1.431136e-04     1.109707e-04           0.02080      ML1L 
   2.5873124    48.8410585       0.00046      -0.00039      1.389235e-04     1.056872e-04           0.02269      ML2L 
   2.5873124    48.8410585       0.00047      -0.00041      1.409332e-04     1.078387e-04           0.02193      ML3L 
  10.9491953    44.6293541       0.00091       0.00329      1.854828e-04     1.343899e-04           0.02415      MO1S 
  10.9491953    44.6293542       0.00092       0.00330      1.852831e-04     1.340023e-04           0.02435      MO3S 
  11.1434418    46.0981198      -0.00007       0.00101      2.622598e-04     2.129285e-04          -0.01513      MOCA 
   6.7100867    45.2137781      -0.00008      -0.00038      8.926698e-05     7.252839e-05          -0.05556      MODA 
   4.8029181    46.1482756       0.00017       0.00003      1.407376e-04     1.054584e-04           0.03760      MOGN 
   4.8029182    46.1482756       0.00016       0.00001      1.360616e-04     9.991963e-05           0.04114      MOGN 
   2.3408725    43.7203399       0.00006       0.00005      1.679056e-04     1.215744e-04           0.01341      MOLA 
   2.3408724    43.7203398       0.00006       0.00005      1.624097e-04     1.156352e-04           0.01458      MOLA 
   5.8411017    48.6123194       0.00005       0.00001      4.728700e-04     3.491342e-04           0.05308      MOLV 
   4.0678111    45.7156927      -0.00045      -0.00055      1.158547e-04     8.351757e-05           0.03007      MONT 
   6.7838184    48.6751878       0.00020      -0.00024      1.434845e-04     1.106308e-04           0.00666      MOUS 
  12.9876840    46.2407538      -0.00060       0.00142      7.568918e-05     5.494167e-05          -0.01051      MPRA 
   3.8648417    43.6374386      -0.00002       0.00001      1.098545e-04     8.160764e-05           0.06960      MTPL 
   7.2272625    43.7032649      -0.00005       0.00008      1.167442e-04     8.906426e-05           0.05152      NICA 
   7.2272625    43.7032649      -0.00005       0.00008      1.241524e-04     9.647898e-05           0.04475      NICA 
   7.2999766    43.7254998       0.00006      -0.00003      8.504856e-05     6.280929e-05           0.06359      NICE 
  12.5884184    45.6684352       0.00043       0.00145      1.899833e-04     1.374948e-04           0.00860      NOVE 
  12.5884184    45.6684351       0.00044       0.00144      1.887908e-04     1.359623e-04           0.00858      NOVE 
   7.7653026    45.0415489      -0.00009      -0.00065      1.706993e-04     1.297644e-04           0.06925      OATO 
  11.2798716    48.0861706      -0.00033       0.00039      8.811829e-04     7.352562e-04          -0.00032      OBE2 
  11.2778561    48.0848047      -0.00015       0.00027      1.692969e-04     1.266638e-04           0.00795      OBE4 
   6.5396697    44.7878019       0.00084       0.00039      1.318967e-03     7.521932e-04           0.00764      OGAG 
   6.5396696    44.7878019       0.00084       0.00039      1.319477e-03     7.529091e-04           0.00760      OGAG 
   6.5396696    44.7878019       0.00084       0.00039      1.320052e-03     7.537213e-04           0.00757      OGAG 
  11.8960633    45.4111544       0.00009       0.00139      9.939994e-05     7.732589e-05           0.01906      PADO 
  11.8960633    45.4111544       0.00009       0.00139      1.068816e-04     8.484742e-05           0.01654      PADO 
   4.8104624    43.3759731      -0.00028       0.00028      1.179418e-04     9.007164e-05           0.06499      PALI 
   4.8104624    43.3759731      -0.00028       0.00028      1.254470e-04     9.753851e-05           0.05642      PALI 
   2.8234738    43.4313718       0.00018       0.00007      1.854963e-04     1.446748e-04           0.02625      PARD 
   8.0811275    44.4459918       0.00047      -0.00008      2.431659e-04     1.850886e-04           0.10623      PARO 
  13.0525523    45.8057230      -0.00012       0.00198      1.474501e-04     1.087409e-04           0.00371      PAZO 
  13.0525523    45.8057230      -0.00012       0.00197      1.433282e-04     1.038115e-04           0.00577      PAZO 
   9.7846655    47.5153293       0.00004       0.00039      1.436640e-04     1.094800e-04          -0.00228      PF12 
   9.7846656    47.5153294       0.00004       0.00039      1.467228e-04     1.134298e-04          -0.00243      PFAN 
   6.2289099    43.3010132      -0.00016       0.00018      1.250543e-04     8.875676e-05           0.03993      PIGN 
 356.5726610    47.7461152      -0.00004       0.00043      1.185269e-04     9.234030e-05           0.04972      PLOE 
   8.1594175    44.1095454       0.00017       0.00026      6.779409e-04     5.362497e-04           0.03876      POGG 
   5.4725131    45.2493163      -0.00005       0.00008      1.401901e-04     1.012911e-04           0.03062      POLI 
  10.1088147    45.8860062      -0.00037       0.00056      2.675739e-04     1.992922e-04           0.00807      PORA 
  13.5950464    45.2260172      -0.00008       0.00285      1.925896e-04     1.375085e-04           0.00745      PORE 
  13.0660927    52.3792981      -0.00025      -0.00016      1.926749e-04     1.685928e-04           0.00890      POTS 
   6.2060949    42.9832846      -0.00002      -0.00002      2.380241e-04     1.857202e-04          -0.02997      PQRL 
   6.2060949    42.9832847      -0.00003      -0.00002      2.383273e-04     1.857319e-04          -0.02995      PQRL 
  11.0991283    43.8855632       0.00033       0.00199      2.009039e-04     1.551521e-04           0.05673      PRAT 
  11.0991283    43.8855632       0.00033       0.00199      1.965647e-04     1.507082e-04           0.05972      PRAT 
  11.0991284    43.8855634       0.00033       0.00199      1.963756e-04     1.499839e-04           0.06010      PRAT 
   3.8788733    45.0436188       0.00019       0.00037      1.313888e-04     9.543595e-05           0.01980      PU1V 
   3.8788733    45.0436187       0.00020       0.00039      1.285141e-04     9.169033e-05           0.02138      PU2V 
   3.3143753    43.6933643       0.00017       0.00006      1.347290e-04     1.004478e-04           0.00074      PUEC 
   6.4789542    44.8576702       0.00003       0.00029      9.827147e-05     6.658557e-05           0.11478      PUYA 
   6.9770648    44.2678215       0.00003      -0.00017      1.107069e-04     8.430658e-05          -0.00045      RABU 
  13.4863850    48.2034179       0.00040       0.00059      6.014257e-04     5.127127e-04          -0.01795      RIED 
   7.3780105    47.7332847       0.00006       0.00006      2.631087e-04     2.079032e-04          -0.04800      RIXH 
  11.0421030    45.8935061      -0.00013       0.00058      2.555042e-04     1.800221e-04          -0.04554      RO1E 
  11.0421030    45.8935061      -0.00013       0.00058      2.539295e-04     1.777965e-04          -0.04626      RO2E 
  11.0421030    45.8935061      -0.00013       0.00056      2.563604e-04     1.805546e-04          -0.04529      RO3E 
  13.9953591    48.5698369      -0.00019       0.00014      7.070242e-04     6.140308e-04          -0.00171      ROHR 
   6.6282299    45.6914899      -0.00044      -0.00009      1.074824e-04     8.346717e-05          -0.03761      ROSD 
   5.4836986    43.9409571      -0.00028       0.00009      7.590570e-05     5.441237e-05           0.09874      RSTL 
   4.9058086    45.7137762       0.00012      -0.00009      1.845115e-04     1.325807e-04           0.02585      SAPI 
   4.4669187    44.2554513      -0.00007       0.00004      8.504104e-05     6.295102e-05           0.10040      SAUV 
  13.1104313    47.8034215      -0.00032       0.00092      1.266704e-04     9.740736e-05           0.00657      SB12 
  13.1104313    47.8034214      -0.00032       0.00092      1.324855e-04     1.041775e-04           0.00574      SBGZ 
   3.6991176    43.3976493       0.00024       0.00011      1.799185e-04     1.325934e-04           0.00010      SETE 
   3.6991176    43.3976492       0.00024       0.00011      1.805990e-04     1.330313e-04           0.00050      SETE 
   5.4164950    46.2247145      -0.00004      -0.00027      1.620701e-04     1.182484e-04           0.02186      SIMA 
   4.6765767    45.8790852      -0.00001       0.00010      7.734818e-05     5.585619e-05           0.07553      SJ2V 
   3.2682596    43.9198043       0.00001       0.00014      1.539126e-04     1.192820e-04           0.09856      SLVT 
   9.8502544    46.1700344       0.00017      -0.00024      2.111427e-04     1.698273e-04          -0.09298      SOND 
   7.0541003    43.6114285       0.00000       0.00016      8.470746e-05     6.035618e-05           0.03254      SOPH 
   2.4349720    42.7275495       0.00030      -0.00051      2.287844e-04     1.673356e-04           0.01293      SOUR 
  16.5830568    47.6836476       0.00063      -0.00011      1.474992e-04     1.129479e-04           0.01838      SP1N 
  16.5830568    47.6836477       0.00063      -0.00012      1.441859e-04     1.088059e-04           0.01952      SP2N 
   5.7617809    45.2352196      -0.00042       0.00006      6.856736e-05     4.862416e-05           0.10526      STEY 
   4.5738468    44.1853354       0.00014      -0.00010      1.080534e-04     7.701364e-05           0.04957      STGR 
   7.6838191    48.6216626       0.00000       0.00012      7.169218e-05     5.330294e-05           0.04414      STJ9 
   4.4216344    43.4491472      -0.00031      -0.00005      1.662220e-04     1.303184e-04           0.06822      STMR 
   4.4216344    43.4491472      -0.00031      -0.00005      1.606437e-04     1.248277e-04           0.07373      STMR 
   4.4216344    43.4491472      -0.00031      -0.00005      1.661969e-04     1.302964e-04           0.06826      STMR 
  12.2085197    45.8570112       0.00010       0.00133      2.340737e-04     1.631452e-04           0.02393      SUSE 
   4.2874656    45.1245710       0.00016      -0.00000      1.884959e-04     1.514069e-04           0.03280      TENC 
   4.2874656    45.1245710       0.00016      -0.00000      1.865413e-04     1.494684e-04           0.03537      TENC 
   1.4808916    43.5606955       0.00022      -0.00010      2.263860e-04     1.794389e-04           0.00464      TLSE 
   7.6612826    45.0633683       0.00012      -0.00013      2.580152e-04     1.908365e-04           0.02053      TO2I 
   7.6612826    45.0633683       0.00012      -0.00013      2.598297e-04     1.925591e-04           0.02037      TO4I 
   5.9021552    45.6776851      -0.00018      -0.00022      1.301022e-04     9.229570e-05           0.02161      TRES 
  15.8589121    47.9279647       0.00008       0.00015      2.583340e-04     1.746139e-04           0.04702      TRF2 
  15.8589120    47.9279647       0.00008       0.00015      2.556110e-04     1.709284e-04           0.04873      TRF2 
  15.8589121    47.9279647       0.00009       0.00015      2.536360e-04     1.680361e-04           0.05036      TRF2 
  13.7635214    45.7097578      -0.00049       0.00247      6.795819e-05     4.918845e-05           0.01691      TRIE 
   5.0751405    46.7255888       0.00027      -0.00021      1.569381e-04     1.139424e-04           0.01523      TROC 
   6.6010118    43.2194846      -0.00021       0.00019      9.640808e-05     6.933263e-05           0.06084      TROP 
  13.2530207    46.0374798      -0.00061       0.00198      8.042202e-05     5.899665e-05           0.02194      UDI1 
  12.3557044    43.1193923       0.00028       0.00096      6.087453e-04     4.165767e-04           0.00126      UN5G 
   6.7236848    43.7974659      -0.00001      -0.00029      2.497505e-04     1.898870e-04           0.06408      VALD 
  12.5653448    46.4570897      -0.00006       0.00048      2.771212e-04     2.053791e-04           0.02384      VARM 
   5.8265567    47.6595708      -0.00017       0.00019      2.142336e-04     1.604725e-04           0.00549      VAUC 
   5.8265567    47.6595708      -0.00017       0.00019      2.175703e-04     1.644252e-04           0.00531      VAUC 
  12.3540792    45.4305709      -0.00001       0.00111      9.865674e-05     6.973717e-05           0.02390      VE11 
  10.8315721    46.8665916      -0.00006       0.00061      1.579045e-04     1.118952e-04           0.05993      VERN 
   1.7196751    47.2941957       0.00015      -0.00006      1.645606e-04     1.239359e-04           0.02334      VF1H 
   1.7196751    47.2941957       0.00016      -0.00006      1.603576e-04     1.188315e-04           0.02511      VF2H 
   1.7196752    47.2941957       0.00016      -0.00006      1.618918e-04     1.204578e-04           0.02471      VF3H 
   6.2915779    49.2039455      -0.00032       0.00057      3.987156e-04     3.030628e-04           0.00978      VIGY 
  13.8504550    46.6070306       0.00016       0.00091      1.019176e-04     8.050461e-05           0.00552      VLCH 
  13.8504550    46.6070307       0.00016       0.00090      9.940954e-05     7.703510e-05           0.00904      VLCH 
  14.6260665    46.6614109       0.00070       0.00110      4.596409e-04     3.618603e-04          -0.00920      VLKM 
  14.6260666    46.6614108       0.00071       0.00111      4.604184e-04     3.625979e-04          -0.00913      VLKM 
  14.6260666    46.6614108       0.00071       0.00111      4.602438e-04     3.624258e-04          -0.00916      VLKM 
  14.6260665    46.6614109       0.00071       0.00111      4.603903e-04     3.625704e-04          -0.00914      VLKM 
  14.6260666    46.6614108       0.00071       0.00111      4.604113e-04     3.625901e-04          -0.00913      VLKM 
  14.6260666    46.6614108       0.00071       0.00110      4.603500e-04     3.625250e-04          -0.00914      VLKM 
  14.6260666    46.6614108       0.00071       0.00110      4.603244e-04     3.624925e-04          -0.00914      VLKM 
  14.6260666    46.6614108       0.00071       0.00111      4.586202e-04     3.606332e-04          -0.00922      VLKM 
  14.6260666    46.6614108       0.00071       0.00111      4.602730e-04     3.624325e-04          -0.00913      VLKM 
  14.6260665    46.6614108       0.00071       0.00111      4.601506e-04     3.622640e-04          -0.00913      VLKM 
  12.8075351    47.6511983       0.00003       0.00052      8.883577e-05     6.631409e-05           0.07535      WART 
  14.0207379    48.1583438       0.00014       0.00017      1.056252e-04     8.391073e-05           0.00976      WELS 
  14.0207379    48.1583438       0.00013       0.00017      1.011811e-04     7.831897e-05           0.01239      WELS 
  16.3730836    48.2188572      -0.00100       0.00085      2.467529e-04     2.038578e-04          -0.00793      WIEN 
  16.3730836    48.2188572      -0.00100       0.00084      2.495098e-04     2.067932e-04          -0.00766      WIEN 
  16.3730837    48.2188572      -0.00100       0.00084      2.522935e-04     2.097619e-04          -0.00742      WIEN 
   7.3512992    48.4151715      -0.00002      -0.00026      1.020528e-04     7.996485e-05          -0.07777      WLBH 
  12.8764985    49.1451204       0.00005       0.00011      1.551669e-04     1.208698e-04           0.01222      WT21 
  12.8789111    49.1441992      -0.00003       0.00015      6.919166e-05     5.690956e-05           0.02590      WTZR 
  12.8789112    49.1441992      -0.00003       0.00016      6.720223e-05     5.402078e-05           0.02563      WTZR 
  15.2275901    44.1131766       0.00015       0.00291      1.983916e-04     1.398413e-04          -0.00513      ZADA 
   7.4650320    46.8770945      -0.00010       0.00035      6.852966e-05     4.897702e-05           0.07249      ZI22 
   7.4650319    46.8770945      -0.00009       0.00033      7.867323e-05     6.050069e-05           0.05098      ZI32 
   7.4652781    46.8770983      -0.00013       0.00038      6.175492e-05     4.130332e-05           0.09910      ZIMM 
  12.9735532    46.5572211       0.00010       0.00089      6.786948e-05     5.017709e-05           0.04402      ZO1F 
