Long, [deg]     Lat, [deg]   velE,[mm/yr]  velN,[mm/yr]   Marker
13.514899        46.547935     0.0000      0.001473      ACOM 
12.174515        46.527143     0.0000      0.001359      AFAL 
3.466426         43.296382     0.0000     -0.000115      AGDE 
7.139619         45.467941     0.0000     -0.000026      AGNE 
3.581259         44.121398     0.0000     -0.000351      AIGL 
8.762614         41.927458     0.0000      0.000785      AJAC 
3.711753         45.198776     0.0000     -0.002452      ALLE 
6.083461         45.086614     0.0000      0.001020      ALPE 
4.665692         45.241380     0.0000     -0.000826      ANNO 
2.766036         43.241931     0.0000     -0.000009      ARMI 
7.196707         48.216850     0.0000     -0.000164      AUBU 
3.283645         44.721793     0.0000     -0.000226      AUMO 
4.288974         46.953841     0.0000     -0.001960      AUTN 
4.606176         46.194827     0.0000     -0.001191      AVEN 
5.333196         43.491215     0.0000     -0.001035      AXPV 
4.156317         44.369202     0.0000     -0.000396      BANN 
7.479630         47.633066     0.0000      0.000109      BART 
3.966963         43.876901     0.0000      0.000357      BAUB 
7.658247         48.708785     0.0000      0.000240      BIWI 
6.366690         43.873538     0.0000      0.000353      BLIX 
11.356773        44.500217     0.0000     -0.007407      BOLG 
11.034280        45.599782     0.0000      0.001468      BOSC 
10.550999        47.548715     0.0000      0.000358      BREI 
355.503405       48.380494     0.0000     -0.002502      BRST 
5.989385         47.246881     0.0000     -0.000391      BSCN 
5.353595         48.486153     0.0000     -0.000123      BUAN 
5.272561         44.277895     0.0000      0.000026      BUIS 
5.910594         44.632839     0.0000      0.001079      BURE 
11.336796        46.499024     0.0000      0.001879      BZRG 
13.123998        43.111986     0.0000     -0.000065      CAME 
12.435020        46.008294     0.0000      0.000467      CANV 
3.508966         43.286361     0.0000      0.001192      CAPA 
8.680203         46.042341     0.0000      0.001090      CARZ 
1.086051         43.206850     0.0000     -0.000268      CAZE 
5.881077         45.110715     0.0000      0.000585      CHAM 
5.152128         45.733373     0.0000     -0.000186      CHAR 
359.592300       46.133463     0.0000     -0.000369      CHIZ 
6.872999         45.926155     0.0000      0.001140      CHMX 
4.861771         43.881369     0.0000     -0.000889      CHRN 
6.358556         45.304137     0.0000      0.001597      CHTL 
6.927051         44.248448     0.0000     -0.001402      CLAP 
3.111075         45.760963     0.0000      0.000028      CLFD 
12.979095        45.958531     0.0000      0.000569      CODR 
9.095622         45.802163     0.0000     -0.000792      COMO 
2.855117         44.199659     0.0000      0.001002      CURA 
8.260999         46.313560     0.0000      0.002640      DEVE 
6.699671         49.371565     0.0000      0.000402      DILL 
13.729693        51.029826     0.0000     -0.001122      DRES 
2.051995         45.403353     0.0000     -0.000390      EGLT 
12.384902        46.716208     0.0000     -0.002817      ELMO 
7.639902         48.549360     0.0000     -0.001700      ENTZ 
7.762493         48.579843     0.0000      0.000056      EOST 
7.364209         48.873027     0.0000      0.000306      ERCK 
11.004573        49.586493     0.0000     -0.000137      ERLA 
4.797905         45.307105     0.0000     -0.001653      ESAB 
5.350887         48.124433     0.0000      0.000208      ESNO 
11.314963        47.606792     0.0000     -0.000014      FAHR 
5.985683         45.643002     0.0000      0.000566      FCLZ 
11.723796        46.303948     0.0000      0.002154      FDOS 
2.029589         43.157151     0.0000      0.000878      FENO 
7.028308         45.866720     0.0000      0.002354      FERH 
7.028308         45.866720     0.0000      0.009175      FERR 
8.664967         50.090578     0.0000     -0.001209      FFMJ 
2.794899         43.048162     0.0000      0.000470      FJCP 
6.745610         47.659695     0.0000     -0.000757      FRAC 
13.001145        46.414153     0.0000      0.001224      FUSE 
12.249435        44.676902     0.0000     -0.003097      GARI 
8.921143         44.419388     0.0000     -0.000417      GENO 
5.786980         43.675723     0.0000     -0.000981      GINA 
13.800632        47.920673     0.0000      0.000363      GMND 
9.950559         51.500215     0.0000     -0.000482      GOET 
6.920573         43.754738     0.0000     -0.000558      GRAS 
15.493480        47.067130     0.0000     -0.000879      GRAZ 
356.492018       47.648008     0.0000     -0.001098      GROI 
14.543715        46.048134     0.0000      0.001644      GSR1 
6.661867         44.662244     0.0000      0.000599      GUIL 
358.222039       49.580662     0.0000     -0.000702      HEAU 
12.384902        46.716208     0.0000      0.006075      HELM 
11.386092        47.312905     0.0000      0.001346      HFL2 
11.386092        47.312905     0.0000      0.000592      HFLK 
10.072597        47.492583     0.0000      0.000347      HGRA 
13.771320        47.377256     0.0000     -0.000889      HKBL 
11.875891        50.312903     0.0000     -0.001702      HOFJ 
12.249270        47.747464     0.0000     -0.000327      HRIE 
7.596166         47.833948     0.0000     -0.000870      HUEG 
7.639405         45.015133     0.0000     -0.000376      IENG 
11.213799        43.795649     0.0000      0.000573      IGMI 
6.710034         44.910363     0.0000      0.001346      JANU 
13.416060        46.183960     0.0000      0.000689      JOAN 
5.795659         46.528574     0.0000      0.000311      JOUX 
6.283030         46.217676     0.0000      0.000628      JUVI 
8.411259         49.011246     0.0000     -0.000596      KARL 
13.009350        46.674242     0.0000      0.002202      KOE2 
13.009350        46.674242     0.0000      0.000508      KOET 
10.626822        47.146229     0.0000      0.000527      KRBG 
12.359458        47.418242     0.0000     -0.003114      KTZ2 
12.359458        47.418242     0.0000     -0.008365      KTZB 
12.359458        47.418242     0.0000     -0.008365      KTZB 
2.727583         43.680990     0.0000     -0.000236      LACA 
6.345514         44.177297     0.0000      0.000317      LAJA 
5.624647         45.916076     0.0000      0.000271      LEBE 
5.398455         45.116629     0.0000      0.000362      LFAZ 
14.283061        48.309782     0.0000      0.000083      LINZ 
358.780683       46.158942     0.0000     -0.000707      LROC 
7.268192         47.438350     0.0000      0.000650      LUCE 
4.095892         43.692377     0.0000     -0.000269      LUVI 
7.031523         47.923004     0.0000     -0.000210      MAKS 
0.155285         48.018617     0.0000      0.000762      MANS 
5.353787         43.278770     0.0000     -0.001406      MARS 
11.827088        46.032138     0.0000      0.001155      MAVE 
12.049081        45.782945     0.0000      0.002734      MBEL 
13.435636        45.924469     0.0000      0.000071      MDEA 
4.808958         45.799020     0.0000     -0.000218      MDOR 
11.646815        44.519957     0.0000     -0.001403      MEDI 
5.717354         43.924157     0.0000     -0.000378      MICH 
11.294665        46.685115     0.0000      0.003960      MITT 
2.587311         48.841058     0.0000     -0.002036      MLVL 
11.143440        46.098119     0.0000     -0.000052      MOCA 
6.710085         45.213778     0.0000      0.001455      MODA 
4.802917         46.148275     0.0000     -0.002495      MOGN 
2.340871         43.720339     0.0000      0.000080      MOLA 
5.841100         48.612319     0.0000      0.000150      MOLV 
4.067810         45.715692     0.0000     -0.000575      MONT 
10.949194        44.629353     0.0000     -0.004658      MOPS 
6.783817         48.675187     0.0000     -0.000335      MOUS 
12.987682        46.240753     0.0000      0.000300      MPRA 
3.864840         43.637438     0.0000     -0.000703      MTPL 
7.227261         43.703264     0.0000     -0.000375      NICA 
7.299975         43.725499     0.0000     -0.000446      NICE 
12.588417        45.668435     0.0000     -0.002827      NOVE 
7.765301         45.041548     0.0000     -0.000937      OATO 
11.279870        48.086170     0.0000      0.000818      OBE2 
11.277855        48.084804     0.0000      0.003575      OBE4 
6.539668         44.787801     0.0000      0.000165      OGAG 
11.896062        45.411154     0.0000     -0.001052      PADO 
4.810461         43.375972     0.0000     -0.001194      PALI 
2.823472         43.431371     0.0000      0.000018      PARD 
8.081126         44.445991     0.0000     -0.000585      PARO 
11.460184        47.208003     0.0000     -0.003639      PAT2 
11.460184        47.208003     0.0000     -0.000916      PATK 
13.052551        45.805722     0.0000      0.002460      PAZO 
9.784664         47.515329     0.0000      0.000369      PFA2 
9.784664         47.515329     0.0000      0.001110      PFAN 
6.228908         43.301013     0.0000     -0.000346      PIGN 
356.572660       47.746115     0.0000     -0.001409      PLOE 
8.159416         44.109545     0.0000     -0.000790      POGG 
5.472512         45.249316     0.0000     -0.000550      POLI 
10.108813        45.886006     0.0000      0.000065      PORA 
13.595045        45.226016     0.0000      0.001622      PORE 
13.066091        52.379298     0.0000      0.000599      POTS 
6.206093         42.983284     0.0000     -0.000072      PQRL 
11.099127        43.885563     0.0000     -0.003188      PRAT 
3.314374         43.693364     0.0000     -0.000031      PUEC 
6.478953         44.857670     0.0000      0.000667      PUYA 
3.878872         45.043618     0.0000     -0.005011      PUYV 
6.977063         44.267821     0.0000      0.000108      RABU 
13.486383        48.203417     0.0000      0.000229      RIED 
7.378009         47.733284     0.0000      0.000383      RIXH 
13.995357        48.569836     0.0000      0.000390      ROHR 
6.628228         45.691489     0.0000      0.001516      ROSD 
11.042101        45.893505     0.0000      0.002738      ROVE 
5.483697         43.940957     0.0000     -0.000410      RSTL 
4.905807         45.713776     0.0000     -0.000796      SAPI 
4.466917         44.255451     0.0000     -0.000442      SAUV 
13.110430        47.803421     0.0000      0.001692      SBG2 
13.110430        47.803421     0.0000      0.000666      SBGZ 
3.699116         43.397649     0.0000     -0.000094      SETE 
5.416493         46.224714     0.0000     -0.000433      SIMA 
4.676575         45.879085     0.0000     -0.000820      SJDV 
3.268258         43.919804     0.0000      0.000050      SLVT 
9.850253         46.170034     0.0000      0.000847      SOND 
7.054099         43.611428     0.0000     -0.000405      SOPH 
2.434971         42.727549     0.0000     -0.000320      SOUR 
16.583055        47.683647     0.0000      0.000701      SPRN 
5.761779         45.235219     0.0000      0.000681      STEY 
4.573845         44.185335     0.0000     -0.000490      STGR 
7.683817         48.621662     0.0000     -0.000641      STJ9 
4.421633         43.449147     0.0000     -0.002107      STMR 
12.208518        45.857011     0.0000      0.001620      SUSE 
4.287464         45.124570     0.0000     -0.000728      TENC 
1.480890         43.560695     0.0000     -0.000162      TLSE 
7.661281         45.063368     0.0000      0.001282      TORI 
5.902154         45.677684     0.0000      0.000527      TRES 
15.858910        47.927964     0.0000     -0.000990      TRF2 
15.858910        47.927964     0.0000     -0.000402      TRFB 
13.763520        45.709757     0.0000      0.000244      TRIE 
5.075139         46.725588     0.0000     -0.000674      TROC 
6.601010         43.219484     0.0000     -0.001185      TROP 
13.253019        46.037479     0.0000      0.000431      UDI1 
13.253019        46.037160     0.0000      0.000991      UDIN 
12.355703        43.119391     0.0000      0.001083      UNPG 
6.723683         43.797465     0.0000      0.000489      VALD 
12.565343        46.457089     0.0000      0.003279      VARM 
5.826555         47.659570     0.0000     -0.001617      VAUC 
12.354078        45.430570     0.0000     -0.001044      VEN1 
12.331984        45.436982     0.0000     -0.001669      VENE 
1.719674         47.294195     0.0000     -0.001563      VFCH 
6.291576         49.203945     0.0000     -0.000556      VIGY 
13.850453        46.607030     0.0000      0.000820      VLCH 
14.626065        46.661410     0.0000      0.000384      VLKM 
12.807533        47.651198     0.0000      0.000429      WART 
14.020736        48.158343     0.0000      0.001741      WELS 
16.373082        48.218857     0.0000     -0.000514      WIEN 
7.351298         48.415171     0.0000     -0.003290      WLBH 
12.876497        49.145120     0.0000      0.001775      WT21 
12.878909        49.144199     0.0000     -0.000817      WTZR 
15.227589        44.113176     0.0000      0.000937      ZADA 
7.465030         46.877094     0.0000      0.004996      ZIM2 
7.465276         46.877098     0.0000      0.000721      ZIMM 
12.973552        46.557220     0.0000      0.001501      ZOUF 
