0.000000           0.000000      0.00000      0.00000      velE,[mm/yr] 
13.514899         46.547935      0.00000      0.00147      ACOM 
12.174515         46.527143      0.00000      0.00136      AFAL 
8.762614          41.927458      0.00000      0.00078      AJAC 
6.083461          45.086614      0.00000      0.00102      ALPE 
7.479630          47.633066      0.00000      0.00011      BART 
3.966963          43.876901      0.00000      0.00036      BAUB 
7.658247          48.708785      0.00000      0.00024      BIWI 
6.366690          43.873538      0.00000      0.00035      BLIX 
11.034280         45.599782      0.00000      0.00147      BOSC 
10.550999         47.548715      0.00000      0.00036      BREI 
5.272561          44.277895      0.00000      0.00003      BUIS 
5.910594          44.632839      0.00000      0.00108      BURE 
11.336796         46.499024      0.00000      0.00188      BZRG 
12.435020         46.008294      0.00000      0.00047      CANV 
3.508966          43.286361      0.00000      0.00119      CAPA 
8.680203          46.042341      0.00000      0.00109      CARZ 
5.881077          45.110715      0.00000      0.00059      CHAM 
6.872999          45.926155      0.00000      0.00114      CHMX 
6.358556          45.304137      0.00000      0.00160      CHTL 
3.111075          45.760963      0.00000      0.00003      CLFD 
12.979095         45.958531      0.00000      0.00057      CODR 
2.855117          44.199659      0.00000      0.00100      CURA 
8.260999          46.313560      0.00000      0.00264      DEVE 
6.699671          49.371565      0.00000      0.00040      DILL 
7.762493          48.579843      0.00000      0.00006      EOST 
7.364209          48.873027      0.00000      0.00031      ERCK 
5.350887          48.124433      0.00000      0.00021      ESNO 
5.985683          45.643002      0.00000      0.00057      FCLZ 
11.723796         46.303948      0.00000      0.00215      FDOS 
2.029589          43.157151      0.00000      0.00088      FENO 
7.028308          45.866720      0.00000      0.00235      FERH 
7.028308          45.866720      0.00000      0.00918      FERR 
2.794899          43.048162      0.00000      0.00047      FJCP 
13.001145         46.414153      0.00000      0.00122      FUSE 
13.800632         47.920673      0.00000      0.00036      GMND 
14.543715         46.048134      0.00000      0.00164      GSR1 
6.661867          44.662244      0.00000      0.00060      GUIL 
12.384902         46.716208      0.00000      0.00607      HELM 
11.386092         47.312905      0.00000      0.00135      HFL2 
11.386092         47.312905      0.00000      0.00059      HFLK 
10.072597         47.492583      0.00000      0.00035      HGRA 
11.213799         43.795649      0.00000      0.00057      IGMI 
6.710034          44.910363      0.00000      0.00135      JANU 
13.416060         46.183960      0.00000      0.00069      JOAN 
5.795659          46.528574      0.00000      0.00031      JOUX 
6.283030          46.217676      0.00000      0.00063      JUVI 
13.009350         46.674242      0.00000      0.00220      KOE2 
13.009350         46.674242      0.00000      0.00051      KOET 
10.626822         47.146229      0.00000      0.00053      KRBG 
6.345514          44.177297      0.00000      0.00032      LAJA 
5.624647          45.916076      0.00000      0.00027      LEBE 
5.398455          45.116629      0.00000      0.00036      LFAZ 
14.283061         48.309782      0.00000      0.00008      LINZ 
7.268192          47.438350      0.00000      0.00065      LUCE 
0.155285          48.018617      0.00000      0.00076      MANS 
11.827088         46.032138      0.00000      0.00115      MAVE 
12.049081         45.782945      0.00000      0.00273      MBEL 
13.435636         45.924469      0.00000      0.00007      MDEA 
11.294665         46.685115      0.00000      0.00396      MITT 
6.710085          45.213778      0.00000      0.00145      MODA 
2.340871          43.720339      0.00000      0.00008      MOLA 
5.841100          48.612319      0.00000      0.00015      MOLV 
12.987682         46.240753      0.00000      0.00030      MPRA 
11.279870         48.086170      0.00000      0.00082      OBE2 
11.277855         48.084804      0.00000      0.00358      OBE4 
6.539668          44.787801      0.00000      0.00016      OGAG 
2.823472          43.431371      0.00000      0.00002      PARD 
13.052551         45.805722      0.00000      0.00246      PAZO 
9.784664          47.515329      0.00000      0.00037      PFA2 
9.784664          47.515329      0.00000      0.00111      PFAN 
10.108813         45.886006      0.00000      0.00006      PORA 
13.595045         45.226016      0.00000      0.00162      PORE 
13.066091         52.379298      0.00000      0.00060      POTS 
6.478953          44.857670      0.00000      0.00067      PUYA 
6.977063          44.267821      0.00000      0.00011      RABU 
13.486383         48.203417      0.00000      0.00023      RIED 
7.378009          47.733284      0.00000      0.00038      RIXH 
13.995357         48.569836      0.00000      0.00039      ROHR 
6.628228          45.691489      0.00000      0.00152      ROSD 
11.042101         45.893505      0.00000      0.00274      ROVE 
13.110430         47.803421      0.00000      0.00169      SBG2 
13.110430         47.803421      0.00000      0.00067      SBGZ 
3.268258          43.919804      0.00000      0.00005      SLVT 
9.850253          46.170034      0.00000      0.00085      SOND 
16.583055         47.683647      0.00000      0.00070      SPRN 
5.761779          45.235219      0.00000      0.00068      STEY 
12.208518         45.857011      0.00000      0.00162      SUSE 
7.661281          45.063368      0.00000      0.00128      TORI 
5.902154          45.677684      0.00000      0.00053      TRES 
13.763520         45.709757      0.00000      0.00024      TRIE 
13.253019         46.037479      0.00000      0.00043      UDI1 
13.253019         46.037160      0.00000      0.00099      UDIN 
12.355703         43.119391      0.00000      0.00108      UNPG 
6.723683          43.797465      0.00000      0.00049      VALD 
12.565343         46.457089      0.00000      0.00328      VARM 
13.850453         46.607030      0.00000      0.00082      VLCH 
14.626065         46.661410      0.00000      0.00038      VLKM 
12.807533         47.651198      0.00000      0.00043      WART 
14.020736         48.158343      0.00000      0.00174      WELS 
12.876497         49.145120      0.00000      0.00178      WT21 
15.227589         44.113176      0.00000      0.00094      ZADA 
7.465030          46.877094      0.00000      0.00500      ZIM2 
7.465276          46.877098      0.00000      0.00072      ZIMM 
12.973552         46.557220      0.00000      0.00150      ZOUF 
