04001  38   95.5
04002  41   96.9
04003  36   97.3
04004  35   96.6
04005  36   96.3
04006  41   97.0
04007  44   97.7
04008  43   98.2
04009  42   96.1
04010  41   97.6
04011  41   98.0
04012  42   97.9
04013  44   95.4
04014  41   97.1
04015  43   95.3
04016  43   96.2
04017  36   95.4
04018  41   95.7
04019  42   96.2
04020  43   93.6
04021  45   95.4
04022  43   95.0
04023  41   96.1
04024  42   95.7
04025  41   97.2
04026  43   95.4
04027  46   93.0
04028  45   96.0
04029  45   96.8
04030  45   97.5
04031  46   96.8
04032  40   95.4
04033  45   95.5
04034  45   96.5
04035  48   95.0
04036  47   94.2
04037  48   94.1
04038  47   97.7
04039  46   97.0
04040  48   94.5
04041  45   96.5
04042  45   95.4
04043  46   95.6
04044  44   94.7
04045  44   94.0
04046  44   98.3
04047  45   95.6
04048  47   97.2
04049  44   96.2
04050  45   96.5
04051  46   96.6
04052  45   96.4
04053  44   95.4
04054  44   97.0
04055  48   95.5
04056  48   95.2
04057  47   95.8
04058  44   96.2
04059  45   97.0
04060  45   97.9
04061  44   96.7
04062  47   98.6
04063  45   98.1
04064  47   97.8
04065  49   96.7
04066  48   97.3
04067  45   97.4
04068  48   97.7
04069  47   97.4
04070  47   97.3
04071  49   96.5
04072  45   96.4
04073  43   96.1
04074  42   95.9
04075  48   96.1
04076  48   96.3
04077  48   94.3
04078  47   96.8
04079  48   95.4
04080  46   95.8
04081  44   97.8
04082  49   95.1
04083  48   96.6
04084  50   96.1
04085  51   97.7
04086  49   96.5
04087  44   96.9
04088  44   97.5
04089  46   96.5
04090  44   97.5
04091  45   97.1
04092  45   97.0
04093  45   97.8
04094  46   94.7
04095  44   97.8
04096  45   92.5
04097  47   96.0
04098  47   97.3
04099  48   97.4
04100  47   96.9
04101  46   97.4
04102  45   97.4
04103  46   97.7
04104  45   97.0
04105  44   97.9
04106  47   97.6
04107  47   97.3
04108  45   97.9
04109  44   97.9
04110  48   97.2
04111  44   96.6
04112  48   97.2
04113  45   97.6
04114  48   97.4
04115  46   97.8
04116  44   98.2
04117  47   97.6
04118  46   96.7
04119  46   97.3
04120  49   98.1
04121  45   96.8
04122  43   96.4
04123  44   98.0
04124  46   96.9
04125  48   96.5
04126  47   97.8
04127  46   97.8
04128  47   97.5
04129  47   97.9
04130  42   98.7
04131  44   97.3
04132  45   96.9
04133  46   97.3
04134  45   97.2
04135  46   97.0
04136  45   97.1
04137  44   96.6
04138  45   97.0
04139  45   98.0
04140  46   97.7
04141  46   98.3
04142  44   96.9
04143  44   97.3
04144  42   95.7
04145  47   96.6
04146  44   96.0
04147  43   96.0
04148  42   95.4
04149  43   96.4
04150  44   97.1
04151  42   97.0
04152  42   96.1
04153  44   96.5
04154  43   97.1
04155  42   97.9
04156  44   97.8
04157  45   96.8
04158  41   97.5
04159  40   98.0
04160  47   97.1
04161  45   96.9
04162  46   97.1
04163  45   96.9
04164  46   96.9
04165  42   96.9
04166  45   96.3
04167  47   94.8
04168  48   97.2
04169  49   97.0
04170  49   96.9
04171  47   97.9
04172  47   97.7
04173  46   97.4
04174  46   96.3
04175  44   95.1
04176  49   93.2
04177  29   95.3
04178  29   96.0
04179  28   96.9
04180  28   96.4
04181  29   95.8
04182  28   97.3
04183  29   96.9
04184  29   97.0
04185  28   98.5
04186  29   97.8
04187  28   97.9
04188  27   98.7
04189  29   98.0
04190  29   96.4
04191  29   97.7
04192  29   97.0
04193  28   97.1
04194  27   97.9
04195  29   98.0
04196  29   97.9
04197  27   97.5
04198  29   97.2
04199  29   97.6
04200  29   97.3
04201  26   97.8
04202  28   98.1
04203  29   97.0
04204  29   96.3
04205  29   96.8
04206  28   96.1
04207  27   97.0
04208  28   98.1
04209  28   98.2
04210  29   98.4
04211  28   99.5
04212  29   98.2
04213  28   97.9
04214  28   98.1
04215  29   98.1
04216  29   97.6
04217  29   96.6
04218  28   97.7
04219  28   98.2
04220  10   96.6
04221  10   97.4
04222  28   98.1
04223  28   98.1
04224  29   98.5
04225  28   97.0
04226  29   98.4
04227  29   98.5
04228  28   98.7
04229  28   97.8
04230  29   97.4
04231  29   98.3
04232  29   97.0
04233  28   96.5
04234  28   97.5
04235  29   98.0
04236  29   97.2
04237  29   98.0
04238  29   97.6
04239  29   98.0
04240  29   97.9
04241  28   99.0
04242  29   96.6
04243  29   97.7
04244  28   98.6
04245  29   98.9
04246  29   98.6
04247  29   98.9
04248  26   98.5
04249  26   98.5
04250  29   97.8
04251  28   98.4
04252  28   99.1
04253  29   98.1
04254  29   97.9
04255  28   97.4
04256  29   97.7
04257  28   97.7
04258  28   97.4
04259  28   96.2
04260  29   98.0
04261  28   98.0
04262  28   98.3
04263  29   97.7
04264  28   99.0
04265  29   97.5
04266  29   97.0
04267  29   96.9
04268  28   98.0
04269  28   97.9
04270  29   98.0
04271  29   98.5
04272  28   98.2
04273  29   98.7
04274  29   98.6
04275  29   98.3
04276  28   98.6
04277  27   98.4
04278  28   98.9
04279  29   98.7
04280  28   98.8
04281  29   98.1
04282  29   98.1
04283  29   97.4
04284  28   97.8
04285  29   96.1
04286  28   97.3
04287  29   95.6
04288  29   96.4
04289  29   97.5
04290  29   99.1
04291  29   98.9
04292  28   98.4
04293  28   97.7
04294  29   96.8
04295  29   96.7
04296  28   97.8
04297  29   96.4
04298  27   94.3
04299  26   95.0
04300  28   94.5
04301  29   96.0
04302  28   96.0
04303  28   95.3
04304  29   96.9
04305  29   95.4
04306  28   97.1
04307  29   97.8
04308  29   97.8
04309  28   95.4
04310  29   96.4
04311  29   97.5
04312  28   95.5
04313  27   97.9
04314  28   95.4
04315  29   97.0
04316  29   98.4
04317  28   97.6
04318  28   97.6
04319  29   96.6
04320  29   95.8
04321  29   96.6
04322  30   97.1
04323  29   96.8
04324  28   96.1
04325  28   96.5
04326  27   98.9
04327  29   97.7
04328  28   96.8
04329  28   96.4
04330  29   95.1
04331  28   97.5
04332  28   97.6
04333  29   98.5
04334  28   98.7
04335  29   97.2
04336  29   93.6
04337  28   97.4
04338  28   97.6
04339  29   97.6
04340  29   98.0
04341  27   97.0
04342  28   95.6
04343  29   93.2
04344  29   94.3
04345  28   96.2
04346  27   97.3
04347  27   96.4
04348  28   95.1
04349  29   95.7
04350  29   97.2
04351  29   96.7
04352  29   96.1
04353  29   94.1
04354  29   97.4
04355  28   97.1
04356  28   96.5
04357  28   98.3
04358  28   98.1
04359  29   93.3
04360  29   92.8
04361  28   94.4
04362  28   97.9
04363  27   96.9
04364  29   93.6
04365  29   94.4
04366  28   93.3
05001  29   94.9
05002  29   96.9
05003  28   97.8
05004  29   98.2
05005  29   95.7
05006  29   96.6
05007  29   97.1
05008  28   97.8
05009  28   98.6
05010  27   98.0
05011  28   97.4
05012  27   95.5
05013  29   93.6
05014  29   96.7
05015  28   96.3
05016  29   97.3
05017  28   94.5
05018  29   96.6
05019  29   97.5
05020  28   96.0
05021  29   93.0
05022  27   98.7
05023  28   96.9
05024  28   96.6
05025  28   94.2
05026  29   97.0
05027  29   96.1
05028  29   95.8
05029  29   96.1
05030  29   96.7
05031  29   98.2
05032  29   98.1
05033  28   97.4
05034  27   96.7
05035  27   98.7
05036  29   98.1
05037  28   97.2
05038  29   96.3
05039  28   98.0
05040  28   97.3
05041  29   96.3
05042  29   96.6
05043  28   96.2
05044  28   97.3
05045  28   97.0
05046  29   96.1
05047  29   97.2
05048  29   97.4
05049  29   96.1
05050  29   95.7
05051  29   97.0
05052  28   98.1
05053  29   98.2
05054  28   99.2
05055  28   97.7
05056  29   97.3
05057  28   98.2
05058  29   98.4
05059  29   98.6
05060  29   97.9
05061  27   98.8
05062  28   98.8
05063  29   99.0
05064  29   96.5
05065  28   99.1
05066  29   98.4
05067  28   98.6
05068  28   98.2
05069  28   99.2
05070  29   97.9
05071  29   98.5
05072  28   98.3
05073  29   97.5
05074  28   98.0
05075  29   97.7
05076  29   97.2
05077  27   97.1
05078  29   98.1
05079  29   98.5
05080  29   97.5
05081  28   98.3
05082  28   98.2
05083  28   97.1
05084  29   98.3
05085  29   98.8
05086  27   99.3
05087  29   98.7
05088  28   99.6
05089  29   98.1
05090  28   97.3
05091  28   98.2
05092  28   99.0
05093  27   98.8
05094  29   98.7
05095  28   99.2
05096  27   98.4
05097  29   97.3
05098  28   99.1
05099  29   98.3
05100  29   98.0
05101  29   98.2
05102  29   96.1
05103  28   97.4
05104   8   95.9
05105  29   98.3
05106  28   98.8
05107  27   99.0
05108  28   98.6
05109  29   98.6
05110  28   99.2
05111  28   98.2
05112  29   99.0
05113  29   99.2
05114  29   99.2
05115  29   99.1
05116  28   98.7
05117  29   97.9
05118  29   98.2
05119  27   98.5
05120  29   98.0
05121  29   97.9
05122  29   98.1
05123  29   97.8
05124  29   98.2
05125   9   97.5
05126  28   97.3
05127  26   98.1
05128  24   97.8
05129  27   99.3
05130  25   98.5
05131  28   98.4
05132  28   98.9
05133  28   98.8
05134  29   98.4
05135  29   97.6
05136  29   98.2
05137  28   99.2
05138  23   98.9
05139  28   98.4
05140  28   97.4
05141  28   98.1
05142  27   98.9
05143  27   98.3
05144  28   99.2
05145  29   98.3
05146  29   98.5
05147  29   96.0
05148  29   97.0
05149  29   97.2
05150  30   94.1
05151  28   97.9
05152  28   97.1
05153  28   97.8
05154  27   98.4
05155  28   97.7
05156  28   98.1
05157  27   98.5
05158  27   98.2
05159  27   98.0
05160  27   97.4
05161  27   97.0
05162  27   97.1
05163  27   93.9
05164  27   95.7
05165  27   97.7
05166  27   97.7
05167  27   97.8
05168  27   98.4
05169  27   98.1
05170  27   98.1
05171  27   98.6
05172  27   98.3
05173  27   97.4
05174  27   96.4
05175  27   98.0
05176  26   97.9
05177  24   98.4
05178  27   98.9
05179  27   97.0
05180  27   95.6
05181  27   97.6
05182  27   96.2
05183  27   97.9
05184  27   98.5
05185  27   96.3
05186  27   97.3
05187  27   96.5
05188  27   97.2
05189  27   93.7
05190  27   97.2
05191  26   96.6
05192  27   97.7
05193  27   98.3
05194  27   97.6
05195  27   98.1
05196  27   97.4
05197  27   96.9
05198  24   97.6
05199  25   98.0
05200  27   98.3
05201  27   99.1
05202  27   98.1
05203  27   97.7
05204  27   98.7
05205  27   98.4
05206  28   97.9
05207  27   98.6
05208  28   98.4
05209  28   98.1
05210  28   96.5
05211  26   97.1
05212  28   97.3
05213  27   98.5
05214  28   98.4
05215  27   96.9
05216  29   97.2
05217  29   98.0
05218  29   98.3
05219  26   99.1
05220  30   99.0
05221  30   98.1
05222  30   98.5
05223  30   97.7
05224  30   98.6
05225  29   98.6
05226  29   97.9
05227  28   98.4
05228  28   98.7
05229  12   98.6
05230  28   99.2
05231  27   98.6
05232  26   98.1
05233  25   98.4
05234  28   98.9
05235  29   98.4
05236  29   97.3
05237  29   97.9
05238  29   98.6
05239  29   97.0
05240  29   98.9
05241  29   98.3
05242  29   97.3
05243  28   96.5
05244  29   98.5
05245  29   97.3
05246  28   98.0
05247  28   97.6
05248  28   99.0
05249  28   99.1
05250  28   99.3
05251  29   98.3
05252  29   98.7
05253  29   98.6
05254  27   98.1
05255  29   98.1
05256  29   98.8
05257  29   98.1
05258  29   98.5
05259  30   98.7
05260  29   98.5
05261  28   99.5
05262  29   99.1
05263  29   98.2
05264  28   98.2
05265  29   98.7
05266  27   98.5
05267  27   98.6
05268  29   98.4
05269  28   97.6
05270  28   98.8
05271  28   97.9
05272  28   98.2
05273  28   98.9
05274  30   99.1
05275  29   98.7
05276  29   98.2
05277  29   97.4
05278  30   98.1
05279  29   98.1
05280  29   98.6
05281  29   97.1
05282  29   97.6
05283  26   98.5
05284  27   97.5
05285  30   97.2
05286  28   98.3
05287  29   98.7
05288  29   98.5
05289  29   98.3
05290  29   97.3
05291  28   97.6
05292  29   96.8
05293  29   97.8
05294  29   97.3
05295  30   96.7
05296  28   98.1
05297  29   97.9
05298  28   96.6
05299  29   98.1
05300  28   98.7
05301  26   98.9
05302  27   98.1
05303  27   98.5
05304  28   97.7
05305  28   97.8
05306  29   97.9
05307  30   97.8
05308  29   98.8
05309  28   98.5
05310  27   97.7
05311  29   97.1
05312  28   98.5
05313  30   96.9
05314  29   98.3
05315  28   98.8
05316  29   96.9
05317  28   96.8
05318  28   98.1
05319  28   98.6
05320  28   98.8
05321  28   98.2
05322  28   97.5
05323  28   98.3
05324  28   98.6
05325  28   98.5
05326  30   99.1
05327  28   97.8
05328  28   96.9
05329  28   97.8
05330  29   98.3
05331  29   99.0
05332  31   98.1
05333  30   98.9
05334  31   97.6
05335  31   97.1
05336  30   95.7
05337  30   95.8
05338  30   97.1
05339  30   97.7
05340  29   97.9
05341  28   97.9
05342  28   97.8
05343  28   96.5
05344  28   94.1
05345  27   97.4
05346  26   97.2
05347  26   95.5
05348  31   97.8
05349  28   96.7
05350  27   95.6
05351  26   95.7
05352  27   95.8
05353  27   94.5
05354  29   94.2
05355  30   95.4
05356  30   96.1
05357  26   97.5
05358  25   96.9
05359  26   96.1
05360  25   96.2
05361  25   95.9
05362  25   97.0
05363  25   95.6
05364  25   95.6
05365  25   94.7
06001  28   93.5
06002  28   94.7
06003  28   96.9
06004  28   96.0
06005  28   96.8
06006  31   93.9
06007  14   95.5
06008  12   93.5
06009  30   96.6
06010  28   96.0
06011  28   96.8
06012  28   96.2
06013  28   96.9
06014  28   96.2
06015  28   96.1
06016  28   93.6
06017  29   94.3
06018  28   95.5
06019  28   94.0
06020  14   94.2
06021  30   97.0
06022  30   97.0
06023  30   97.2
06024  30   97.0
06025  30   95.6
06026  30   95.9
06027  30   96.2
06028  30   95.6
06029  28   96.4
06030  28   97.0
06031  27   97.6
06032  30   96.3
06033  30   96.9
06034  18   97.1
06035  29   96.9
06036  30   96.0
06037  30   94.0
06038  29   96.4
06039  28   95.9
06040  29   97.1
06041  28   97.5
06042  29   97.0
06043  29   96.7
06044  28   96.9
06045  29   97.9
06046  29   96.3
06047  29   94.2
06048  29   94.9
06049  29   95.8
06050  28   94.5
06051  29   95.3
06052  30   95.4
06053  30   95.6
06054  30   96.8
06055  30   97.5
06056  30   97.3
06057  30   96.7
06058  29   96.6
06059  29   96.0
06060  29   96.4
06061  28   96.7
06062  29   96.9
06063  28   96.4
06064  25   97.0
06065  25   94.8
06066  28   97.1
06067  29   96.9
06068  29   95.9
06069  29   97.1
06070  27   97.8
06071  26   97.3
06072  27   96.9
06073  31   97.1
06074  30   96.5
06075  28   96.1
06076  28   96.9
06077  28   97.2
06078  28   97.3
06079  29   96.8
06080  28   97.3
06081  28   96.7
06082  28   97.5
06083  28   96.7
06084  28   96.7
06085  28   96.8
06086  27   96.4
06087  28   97.1
06088  29   97.2
06089  29   97.2
06090  29   97.1
06091  29   97.0
06092  28   97.1
06093  28   96.9
06094  30   97.6
06095  29   97.4
06096  29   95.9
06097  29   96.2
06098  29   97.0
06099  26   96.9
06100  26   95.3
06101  29   96.8
06102  28   96.5
06103  29   97.0
06104  29   95.6
06105  29   96.5
06106  28   97.8
06107  28   97.3
06108  29   97.1
06109  29   97.7
06110  29   96.9
06111  31   97.3
06112  28   97.4
06113  28   96.9
06114  28   96.8
06115  28   97.1
06116  28   97.2
06117  28   96.8
06118  28   96.9
06119  29   97.3
06120  25   96.6
06121  25   97.1
06122  27   96.5
06123  29   97.2
06124  28   97.1
06125  28   94.9
06126  26   95.3
06127  26   96.9
06128  28   97.3
06129  29   96.7
06130  29   97.0
06131  29   96.5
06132  29   97.1
06133  29   97.4
06134  29   97.4
06135  29   96.7
06136  30   95.8
06137  29   96.5
06138  27   95.9
06139  28   97.0
06140  28   96.7
06141  28   97.4
06142  28   96.4
06143  28   96.5
06144  28   95.8
06145  28   95.9
06146  28   95.7
06147  28   96.6
06148  28   96.7
06149  30   96.7
06150  28   95.7
06151  29   96.2
06152  31   96.5
06153  28   97.2
06154  28   95.5
06155  28   95.7
06156  28   96.2
06157  27   94.5
06158  28   95.8
06159  28   97.2
06160  28   96.6
06161  26   97.0
06162  25   96.9
06163  28   94.0
06164  28   94.7
06165  28   96.2
06166  28   95.7
06167  28   97.0
06168  28   96.4
06169  28   96.0
06170  28   95.3
06171  28   96.4
06172  28   95.4
06173  27   95.5
06174  27   96.6
06175  28   95.5
06176  28   95.3
06177  28   96.6
06178  27   94.9
06179  29   95.7
06180  29   95.7
06181  29   97.0
06182  30   95.9
06183  28   96.6
06184  28   93.5
06185  30   95.7
06186  30   95.9
06187  30   94.1
06188  29   96.7
06189  29   95.8
06190  29   94.1
06191  31   94.1
06192  30   95.2
06193  29   95.3
06194  30   94.9
06195  30   95.9
06196  30   96.9
06197  30   97.0
06198  29   96.0
06199  27   95.9
06200  29   97.2
06201  29   96.2
06202  29   96.6
06203  29   96.1
06204  29   96.5
06205  28   97.3
06206  29   96.4
06207  30   95.7
06208  29   96.0
06209  28   95.1
06210  28   95.9
06211  27   95.1
06212  28   96.6
06213  29   97.5
06214  28   96.8
06215  28   96.8
06216  28   97.9
06217  28   97.3
06218  31   96.4
06219  28   96.0
06220  28   96.3
06221  29   97.3
06222  28   97.5
06223  28   96.3
06224  28   96.8
06225  28   96.4
06226  28   97.0
06227  28   96.3
06228  28   96.5
06229  28   96.0
06230  28   95.5
06231  28   96.7
06232  28   97.3
06233  28   97.0
06234  28   97.6
06235  28   96.5
06236  28   97.3
06237  28   97.2
06238  26   97.0
06239  26   97.1
06240  27   96.6
06241  27   96.9
06242  27   97.4
06243  27   97.2
06244  27   97.9
06245  28   97.6
06246  27   96.9
06247  28   95.7
06248  28   94.9
06249  27   95.9
06250  28   96.7
06251  27   97.3
06252  28   97.5
06253  26   97.3
06254  28   97.0
06255  28   97.0
06256  28   96.6
06257  25   96.4
06258  27   96.0
06259  25   97.9
06260  26   95.4
06261  26   95.6
06262  24   94.7
06263  26   95.4
06264  26   98.1
06265  25   97.2
06266  26   97.1
06267  26   92.1
06268  26   96.0
06269  26   97.0
06270  28   97.5
06271  26   96.6
06272  27   95.8
06273  25   97.2
06274  26   93.6
06275  27   94.8
06276  25   97.1
06277  26   97.1
06278  26   97.2
06279  25   97.3
06280  27   97.5
06281  27   96.1
06282  25   97.3
06283  25   96.7
06284  27   96.2
06285  26   97.5
06286  26   95.4
06287  26   95.8
06288  26   95.1
06289  26   94.7
06290  26   95.8
06291  26   95.9
06292  26   95.6
06293  26   96.0
06294  27   94.4
06295  26   96.3
06296  26   95.5
06297  26   94.4
06298  26   92.9
06299  27   95.0
06300  26   96.2
06301  26   95.5
06302  27   95.6
06303  27   95.2
06304  27   95.2
06305  27   96.3
06306  27   95.2
06307  27   95.3
06308  26   96.1
06309  25   96.1
06310  26   94.1
06311  25   96.0
06312  26   95.6
06313  27   95.2
06314  27   95.3
06315  27   95.2
06316  26   91.9
06317  27   93.5
06318  28   94.4
06319  29   93.4
06320  28   93.0
06321  28   93.8
06322  28   95.6
06323  27   96.4
06324  27   94.8
06325  27   96.0
06326  27   95.8
06327  27   93.3
06328  27   94.3
06329  26   93.3
06330  26   94.3
06331  27   94.9
06332  27   94.5
06333  27   95.1
06334  28   92.7
06335  28   95.0
06336  27   95.9
06337  27   95.0
06338  28   95.0
06339  27   95.0
06340  27   92.3
06341  28   94.2
06342  28   94.2
06343  28   94.6
06344  27   95.5
06345  28   95.6
06346  28   94.1
06347  28   95.5
06348  27   94.4
06349  28   93.0
06350   9   93.3
06351   9   94.2
06352  28   94.0
06353  28   95.3
06354  28   94.4
06355  28   95.0
06356  28   95.4
06357  27   93.6
06358  27   94.7
06359  26   94.3
06360  27   93.8
06361  27   94.8
06362  27   94.0
06363  27   94.6
06364  27   95.2
06365  27   95.1
07001  27   94.4
07002  27   94.2
07003  28   93.1
07004  28   91.5
07005  27   92.3
07006  27   94.1
07007  27   94.6
07008  27   93.9
07009  27   94.3
07010  27   94.0
07011  26   93.1
07012  27   92.4
07013  26   93.3
07014  26   93.2
07015  27   93.7
07016  27   93.5
07017  27   93.9
07018  26   93.2
07019  27   93.8
07020  26   93.9
07021  26   92.4
07022  27   94.1
07023  27   94.4
07024  27   95.3
07025  27   95.1
07026  27   94.2
07027  27   95.5
07028  27   95.5
07029  27   94.0
07030  27   91.6
07031  27   94.2
07032  27   94.3
07033  27   92.9
07034  28   94.4
07035  28   93.9
07036  28   94.7
07037  28   95.4
07038  29   95.2
07039  27   94.1
07040  28   94.6
07041  28   95.0
07042  28   93.5
07043  28   91.0
07044  27   93.2
07045  28   95.7
07046  28   95.2
07047  28   94.7
07048  29   95.1
07049  28   94.8
07050  29   94.6
07051  28   91.1
07052  29   92.9
07053  29   94.7
07054  29   94.0
07055  28   94.3
07056  26   95.1
07057  29   94.8
07058  29   94.9
07059  27   94.4
07060  28   94.5
07061  28   94.9
07062  28   95.1
07063  28   94.6
07064  27   94.0
07065  28   94.6
07066  29   93.9
07067  30   93.7
07068  29   94.1
07069  28   94.4
07070  29   95.0
07071  30   94.0
07072  28   94.4
07073  28   94.9
07074  29   92.0
07075  30   93.7
07076  29   94.9
07077  29   95.0
07078  29   94.9
07079  28   95.0
07080  28   94.1
07081  29   94.4
07082  29   94.6
07083  29   94.5
07084  29   94.8
07085  29   94.7
07086  29   94.6
07087  29   94.6
07088  29   95.6
07089  30   95.5
07090  30   95.7
07091  29   94.3
07092  29   93.4
07093  30   94.0
07094  30   91.9
07095  29   95.3
07096  29   95.3
07097  29   95.3
07098  29   95.3
07099  29   96.1
07100  30   95.1
07101  29   95.1
07102  29   93.6
07103  30   94.9
07104  29   95.1
07105  30   95.2
07106  30   95.6
07107  30   94.7
07108  30   95.7
07109  29   95.3
07110  30   95.5
07111  29   95.5
07112  29   94.4
07113  29   94.0
07114  27   95.3
07115  30   95.1
07116  29   94.8
07117  29   95.6
07118  30   95.5
07119  29   95.7
07120  30   95.9
07121  28   95.3
07122  30   94.8
07123  29   95.5
07124  28   95.3
07125  29   94.9
07126  28   93.6
07127  29   95.1
07128  29   93.2
07129  30   95.8
07130  29   94.0
07131  29   95.0
07132  29   94.1
07133  29   93.4
07134  30   93.5
07135  29   94.8
07136  29   94.9
07137  29   95.3
07138  29   94.8
07139  29   94.5
07140  29   95.0
07141  29   94.7
07142  28   93.6
07143  28   94.0
07144  26   94.3
07145  28   95.7
07146  28   95.8
07147  27   95.6
07148  28   95.0
07149  28   95.1
07150  27   95.4
07151  30   95.1
07152  29   95.0
07153  28   95.1
07154  28   95.1
07155  29   94.0
07156  30   94.3
07157  31   94.8
07158  28   94.9
07159  30   94.1
07160  30   93.8
07161  30   93.6
07162  30   94.6
07163  27   91.9
07164  29   92.9
07165  29   93.0
07166  28   94.7
07167  28   93.3
07168  28   95.5
07169  28   95.4
07170  29   95.0
07171  28   94.3
07172  30   94.9
07173  27   94.7
07174  29   95.4
07175  28   94.1
07176  28   94.8
07177  28   95.3
07178  29   94.3
07179  29   94.5
07180  29   94.5
07181  30   95.1
07182  30   95.4
07183  28   95.2
07184  29   94.7
07185  29   94.6
07186  29   94.8
07187  28   93.7
07188  29   94.9
07189  29   95.0
07190  30   93.4
07191  30   95.9
07192  30   93.1
07193  29   95.0
07194  29   92.9
07195  29   94.0
07196  30   95.9
07197  29   95.1
07198  31   93.1
07199  30   95.3
07200  30   94.7
07201  31   93.3
07202  12   94.0
07203  12   94.3
07204  30   95.5
07205  30   95.5
07206  30   96.0
07207  30   95.0
07208  29   95.2
07209  30   95.4
07210  30   95.2
07211  30   95.3
07212  30   95.2
07213  30   94.3
07214  30   94.8
07215  30   95.7
07216  30   94.6
07217  29   94.2
07218  30   94.8
07219  30   94.8
07220  28   94.3
07221  30   95.2
07222  29   94.8
07223  30   95.7
07224  30   95.4
07225  30   94.7
07226  30   96.5
07227  30   96.5
07228  30   92.6
07229  30   93.4
07230  29   94.9
07231  29   94.6
07232  30   94.8
07233  29   95.4
07234  30   94.9
07235  28   94.7
07236  29   96.3
07237  29   95.9
07238  29   95.2
07239  27   94.7
07240  27   94.7
07241  28   95.3
07242  27   95.4
07243  27   95.3
07244  29   95.9
07245  29   95.6
07246  27   95.1
07247  27   95.0
07248  28   94.7
07249  27   94.7
07250  28   95.0
07251  28   95.2
07252  29   95.6
07253  29   95.4
07254  28   95.5
07255  29   95.4
07256  31   95.1
07257  29   95.3
07258  30   95.4
07259  31   95.3
07260  28   94.7
07261  29   94.3
07262  29   94.6
07263  29   94.4
07264  30   95.6
07265  29   94.9
07266  29   95.1
07267  29   94.7
07268  29   95.4
07269  29   95.6
07270  29   95.3
07271  29   95.9
07272  28   95.5
07273  29   95.7
07274  30   95.2
07275  30   95.2
07276  29   95.4
07277  29   95.1
07278  29   94.9
07279  29   95.2
07280  29   95.3
07281  29   93.6
07282  28   96.1
07283  29   95.9
07284  29   95.7
07285  29   95.3
07286  29   96.0
07287  30   95.6
07288  29   95.6
07289  29   96.0
07290  29   93.6
07291  29   93.9
07292  29   95.4
07293  29   94.7
07294  29   95.6
07295  29   95.2
07296  29   95.2
07297  29   95.2
07298  29   94.6
07299  29   94.5
07300  29   94.4
07301  29   94.4
07302  30   94.3
07303  29   93.7
07304  29   92.4
07305  29   93.2
07306  29   93.6
07307  29   91.9
07308  24   93.5
07309  28   92.8
07310  28   93.2
07311  29   93.4
07312  26   93.2
07313  28   92.7
07314  29   93.8
07315  28   93.9
07316  28   93.7
07317  28   91.8
07318  28   92.4
07319  28   92.4
07320  28   93.1
07321  28   93.3
07322  29   93.1
07323  29   93.4
07324  28   91.7
07325  28   92.5
07326  29   93.9
07327  28   93.9
07328  28   92.1
07329  27   93.1
07330  28   90.8
07331  27   93.1
07332  29   93.9
07333  28   93.6
07334  29   93.7
07335  26   93.6
07336  26   92.2
07337  26   92.2
07338  29   92.9
07339  27   92.2
07340  27   92.8
07341  28   91.5
07342  28   90.8
07343  28   91.4
07344  29   91.8
07345  30   92.0
07346  27   91.9
07347  26   92.7
07348  28   90.6
07349  27   91.7
07350  26   92.1
07351  26   92.5
07352  27   91.6
07353  27   90.2
07354  28   92.3
07355  27   93.3
07356  27   93.6
07357  28   93.1
07358  27   92.7
07359  27   93.5
07360  28   93.9
07361  27   92.3
07362  27   91.8
07363  27   94.0
07364  27   92.7
07365  27   92.2
08001  27   93.2
08002  27   92.5
08003  27   91.5
08004  27   91.3
08005  28   88.9
08006  27   88.9
08007  30   91.2
08008  27   89.5
08009  27   92.0
08010  27   89.6
08011  28   92.2
08012  28   92.5
08013  28   93.2
08014  28   93.3
08015  28   92.6
08016  28   90.0
08017  27   93.8
08018  28   92.1
08019  28   91.8
08020  28   92.3
08021  28   89.4
08022  30   93.0
08023  29   90.4
08024  29   92.9
08025  29   92.4
08026  29   93.0
08027  29   92.1
08028  30   91.9
08029  29   90.4
08030   9   88.0
08031   9   89.3
08032  10   89.3
08033  10   90.9
08034  10   90.8
08035  11   89.8
08036  11   91.0
08037   8   87.2
08038   9   90.1
08039  10   90.7
08040  28   91.2
08041  29   90.9
08042  29   92.1
08043  28   90.6
08044  28   92.1
08045  28   92.1
08046  28   91.0
08047  29   92.5
08048  29   92.7
08049  29   92.1
08050  29   85.6
08051  29   91.9
08052  28   92.7
08053  28   89.0
08054  28   91.7
08055  27   92.3
08056  29   91.2
08057  32   90.5
08058  30   91.8
08059  29   90.6
08060  29   92.0
08061  30   90.0
08062  27   92.0
08063  29   93.0
08064  29   94.0
08065  29   90.8
08066  30   92.6
08067  29   93.0
08068  29   92.9
08069  29   92.8
08070  28   89.0
08071  29   93.3
08072  29   93.1
08073  30   88.4
08074  29   92.6
08075  29   93.5
08076  29   93.7
08077  29   93.8
08078  28   92.1
08079  29   94.2
08080  31   92.7
08081  31   93.3
08082  29   94.3
08083  29   93.5
08084  28   93.0
08085  30   91.4
08086  30   91.3
08087  30   92.0
08088  31   93.3
08089  29   93.0
08090  29   92.8
08091  29   92.5
08092  30   92.7
08093  30   91.4
08094  30   92.5
08095  30   93.3
08096  30   93.6
08097  31   93.6
08098  30   93.5
08099  31   93.8
08100  30   93.5
08101  29   93.4
08102  30   93.3
08103  30   93.8
08104  30   93.2
08105  30   93.7
08106  30   88.4
08107  29   93.2
08108  30   93.5
08109  30   93.6
08110  30   94.0
08111  30   93.9
08112  30   94.1
08113  32   92.4
08114  31   93.3
08115  30   92.8
08116  31   92.5
08117  31   93.5
08118  28   93.9
08119  28   92.5
08120  28   93.8
08121  30   91.8
08122  31   91.6
08123  30   94.0
08124  30   93.5
08125  29   93.7
08126  30   93.1
08127  30   92.7
08128  29   89.9
08129  30   93.8
08130  30   94.3
08131  30   94.0
08132  29   94.6
08133  29   94.6
08134  31   93.6
08135  32   93.6
08136  31   93.7
08137  30   93.9
08138  31   93.9
08139  30   93.8
08140  31   90.8
08141  31   91.7
08142  30   89.8
08143  30   93.5
08144  30   93.6
08145  30   94.2
08146  30   92.9
08147  31   92.5
08148  31   93.2
08149  30   93.2
08150  29   93.8
08151  29   93.2
08152  29   93.8
08153  29   93.4
08154  30   92.9
08155  28   93.1
08156  28   93.7
08157  28   93.3
08158  30   92.8
08159  27   92.6
08160  26   93.1
08161  28   93.2
08162  28   92.9
08163  29   91.5
08164  28   91.7
08165  28   93.8
08166  30   93.2
08167  28   90.6
08168  30   92.2
08169  31   92.6
08170  29   93.2
08171  30   93.5
08172  30   93.7
08173  30   94.3
08174  30   92.9
08175  30   92.7
08176  30   93.0
08177  30   93.0
08178  29   93.2
08179  32   91.9
08180  29   93.7
08181  30   92.6
08182  31   90.6
08183  30   92.8
08184  30   93.2
08185  31   92.8
08186  30   94.0
08187  30   92.7
08188  29   92.7
08189  30   93.2
08190  30   94.1
08191  30   94.1
08192  30   93.2
08193  30   92.8
08194  30   93.1
08195  30   93.6
08196  29   91.6
08197  30   92.7
08198  30   93.6
08199  30   93.8
08200  30   93.1
08201  30   92.8
08202  30   93.5
08203  30   92.8
08204  13   88.7
08205  12   91.0
08206  11   90.0
08207  12   91.7
08208  13   92.2
08209  30   93.7
08210  30   93.7
08211  30   94.4
08212  30   94.3
08213  31   93.5
08214  30   94.0
08215  30   93.7
08216  30   93.5
08217  31   92.4
08218  32   93.0
08219  30   93.6
08220  30   92.3
08221  31   92.7
08222  28   92.1
08223  29   93.4
08224  29   93.2
08225  30   93.1
08226  30   91.4
08227  28   93.6
08228  29   93.9
08229  29   93.9
08230  29   91.7
08231  28   92.1
08232  29   88.6
08233  28   93.2
08234  28   93.7
08235  29   93.4
08236  30   93.6
08237  29   93.4
08238  28   93.4
08239  29   94.0
08240  28   92.6
08241  28   92.9
08242  28   94.3
08243  29   93.3
08244  30   93.0
08245  29   93.1
08246  29   93.5
08247  29   92.9
08248  29   88.3
08249  29   90.9
08250  29   91.7
08251  28   92.5
08252  29   92.7
08253  29   92.8
08254  30   90.3
08255  28   92.4
08256  28   92.6
08257  26   92.0
08258  28   92.0
08259  28   92.4
08260  29   92.4
08261  30   94.4
08262  28   93.7
08263  30   93.8
08264  30   93.6
08265  30   94.0
08266  28   91.2
08267  29   93.7
08268  30   93.1
08269  27   92.8
08270  26   93.4
08271  27   93.2
08272  28   93.8
08273  29   92.6
08274  29   92.9
08275  29   93.7
08276  29   92.8
08277  28   93.1
08278  28   92.9
08279  28   91.9
08280  28   93.0
08281  29   92.3
08282  29   93.6
08283  29   93.5
08284  29   94.1
08285  29   93.4
08286  29   93.5
08287  30   93.4
08288  29   91.9
08289  29   94.2
08290  29   91.2
08291  29   93.6
08292  30   92.4
08293  30   92.9
08294  29   94.0
08295  30   93.9
08296  30   93.9
08297  30   93.4
08298  30   93.9
08299  30   94.0
08300  30   93.3
08301  30   93.5
08302  30   89.7
08303  30   89.7
08304  30   93.2
08305  29   93.3
08306  29   93.6
08307  29   94.0
08308  30   91.7
08309  30   94.2
08310  29   90.3
08311  30   89.1
08312  29   94.0
08313  30   92.4
08314  29   92.7
08315  30   93.8
08316  30   94.0
08317  30   93.1
08318  31   89.6
08319  31   93.4
08320  30   94.2
08321  30   89.8
08322  30   91.3
08323  30   91.6
08324  30   94.0
08325  30   93.0
08326  31   92.3
08327  30   93.1
08328  29   94.1
08329  30   93.8
08330  30   92.7
08331  30   92.4
08332  30   92.6
08333  31   92.4
08334  30   92.9
08335  30   94.2
08336  30   93.9
08337  30   93.9
08338  30   92.6
08339  31   92.6
08340  30   93.7
08341  30   93.4
08342  29   94.6
08343  30   94.1
08344  30   94.3
08345  30   93.9
08346  31   89.1
08347  30   89.1
08348  30   93.8
08349  30   94.0
08350  30   93.3
08351  30   93.6
08352  30   93.9
08353  30   93.3
08354  30   92.9
08355  31   92.5
08356  31   92.6
08357  30   94.0
08358  30   93.8
08359  30   93.5
08360  29   94.2
08361  29   94.0
08362  29   93.8
08363  29   93.9
08364  29   90.8
08365  29   91.5
08366  10   89.3
09001  12   90.1
09002  30   91.6
09003  30   93.8
09004  28   94.2
09005  30   93.0
09006  30   92.1
09007  30   93.2
09008  30   94.3
09009  30   94.9
09010  30   93.6
09011  30   94.0
09012  30   90.4
09013  30   89.8
09014  31   86.5
09015  30   92.7
09016  30   90.8
09017  30   93.6
09018  31   93.6
09019  31   92.3
09020  30   92.9
09021  31   92.6
09022  30   93.8
09023  30   93.5
09024  30   93.9
09025  30   93.5
09026  29   93.3
09027  30   94.0
09028  30   92.2
09029  30   90.7
09030  30   89.0
09031  30   93.4
09032  30   93.1
09033  30   88.9
09034  31   92.2
09035  30   92.3
09036  30   93.1
09037  31   92.2
09038  30   93.1
09039  30   93.4
09040  30   92.8
09041  31   91.4
09042  31   88.6
09043  30   89.4
09044  31   93.5
09045  30   93.0
09046  31   93.9
09047  31   93.1
09048  30   93.2
09049  30   93.9
09050  30   93.5
09051  30   92.6
09052  31   91.8
09053  30   91.4
09054  31   92.0
09055  30   92.3
09056  30   88.1
09057  31   91.0
09058  30   91.7
09059  30   91.5
09060  28   92.2
09061  29   92.5
09062  29   93.6
09063  30   93.7
09064  29   92.7
09065  29   93.6
09066  29   93.3
09067  29   93.7
09068  29   94.0
09069  29   93.6
09070  29   93.2
09071  29   92.1
09072  29   94.0
09073  29   94.3
09074  29   94.0
09075  29   94.0
09076  29   94.2
09077  31   92.3
09078  31   91.9
09079  30   94.3
09080  31   93.1
09081  31   93.4
09082  30   93.6
09083  31   92.0
09084  32   86.6
09085  30   93.4
09086  31   93.1
09087  30   93.6
09088  30   93.9
09089  31   90.1
09090  30   93.1
09091  30   93.0
09092  30   92.5
09093  30   92.1
09094  30   92.8
09095  30   93.1
09096  30   93.7
09097  30   93.0
09098  31   94.2
09099  30   92.8
09100  30   93.7
09101  29   93.5
09102  30   93.7
09103  30   92.6
09104  30   93.6
09105  29   93.7
09106  30   94.4
09107  30   94.0
09108  30   93.6
09109  30   93.5
09110  30   93.5
09111  30   88.0
09112  30   94.4
09113  32   92.6
09114  31   91.4
09115  30   93.1
09116  30   93.8
09117  30   93.9
09118  30   92.7
09119  30   93.2
09120  30   93.2
09121  30   93.8
09122  30   92.7
09123  30   93.4
09124  30   94.2
09125  30   92.7
09126  30   93.2
09127  30   93.3
09128  30   93.7
09129  30   93.2
09130  30   93.3
09131  30   93.8
09132  30   93.9
09133  30   92.7
09134  30   93.0
09135  30   92.4
09136  30   93.1
09137  30   92.8
09138  31   91.0
09139  29   91.6
09140  30   93.5
09141  30   92.9
09142  30   92.7
09143  30   94.0
09144  30   94.0
09145  30   92.7
09146  30   91.7
09147  30   90.9
09148  30   92.9
09149  30   89.5
09150  31   93.7
09151  31   93.6
09152  30   92.4
09153  30   92.3
09154  30   92.0
09155  30   93.8
09156  31   93.0
09157  31   91.7
09158  29   90.9
09159  30   92.1
09160  31   92.1
09161  30   91.5
09162  30   91.7
09163  30   91.4
09164  31   91.0
09165  30   89.9
09166  30   92.1
09167  30   92.5
09168  30   87.6
09169  31   91.1
09170  31   88.9
09171  30   90.1
09172  30   92.2
09173  30   92.8
09174  30   92.0
09175  31   90.9
09176  30   92.2
09177  29   92.0
09178  29   92.1
09179  29   91.4
09180  29   91.9
09181  30   91.9
09182  30   91.5
09183  30   91.2
09184  30   90.6
09185  29   91.7
09186  29   91.1
09187  31   91.0
09188  30   91.7
09189  30   91.4
09190  30   92.2
09191  30   91.2
09192  30   91.1
09193  30   91.9
09194  30   90.1
09195  30   90.7
09196  30   90.6
09197  30   90.1
09198  31   90.3
09199  31   91.2
09200  31   91.1
09201  30   86.1
09202  30   91.8
09203  30   90.0
09204  30   90.3
09205  30   92.3
09206  30   90.8
09207  29   91.5
09208  30   92.8
09209  30   91.9
09210  30   91.8
09211  30   86.6
09212  30   89.6
09213  30   90.9
09214  30   91.2
09215  30   91.4
09216  30   91.0
09217  30   90.8
09218  30   90.8
09219  30   90.5
09220  30   91.4
09221  30   91.8
09222  31   88.6
09223  30   91.1
09224  30   86.8
09225  30   91.2
09226  30   88.9
09227  30   91.6
09228  30   90.7
09229  30   91.2
09230  30   91.9
09231  30   92.6
09232  30   92.2
09233  30   93.3
09234  29   92.0
09235  30   91.1
09236  28   91.3
09237  29   90.8
09238  29   90.9
09239  29   90.9
09240  30   90.9
09241  30   90.8
09242  30   90.3
09243  30   88.6
09244  30   89.6
09245  32   88.8
09246  31   87.2
09247  31   86.9
09248  30   90.2
09249  30   91.6
09250  30   89.3
09251  31   90.0
09252  30   90.6
09253  30   90.9
09254  30   84.5
09255  30   90.7
09256  30   89.8
09257  30   92.9
09258  30   92.0
09259  30   91.5
09260  29   90.9
09261  30   91.3
09262  30   91.1
09263  30   91.3
09264  30   90.9
09265  29   91.7
09266  30   91.3
09267  30   91.3
09268  31   91.3
09269  30   90.6
09270  29   90.0
09271  29   91.6
09272  29   92.7
09273  20   89.1
09274  26   90.9
09275  30   86.1
09276  30   91.4
09277  30   90.9
09278  30   86.4
09279  30   91.9
09280  29   91.0
09281  32   88.5
09282  30   92.3
09283  30   91.3
09284  30   91.5
09285  30   91.0
09286  31   90.1
09287  31   84.7
09288  30   84.9
09289  30   91.8
09290  31   91.2
09291  30   90.6
09292  31   91.7
09293  30   91.5
09294  29   90.2
09295  30   87.2
09296  30   88.9
09297  30   91.1
09298  29   91.5
09299  30   91.4
09300  30   92.1
09301  30   92.9
09302  30   90.8
09303  30   86.8
09304  30   91.3
09305  30   92.0
09306  30   90.6
09307  30   92.5
09308  29   91.0
09309  30   91.4
09310  29   94.2
09311  31   93.1
09312  30   92.2
09313  30   91.3
09314  30   91.9
09315  31   91.6
09316  31   89.9
09317  30   89.7
09318  31   91.0
09319  31   91.6
09320  31   92.3
09321  31   92.1
09322  31   90.8
09323  31   91.8
09324  31   91.6
09325  31   91.8
09326  31   93.7
09327  31   92.3
09328  31   92.7
09329  31   91.9
09330  31   91.4
09331  31   93.1
09332  31   94.8
09333  31   94.0
09334  31   93.1
09335  31   92.8
09336  31   91.9
09337  31   92.8
09338  31   92.2
09339  31   91.7
09340  31   92.8
09341  31   91.7
09342  31   87.3
09343  31   89.6
09344  31   86.8
09345  31   85.8
09346  31   90.5
09347  31   89.2
09348  31   90.5
09349  31   90.6
09350  31   92.1
09351  31   92.5
09352  31   91.0
09353  30   91.3
09354  31   92.0
09355  31   92.1
09356  30   92.2
09357  31   93.6
09358  31   92.0
09359  30   93.1
09360  30   91.9
09361  30   92.0
09362  31   89.2
09363  31   93.4
09364  31   90.9
09365  31   93.2
10001  31   93.0
10002  31   92.6
10003  31   92.3
10004  31   92.0
10005  31   92.5
10006  30   93.4
10007  31   93.2
10008  31   92.7
10009  31   91.0
10010  31   93.1
10011  31   92.0
10012  31   93.0
10013  31   86.9
10014  31   92.8
10015  31   94.9
10016  31   91.8
10017  31   92.7
10018  30   91.2
10019  30   93.5
10020  31   91.6
10021  30   92.4
10022  30   92.3
10023  31   92.4
10024  31   93.0
10025  31   93.6
10026  31   87.1
10027  30   94.1
10028  31   93.2
10029  31   92.3
10030  31   92.5
10031  31   93.7
10032  30   91.7
10033  32   93.1
10034  31   94.6
10035  31   92.9
10036  31   93.1
10037  31   93.1
10038  31   93.7
10039  31   92.7
10040  31   92.1
10041  31   92.6
10042  30   93.2
10043  30   94.6
10044  31   93.2
10045  31   93.0
10046  32   88.4
10047  31   91.6
10048  31   91.0
10049  31   90.5
10050  31   87.8
10051  31   91.6
10052  31   92.3
10053  31   91.9
10054  31   92.5
10055  31   92.2
10056  31   91.7
10057  31   91.8
10058  31   92.0
10059  31   91.5
10060  31   93.6
10061  31   91.7
10062  31   93.7
10063  31   92.4
10064  31   91.4
10065  31   92.4
10066  31   91.7
10067  31   91.8
10068  31   91.1
10069  31   92.4
10070  31   93.5
10071  31   89.5
10072  31   92.2
10073  31   90.5
10074  31   90.6
10075  31   91.3
10076  31   90.5
10077  31   93.0
10078  31   92.9
10079  31   93.3
10080  31   92.1
10081  30   92.4
10082  31   89.0
10083  30   91.0
10084  29   90.4
10085  29   93.0
10086  29   93.8
10087  30   93.6
10088  29   92.7
10089  31   93.2
10090  31   93.5
10091  32   89.3
10092  31   93.1
10093  32   79.2
10094  20   78.4
10095  23   81.1
10096  30   91.4
10097  32   89.9
10098  31   90.5
10099  31   91.5
10100  31   94.4
10101  31   94.4
10102  31   94.7
10103  31   95.1
10104  31   94.2
10105  31   93.6
10106  31   91.6
10107  31   95.2
10108  31   94.9
10109  31   95.0
10110  32   93.9
10111  31   92.8
10112  31   89.6
10113  31   93.5
10114  32   94.3
10115  31   95.4
10116  30   95.5
10117  31   94.9
10118  31   95.2
10119  31   95.2
10120  31   94.4
10121  31   95.2
10122  31   93.9
10123  31   91.1
10124  31   94.5
10125  31   94.9
10126  31   95.1
10127  31   94.5
10128  31   95.1
10129  31   94.5
10130  31   92.6
10131  31   94.4
10132  31   94.1
10133  31   94.6
10134  31   95.2
10135  31   94.2
10136  31   94.2
10137  31   92.3
10138  31   93.9
10139  31   95.4
10140  31   94.8
10141  31   94.9
10142  31   95.3
10143  31   94.6
10144  31   94.5
10145  31   92.7
10146  31   92.0
10147  31   93.4
10148  31   94.4
10149  31   95.0
10150  31   95.8
10151  31   95.2
10152  31   95.2
10153  31   95.0
10154  31   93.4
10155  30   96.3
10156  30   94.7
10157  30   95.6
10158  30   96.1
10159  29   94.8
10160  30   89.0
10161  29   93.8
10162  30   92.4
10163  29   94.0
10164  31   94.5
10165  30   94.8
10166  30   95.3
10167  31   94.2
10168  31   95.3
10169  30   96.4
10170  31   93.6
10171  42   92.5
10172  43   90.9
10173  31   94.4
10174  31   92.2
10175  31   90.4
10176  31   94.3
10177  30   93.3
10178  30   94.1
10179  30   95.4
10180  31   94.7
10181  29   96.0
10182  30   95.3
10183  30   94.5
10184  30   94.1
10185  30   92.0
10186  30   90.9
10187  31   94.7
10188  31   95.3
10189  30   95.9
10190  30   94.8
10191  30   93.7
10192  30   93.3
10193  30   92.0
10194  30   93.7
10195  30   93.7
10196  30   93.4
10197  30   94.1
10198  30   93.4
10199  28   94.0
10200  30   91.9
10201  30   92.5
10202  30   92.5
10203  30   91.3
10204  30   92.6
10205  30   95.0
10206  30   95.3
10207  30   90.4
10208  30   94.5
10209  31   92.6
10210  32   90.2
10211  32   94.8
10212  31   95.3
10213  30   92.8
10214  31   91.2
10215  31   91.7
10216  31   90.7
10217  31   93.5
10218  32   92.3
10219  31   94.6
10220  31   94.4
10221  31   92.0
10222  31   93.1
10223  31   93.7
10224  31   90.4
10225  31   91.7
10226  32   91.9
10227  31   94.7
10228  31   94.5
10229  31   94.3
10230  31   92.0
10231  31   95.1
10232  31   90.7
10233  31   93.1
10234  31   93.8
10235  31   92.8
10236  31   93.7
10237  31   94.3
10238  31   92.6
10239  31   94.9
10240  31   94.7
10241  31   94.6
10242  32   92.7
10243  31   94.9
10244  32   93.8
10245  31   94.3
10246  31   95.0
10247  31   95.3
10248  31   94.9
10249  31   93.5
10250  31   94.8
10251  32   89.5
10252  31   93.7
10253  31   93.8
10254  31   94.7
10255  31   95.0
10256  31   92.8
10257  31   93.4
10258  31   94.5
10259  31   91.1
10260  31   90.5
10261  31   94.4
10262  31   92.4
10263  31   93.9
10264  31   93.9
10265  31   92.2
10266  32   92.0
10267  31   91.7
10268  32   92.8
10269  32   94.5
10270  32   94.1
10271  32   95.4
10272  31   92.7
10273  31   95.3
10274  31   95.5
10275  31   93.3
10276  29   93.9
10277  31   95.3
10278  30   89.9
10279  31   94.0
10280  31   93.1
10281  31   93.8
10282  29   94.8
10283  30   94.6
10284  31   93.4
10285  31   95.0
10286  31   94.7
10287  32   94.0
10288  32   91.0
10289  31   94.7
10290  31   95.3
10291  31   94.8
10292  31   94.6
10293  31   93.6
10294  31   94.5
10295  31   94.7
10296  31   95.1
10297  31   92.0
10298  32   93.3
10299  31   93.6
10300  31   94.4
10301  31   93.8
10302  31   92.2
10303  32   93.5
10304  31   92.7
10305  31   93.1
10306  31   92.2
10307  31   92.7
10308  31   92.1
10309  31   95.3
10310  31   95.2
10311  32   94.6
10312  32   94.3
10313  34   90.7
10314  31   93.0
10315  31   92.0
10316  31   91.9
10317  31   91.4
10318  31   90.7
10319  32   91.0
10320  30   88.3
10321  32   90.7
10322  31   91.6
10323  32   92.2
10324  31   91.6
10325  32   92.0
10326  32   88.3
10327  31   89.0
10328  32   89.4
10329  32   87.7
10330  31   91.4
10331  31   91.1
10332  12   86.6
10333  12   86.6
10334  13   82.8
10335  13   85.8
10336  13   84.4
10337  13   84.0
10338  13   86.9
10339  32   92.5
10340  31   92.4
10341  31   91.5
10342  31   90.5
10343  31   86.7
10344  31   89.8
10345  31   91.2
10346  31   93.0
10347  32   92.3
10348  31   93.1
10349  31   87.3
10350  32   90.0
10351  31   92.8
10352  31   91.7
10353  31   91.7
10354  31   88.4
10355  31   89.9
10356  31   92.2
10357  32   92.7
10358  30   92.2
10359  31   93.0
10360  31   94.3
10361  31   90.3
10362  32   86.9
10363  31   94.9
10364  31   91.5
10365  31   91.8
11001  31   91.2
11002  31   92.1
11003  31   91.5
11004  31   92.5
11005  31   92.7
11006  31   92.0
11007  31   91.5
11008  31   91.7
11009  31   90.3
11010  31   92.5
11011  30   94.7
11012  31   95.3
11013  31   92.3
11014  31   89.4
11015  31   92.4
11016  31   93.2
11017  31   91.7
11018  32   87.3
11019  31   93.9
11020  30   92.1
11021  31   90.8
11022  32   92.3
11023  31   93.1
11024  31   92.6
11025  31   93.2
11026  30   91.7
11027  31   93.2
11028  31   94.4
11029  31   91.4
11030  32   92.5
11031  31   93.0
11032  32   91.8
11033  31   91.3
11034  31   92.7
11035  31   91.8
11036  31   92.1
11037  31   92.2
11038  32   90.9
11039  30   89.5
11040  31   89.8
11041  32   84.3
11042  31   92.2
11043  31   90.6
11044  30   92.9
11045  31   90.6
11046  31   89.3
11047  31   91.0
11048  31   90.2
11049  31   92.8
11050  31   91.5
11051  30   90.5
11052  31   91.4
11053  32   89.4
11054  32   91.3
11055  31   93.0
11056  31   91.3
11057  31   91.7
11058  31   90.7
11059  31   91.5
11060  32   90.7
11061  31   90.1
11062  31   87.5
11063  31   92.1
11064  31   91.6
11065  31   90.9
11066  31   92.1
11067  31   92.1
11068  31   88.6
11069  31   89.0
11070  31   92.2
11071  31   92.2
11072  31   91.1
11073  31   91.7
11074  31   92.3
11075  33   92.5
11076  30   93.2
11077  31   91.4
11078  31   93.5
11079  31   92.8
11080  31   91.7
11081  31   93.6
11082  31   90.1
11083  31   93.3
11084  31   92.5
11085  31   92.0
11086  31   93.2
11087  31   91.5
11088  31   92.5
11089  31   93.1
11090  31   89.8
11091  31   93.0
11092  31   92.7
11093  31   93.2
11094  31   94.0
11095  31   89.9
11096  31   92.9
11097  31   92.0
11098  31   92.8
11099  31   92.5
11100  31   93.5
11101  31   92.1
11102  31   94.7
11103  32   88.9
11104  32   89.0
11105  31   92.2
11106  32   93.0
11107  31   92.6
11108  31   93.4
11109  31   89.2
11110  31   86.9
11111  31   92.1
11112  31   93.2
11113  31   92.6
11114  32   92.2
11115  31   94.4
11116  31   94.1
11117  31   94.5
11118  32   90.7
11119  30   93.0
11120  31   93.4
11121  31   91.3
11122  31   92.8
11123  31   92.5
11124  31   91.7
11125  31   89.3
11126  31   93.4
11127  31   92.9
11128  31   94.8
11129  32   94.2
11130  29   93.5
11131  31   93.2
11132  31   94.0
11133  31   94.9
11134  31   93.0
11135  31   92.6
11136  31   92.4
11137  32   89.9
11138  31   92.7
11139  31   93.3
11140  31   91.9
11141  31   90.0
11142  31   92.1
11143  31   91.9
11144  31   91.8
11145  31   90.9
11146  31   88.9
11147  31   91.2
11148  31   92.1
11149  31   92.4
11150  31   91.6
11151  31   86.2
11152  31   94.3
11153  31   92.9
11154  30   91.6
11155  31   92.0
11156  31   91.2
11157  30   93.5
11158  31   91.8
11159  31   93.2
11160  31   92.0
11161  32   92.4
11162  31   92.6
11163  31   93.3
11164  31   92.1
11165  31   93.3
11166  30   93.4
11167  31   90.7
11168  31   90.7
11169  31   94.4
11170  30   93.6
11171  31   92.8
11172  31   92.1
11173  31   90.8
11174  31   90.3
11175  31   90.5
11176  31   93.1
11177  31   93.4
11178  31   91.3
11179  31   84.9
11180  31   89.2
11181  31   92.1
11182  31   91.4
11183  31   91.7
11184  31   90.4
11185  31   92.4
11186  31   91.3
11187  31   92.9
11188  31   90.9
11189  30   92.4
11190  31   91.7
11191  31   92.4
11192  32   92.3
11193  31   88.7
11194  31   89.2
11195  31   90.6
11196  31   89.9
11197  30   90.8
11198  31   88.8
11199  31   91.2
11200  31   91.4
11201  32   90.4
11202  30   90.8
11203  31   90.2
11204  31   91.7
11205  32   90.6
11206  31   90.3
11207  32   90.6
11208  31   87.7
11209  31   87.8
11210  31   91.5
11211  32   91.3
11212  31   93.6
11213  31   91.7
11214  42   87.7
11215  43   87.7
11216  43   87.9
11217  31   88.1
11218  31   90.1
11219  31   90.3
11220  31   90.9
11221  31   93.2
11222  31   92.6
11223  30   90.5
11224  30   94.8
11225  30   92.6
11226  31   91.7
11227  31   90.3
11228  30   91.9
11229  31   92.2
11230  31   90.0
11231  31   91.9
11232  30   90.6
11233  32   85.1
11234  13   87.1
11235  14   84.9
11236  12   85.2
11237  13   83.0
11238  11   86.3
11239  11   82.4
11240  30   91.3
11241  31   92.1
11242  29   92.4
11243  31   94.2
11244  31   91.8
11245  31   93.2
11246  31   89.5
11247  31   91.2
11248  32   85.9
11249  31   92.9
11250  32   91.7
11251  31   92.4
11252  31   93.5
11253  30   93.4
11254  11   84.6
11255  10   83.9
11256  11   85.1
11257  13   87.3
11258  31   88.0
11259  31   92.7
11260  31   93.0
11261  30   92.6
11262  32   92.3
11263  32   91.0
11264  31   92.5
11265  31   92.1
11266  31   92.1
11267  31   90.7
11268  31   91.7
11269  31   90.4
11270  32   90.8
11271  31   91.8
11272  31   91.6
11273  31   91.1
11274  31   92.7
11275  31   91.2
11276  30   91.4
11277  32   89.7
11278  32   90.5
11279  32   91.4
11280  32   90.4
11281  32   88.9
11282  32   90.5
11283  31   89.2
11284  31   92.1
11285  31   91.7
11286  31   92.3
11287  32   88.2
11288  32   86.7
11289  31   89.1
11290  31   83.3
11291  31   88.8
11292  31   86.6
11293  32   88.6
11294  31   90.4
11295  31   87.9
11296  32   90.4
11297  32   87.0
11298  32   89.5
11299  32   86.0
11300  31   87.9
11301  32   88.5
11302  31   88.3
11303  32   87.4
11304  31   87.4
11305  31   86.8
11306  30   78.3
11307  31   84.9
11308  31   84.0
11309  32   85.6
11310  31   87.3
11311  32   86.1
11312  32   88.8
11313  32   86.3
11314  32   84.2
11315  31   85.5
11316  32   83.4
11317  31   86.8
11318  31   85.4
11319  31   88.7
11320  32   83.1
11321  32   87.8
11322  31   92.1
11323  31   87.7
11324  32   88.3
11325  32   88.4
11326  32   89.5
11327  32   90.4
11328  16   74.9
11329  15   78.5
11330  16   80.5
11331  17   84.9
11332  17   81.2
11333  17   82.4
11334  17   82.5
11335  16   79.1
11336  16   79.1
11337  32   85.9
11338  32   85.3
11339  32   86.4
11340  32   84.8
11341  30   88.4
11342  30   82.1
11343  32   82.0
11344  32   85.4
11345  31   86.3
11346  32   82.2
11347  32   83.6
11348  33   86.3
11349  33   82.5
11350  33   91.4
11351  33   86.3
11352  33   89.6
11353  33   88.5
11354  32   90.4
11355  32   87.0
11356  33   89.6
11357  32   93.2
11358  32   89.1
11359  33   84.8
11360  32   88.7
11361  33   88.2
11362  34   89.3
11363  33   85.7
11364  33   89.7
11365  32   89.7
12001  28   90.8
12002  33   82.8
12003  33   87.0
12004  33   86.2
12005  33   87.5
12006  33   88.3
12007  32   87.7
12008  33   85.6
12009  33   87.0
12010  32   91.8
12011  33   86.6
12012  32   88.3
12013  32   88.4
12014  31   90.5
12015  31   91.2
12016  32   87.4
12017  31   88.6
12018  32   88.6
12019  32   89.9
12020  32   89.0
12021  32   88.7
12022  32   90.7
12023  32   89.8
12024  32   89.7
12025  32   87.8
12026  31   86.2
12027  33   85.8
12028  33   86.9
12029  32   89.5
12030  32   89.9
12031  32   90.2
12032  33   94.2
12033  31   90.3
12034  32   90.0
12035  32   87.9
12036  32   89.2
12037  32   87.3
12038  32   90.1
12039  32   90.7
12040  32   91.8
12041  33   89.7
12042  32   90.4
12043  33   88.6
12044  32   90.0
12045  32   88.3
12046  32   90.1
12047  31   89.2
12048  32   90.7
12049  32   91.4
12050  32   88.2
12051  32   88.9
12052  32   89.9
12053  32   93.0
12054  32   84.5
12055  32   91.0
12056  31   90.7
12057  32   90.4
12058  32   90.5
12059  32   91.7
12060  32   88.7
12061  33   87.6
12062  33   89.2
12063  33   92.4
12064  33   92.6
12065  31   88.5
12066  32   85.3
12067  31   85.4
12068  31   89.1
12069  32   89.0
12070  31   86.4
12071  31   87.6
12072  30   90.9
12073  31   88.7
12074  31   84.1
12075  30   89.0
12076  31   91.6
12077  30   88.0
12078  30   90.4
12079  30   90.6
12080  31   90.6
12081  31   90.6
12082  31   88.4
12083  31   89.2
12084  31   91.3
12085  31   90.4
12086  31   91.0
12087  31   88.0
12088  31   91.4
12089  31   84.9
12090  31   90.0
12091  31   90.9
12092  31   90.3
12093  31   90.3
12094  32   88.0
12095  33   88.6
12096  32   86.2
12097  33   88.4
12098  32   88.0
12099  32   89.3
12100  31   89.4
12101  32   90.7
12102  32   90.2
12103  31   90.1
12104  30   89.6
12105  32   89.7
12106  28   90.5
12107  31   88.5
12108  30   88.7
12109  30   89.8
12110  13   86.6
12111  30   90.6
12112  30   89.8
12113  31   89.4
12114  31   87.4
12115  31   90.5
12116  31   91.2
12117  30   87.0
12118  28   92.9
12119  30   90.6
12120  31   89.6
12121  32   91.3
12122  32   89.9
12123  32   90.0
12124  32   88.6
12125  31   88.3
12126  31   91.5
12127  31   91.1
12128  31   92.0
12129  30   88.6
12130  30   91.0
12131  30   90.9
12132  30   88.2
12133  31   90.1
12134  31   88.2
12135  31   89.1
12136  31   90.6
12137  31   88.4
12138  31   91.2
12139  31   89.5
12140  31   90.3
12141  32   92.3
12142  31   87.5
12143  31   81.7
12144  29   87.1
12145  29   88.9
12146  28   87.9
12147  29   88.9
12148  29   89.1
12149  29   88.4
12150  28   86.0
12151  29   87.6
12152  29   86.2
12153  30   88.8
12154  30   89.4
12155  30   87.6
12156  30   87.1
12157  30   89.8
12158  30   88.0
12159  27   89.4
12160  28   90.3
12161  29   83.3
12162  30   86.2
12163  29   89.7
12164  28   88.4
12165  30   84.2
12166  30   88.3
12167  28   90.7
12168  29   91.1
12169  28   91.7
12170  29   92.1
12171  28   93.6
12172  28   92.8
12173  28   89.4
12174  29   88.1
12175  27   90.9
12176  28   89.3
12177  26   88.5
12178  30   89.3
12179  26   89.7
12180  28   89.1
12181  30   87.5
12182  29   86.4
12183  28   82.9
12184  28   87.1
12185  28   90.6
12186  28   88.5
12187  28   89.0
12188  30   90.4
12189  29   86.8
12190  28   91.7
12191  28   89.0
12192  28   90.6
12193  29   90.3
12194  29   91.8
12195  29   89.0
12196  30   87.7
12197  31   88.0
12198  30   91.1
12199  30   88.8
12200  30   87.0
12201  31   88.7
12202  30   88.5
12203  30   89.1
12204  31   89.4
12205  31   88.0
12206  30   89.7
12207  30   91.6
12208  31   89.7
12209  31   89.9
12210  30   90.0
12211  20   87.2
12212  20   85.2
12213  20   92.2
12214  19   86.0
12215  21   87.8
12216  21   88.1
12217  23   87.1
12218  30   90.2
12219  30   89.9
12220  30   89.4
12221  30   91.0
12222  30   92.5
12223  30   90.2
12224  30   91.6
12225  30   90.9
12226  29   88.9
12227  30   90.5
12228  30   88.4
12229  30   86.1
12230  30   90.5
12231  30   88.7
12232  30   88.6
12233  30   88.8
12234  31   89.7
12235  31   88.4
12236  31   89.0
12237  31   88.5
12238  31   88.8
12239  31   90.6
12240  30   89.4
12241  31   86.9
12242  31   93.3
12243  31   89.7
12244  31   90.3
12245  31   89.6
12246  31   90.5
12247  31   88.2
12248  31   87.4
12249  31   89.7
12250  45   88.1
12251  45   80.4
12252  47   83.9
12253  15   85.1
12254  34   87.8
12255  45   87.7
12256  45   87.8
12257  45   87.3
12258  45   88.4
12259  45   88.8
12260  45   88.3
12261  45   88.4
12262  45   87.9
12263  45   86.0
12264  45   88.7
12265  45   88.4
12266  45   88.1
12267  45   87.9
12268  45   87.2
12269  45   87.1
12270  45   86.7
12271  45   89.1
12272  45   87.6
12273  46   85.3
12274  46   85.7
12275  48   80.5
12276  46   85.0
12277  46   84.8
12278  46   85.8
12279  46   87.6
12280  46   87.0
12281  46   87.6
12282  45   81.0
12283  46   84.9
12284  46   86.0
12285  46   83.5
12286  45   87.0
12287  45   84.6
12288  46   85.8
12289  46   84.0
12290  46   84.1
12291  46   83.6
12292  46   73.7
12293  45   81.6
12294  44   84.8
12295  46   85.3
12296  45   83.7
12297  46   83.2
12298  46   83.2
12299  46   81.9
12300  46   85.4
12301  45   82.8
12302  45   82.4
12303  46   81.9
12304  46   85.0
12305  46   83.1
12306  46   83.4
12307  46   81.4
12308  46   83.7
12309  46   84.8
12310  46   83.3
12311  45   83.9
12312  45   79.1
12313  45   80.1
12314  46   86.2
12315  45   82.9
12316  46   83.6
12317  46   81.6
12318  46   80.9
12319  46   81.6
12320  46   82.5
12321  46   80.8
12322  46   81.9
12323  46   81.8
12324  46   81.7
12325  46   82.9
12326  46   84.5
12327  46   71.7
12328  46   81.9
12329  46   82.2
12330  46   83.6
12331  46   83.2
12332  46   82.2
12333  46   81.0
12334  46   80.8
12335  46   83.8
12336  46   83.2
12337  46   80.6
12338  46   80.1
12339  46   82.4
12340  46   83.5
12341  46   82.8
12342  46   85.3
12343  46   84.4
12344  45   84.1
12345  44   83.0
12346  44   83.3
12347  44   84.2
12348  44   81.1
12349  45   85.8
12350  45   83.5
12351  45   83.1
12352  45   80.6
12353  45   81.4
12354  46   85.7
12355  45   82.9
12356  44   85.7
12357  44   85.2
12358  44   85.6
12359  44   85.2
12360  44   86.1
12361  44   88.8
12362  44   84.0
12363  44   85.4
12364  44   83.0
12365  44   85.4
12366  44   84.6
13001  45   84.9
13002  46   85.5
13003  46   84.2
13004  46   84.3
13005  46   84.4
13006  46   84.2
13007  46   80.7
13008  46   84.5
13009  46   81.1
13010  45   79.8
13011  46   81.1
13012  46   83.1
13013  46   85.5
13014  46   80.8
13015  46   82.8
13016  46   84.0
13017  46   77.1
13018  46   82.5
13019  46   84.9
13020  46   84.4
13021  46   84.2
13022  46   85.0
13023  46   83.5
13024  46   81.3
13025  45   86.5
13026  45   86.0
13027  45   83.1
13028  45   80.9
13029  45   87.3
13030  45   86.2
13031  45   84.9
13032  45   86.3
13033  45   82.1
13034  45   85.1
13035  45   85.0
13036  45   84.1
13037  45   87.6
13038  45   85.9
13039  45   86.0
13040  46   84.4
13041  46   85.0
13042  46   80.9
13043  46   83.3
13044  46   85.8
13045  46   82.8
13046  46   85.2
13047  46   84.8
13048  46   85.2
13049  46   84.1
13050  46   84.4
13051  46   83.7
13052  48   72.2
13053  46   75.4
13054  46   84.1
13055  46   85.9
13056  46   83.3
13057  46   85.8
13058  46   82.7
13059  46   77.6
13060  46   79.9
13061  45   81.5
13062  45   84.0
13063  46   82.5
13064  46   87.8
13065  46   82.3
13066  46   83.5
13067  46   84.5
13068  46   83.8
13069  46   84.1
13070  46   82.8
13071  46   83.3
13072  46   80.0
13073  46   84.5
13074  45   83.9
13075  45   85.9
13076  45   85.7
13077  46   81.4
13078  46   86.0
13079  46   85.5
13080  46   74.8
13081  46   83.3
13082  46   84.7
13083  46   85.0
13084  46   82.2
13085  46   85.0
13086  46   84.5
13087  46   83.4
13088  46   83.9
13089  46   82.2
13090  46   80.8
13091  46   82.4
13092  46   82.1
13093  46   84.0
13094  45   84.0
13095  45   84.2
13096  45   84.2
13097  45   84.8
13098  45   82.1
13099  45   84.5
13100  45   72.5
13101  45   73.3
13102  45   84.2
13103  45   84.8
13104  45   84.4
13105  46   84.0
13106  46   85.4
13107  46   86.7
13108  46   86.2
13109  46   84.4
13110  45   87.4
13111  46   84.1
13112  46   84.8
13113  46   84.1
13114  46   86.2
13115  46   74.3
13116  46   86.7
13117  46   84.1
13118  46   82.5
13119  46   83.8
13120  46   76.3
13121  46   83.9
13122  45   86.7
13123  46   83.7
13124  46   84.3
13125  46   85.0
13126  46   83.3
13127  46   83.4
13128  46   81.9
13129  46   84.1
13130  46   85.2
13131  46   84.1
13132  46   83.0
13133  46   83.7
13134  46   85.3
13135  46   86.1
13136  46   83.3
13137  46   83.4
13138  46   83.0
13139  46   84.2
13140  46   83.7
13141  46   85.4
13142  46   85.0
13143  46   85.1
13144  46   84.4
13145  46   82.8
13146  46   83.0
13147  46   85.3
13148  46   84.0
13149  45   84.6
13150  45   81.1
13151  45   84.2
13152  45   84.5
13153  45   83.7
13154  45   85.3
13155  43   82.3
13156  45   81.8
13157  45   83.2
13158  45   83.2
13159  45   83.9
13160  45   81.9
13161  45   81.5
13162  45   84.6
13163  45   83.3
13164  44   78.4
13165  45   83.6
13166  45   84.0
13167  45   82.0
13168  45   80.4
13169  45   81.7
13170  45   81.5
13171  45   82.7
13172  45   82.9
13173  45   82.3
13174  45   81.4
13175  45   78.0
13176  45   82.7
13177  45   82.3
13178  45   80.5
13179  45   78.9
13180  45   81.6
13181  45   82.7
13182  45   82.8
13183  44   85.5
13184  45   81.5
13185  44   87.1
13186  45   83.0
13187  45   81.2
13188  45   81.7
13189  45   81.8
13190  45   82.7
13191  44   81.3
13192  45   81.3
13193  45   81.6
13194  45   82.1
13195  45   81.7
13196  45   82.6
13197  45   80.0
13198  45   80.4
13199  45   83.0
13200  45   81.3
13201  45   82.5
13202  45   81.1
13203  45   77.3
13204  45   80.0
13205  45   80.7
13206  45   79.5
13207  45   80.4
13208  45   80.0
13209  45   79.9
13210  45   80.6
13211  45   77.2
13212  45   81.0
13213  45   79.0
13214  45   80.6
13215  45   78.6
13216  45   81.1
13217  45   80.6
13218  45   78.3
13219  45   80.8
13220  45   82.9
13221  45   82.2
13222  45   82.2
13223  45   81.1
13224  45   82.9
13225  44   82.1
13226  45   82.0
13227  45   77.8
13228  45   81.2
13229  45   82.0
13230  45   81.9
13231  45   81.7
13232  44   82.3
13233  45   82.4
13234  45   82.0
13235  45   84.6
13236  45   83.6
13237  45   82.8
13238  45   83.1
13239  45   84.0
13240  45   82.3
13241  45   83.7
13242  45   82.9
13243  45   83.3
13244  45   83.2
13245  45   83.6
13246  45   82.1
13247  44   85.1
13248  45   83.8
13249  45   82.2
13250  45   82.8
13251  45   83.4
13252  45   82.9
13253  45   82.7
13254  45   82.8
13255  45   81.2
13256  45   83.0
13257  45   84.0
13258  45   80.5
13259  46   82.0
13260  46   83.5
13261  46   78.2
13262  46   77.8
13263  46   82.4
13264  46   82.9
13265  46   82.7
13266  46   82.3
13267  47   81.0
13268  46   82.4
13269  45   83.7
13270  45   80.3
13271  46   83.0
13272  46   83.6
13273  45   82.2
13274  46   82.6
13275  46   78.5
13276  46   80.9
13277  46   79.7
13278  46   83.1
13279  45   81.7
13280  46   80.5
13281  45   83.3
13282  45   82.4
13283  46   76.0
13284  46   82.3
13285  14   72.1
13286  15   69.6
13287  46   81.5
13288  46   86.1
13289  46   81.5
13290  46   82.3
13291  45   81.7
13292  45   81.8
13293  46   81.8
13294  45   81.6
13295  46   80.2
13296  45   83.1
13297  45   86.5
13298  45   79.4
13299  45   77.4
13300  46   80.0
13301  46   80.2
13302  45   79.2
13303  45   79.8
13304  46   80.2
13305  46   78.5
13306  46   78.8
13307  46   80.3
13308  46   76.5
13309  45   77.9
13310  45   80.2
13311  48   72.7
13312  46   78.8
13313  46   74.9
13314  46   78.4
13315  46   75.7
13316  46   75.8
13317  46   78.5
13318  46   72.3
13319  46   75.3
13320  46   73.5
13321  46   75.0
13322  45   77.0
13323  46   78.0
13324  46   78.3
13325  46   76.6
13326  45   80.4
13327  46   79.6
13328  46   75.5
13329  45   78.7
13330  46   80.8
13331  46   79.7
13332  46   79.4
13333  46   76.9
13334  46   76.9
13335  46   75.5
13336  46   80.9
13337  46   81.5
13338  46   80.0
13339  46   79.6
13340  46   74.4
13341  46   79.6
13342  46   78.2
13343  46   73.0
13344  46   76.6
13345  46   78.1
13346  46   70.2
13347  46   78.3
13348  46   76.8
13349  46   77.2
13350  46   76.6
13351  46   75.9
13352  46   76.8
13353  46   76.0
13354  46   76.1
13355  46   76.0
13356  46   78.4
13357  46   74.9
13358  46   77.4
13359  45   79.0
13360  46   76.0
13361  45   76.6
13362  46   75.5
13363  46   76.4
13364  46   79.7
13365  46   78.9
14001  46   78.1
14002  46   76.5
14003  46   76.2
14004  46   75.3
14005  46   81.4
14006  46   79.5
14007  46   80.3
14008  45   77.4
14009  46   80.8
14010  46   78.1
14011  46   81.5
14012  46   81.0
14013  46   79.7
14014  45   80.6
14015  46   75.4
14016  46   70.9
14017  45   71.6
14018  46   78.2
14019  42   81.7
14020  46   80.9
14021  46   77.0
14022  46   75.5
14023  46   79.8
14024  45   74.5
14025  46   78.4
14026  46   77.6
14027  46   76.1
14028  46   77.7
14029  46   80.3
14030  46   81.7
14031  46   77.7
14032  46   79.9
14033  46   79.5
14034  45   80.6
14035  46   80.3
14036  46   77.9
14037  46   76.6
14038  46   75.5
14039  46   77.0
14040  46   79.0
14041  46   80.5
14042  46   79.4
14043  46   78.8
14044  46   80.6
14045  46   81.8
14046  46   78.2
14047  46   77.9
14048  46   76.0
14049  46   80.1
14050  46   75.3
14051  46   73.6
14052  46   77.8
14053  46   78.4
14054  46   81.9
14055  45   83.0
14056  45   78.0
14057  45   73.3
14058  45   77.2
14059  45   76.5
14060  45   80.1
14061  46   78.7
14062  45   77.0
14063  46   78.7
14064  46   79.0
14065  46   81.5
14066  46   78.5
14067  46   75.7
14068  46   77.4
14069  46   78.4
14070  46   77.9
14071  46   78.9
14072  46   67.6
14073  46   79.2
14074  46   74.0
14075  46   78.0
14076  46   80.2
14077  46   78.8
14078  46   78.0
14079  46   80.6
14080  46   77.1
14081  46   78.7
14082  46   79.5
14083  46   81.6
14084  45   80.1
14085  45   81.0
14086  45   79.9
14087  45   80.2
14088  45   78.1
14089  46   82.6
14090  46   79.3
14091  46   86.2
14092  45   85.7
14093  45   76.7
14094  46   80.2
14095  46   80.8
14096  46   79.1
14097  46   81.2
14098  46   78.2
14099  46   79.7
14100  46   82.0
14101  45   81.1
14102  45   81.0
14103  45   78.8
14104  45   82.2
14105  45   80.2
14106  46   79.5
14107  45   80.5
14108  46   79.4
14109  46   81.4
14110  46   79.8
14111  46   81.2
14112  46   83.6
14113  46   78.5
14114  46   71.1
14115  45   81.6
14116  46   80.9
14117  46   82.1
14118  46   78.8
14119  46   80.1
14120  45   79.3
14121  45   81.5
14122  46   81.9
14123  46   80.5
14124  46   80.3
14125  46   78.3
14126  47   75.9
14127  45   81.0
14128  46   74.3
14129  46   82.6
14130  46   82.2
14131  46   81.7
14132  46   81.4
14133  46   81.8
14134  46   81.8
14135  46   81.1
14136  46   82.1
14137  46   82.4
14138  46   81.3
14139  46   80.5
14140  45   81.3
14141  44   77.9
14142  45   80.8
14143  45   79.6
14144  45   82.8
14145  45   81.8
14146  45   81.5
14147  45   80.2
14148  46   79.5
14149  46   82.6
14150  45   80.8
14151  46   80.6
14152  46   79.5
14153  46   80.7
14154  45   81.2
14155  46   80.1
14156  46   76.6
14157  46   79.6
14158  46   79.7
14159  46   78.0
14160  46   80.5
14161  46   79.1
14162  46   76.7
14163  46   77.9
14164  46   79.3
14165  46   78.9
14166  46   75.9
14167  46   79.9
14168  46   77.0
14169  43   81.4
14170  45   79.4
14171  45   75.9
14172  46   79.1
14173  46   79.1
14174  46   79.4
14175  46   79.9
14176  46   75.6
14177  46   79.1
14178  45   79.9
14179  46   78.6
14180  46   79.9
14181  45   80.0
14182  45   79.5
14183  44   73.1
14184  46   77.5
14185  46   80.9
14186  46   79.9
14187  46   78.2
14188  46   77.0
14189  46   80.5
14190  46   75.4
14191  45   79.8
14192  46   80.5
14193  46   78.5
14194  46   79.2
14195  46   80.9
14196  45   81.9
14197  44   81.9
14198  44   81.6
14199  44   81.3
14200  44   82.0
14201  45   83.1
14202  45   82.9
14203  45   77.5
14204  44   81.0
14205  46   78.4
14206  46   79.6
14207  46   81.4
14208  46   81.2
14209  46   78.9
14210  46   81.3
14211  45   82.1
14212  45   80.5
14213  45   79.9
14214  46   80.4
14215  46   78.7
14216  46   79.3
14217  46   76.0
14218  45   81.6
14219  45   80.5
14220  45   79.8
14221  45   80.4
14222  45   80.4
14223  45   80.0
14224  45   81.9
14225  45   80.7
14226  45   79.8
14227  45   80.6
14228  45   80.1
14229  45   80.4
14230  45   79.9
14231  45   79.6
14232  44   79.1
14233  45   80.0
14234  46   79.6
14235  46   76.6
14236  46   80.7
14237  46   79.6
14238  46   79.4
14239  46   76.7
14240  45   81.5
14241  46   80.0
14242  46   80.0
14243  46   81.0
14244  46   81.3
14245  46   78.8
14246  46   80.3
14247  45   80.2
14248  46   77.8
14249  45   79.5
14250  44   79.2
14251  44   81.8
14252  45   79.7
14253  46   79.8
14254  45   80.0
14255  45   78.8
14256  45   75.7
14257  45   79.7
14258  45   78.9
14259  45   79.0
14260  45   74.0
14261  46   71.8
14262  45   78.5
14263  46   75.9
14264  46   76.5
14265  46   77.5
14266  46   77.1
14267  46   76.2
14268  46   78.0
14269  46   78.0
14270  44   75.3
14271  46   77.4
14272  46   76.6
14273  46   74.3
14274  46   76.3
14275  46   75.9
14276  46   77.9
14277  46   77.0
14278  46   76.6
14279  46   76.5
14280  46   77.7
14281  46   77.7
14282  46   77.1
14283  45   75.3
14284  45   76.2
14285  44   76.8
14286  45   76.7
14287  45   77.5
14288  44   76.0
14289  45   69.7
14290  45   77.6
14291  45   79.2
14292  46   78.0
14293  45   75.9
14294  44   77.7
14295  44   77.0
14296  45   76.6
14297  45   76.6
14298  45   77.1
14299  45   75.4
14300  45   76.3
14301  45   71.8
14302  45   73.3
14303  44   74.6
14304  46   75.3
14305  46   75.8
14306  46   76.6
14307  46   74.5
14308  45   75.9
14309  46   72.0
14310  44   78.3
14311  45   73.0
14312  46   73.8
14313  46   74.4
14314  46   76.4
14315  45   75.3
14316  45   69.6
14317  46   72.9
14318  46   76.2
14319  46   74.0
14320  46   73.1
14321  46   74.0
14322  46   72.8
14323  46   72.6
14324  46   71.8
14325  45   75.6
14326  45   71.9
14327  45   73.8
14328  45   74.0
14329  45   69.3
14330  45   72.0
14331  45   71.5
14332  45   69.2
14333  45   74.2
14334  45   76.3
14335  44   72.0
14336  45   75.4
14337  45   72.6
14338  45   75.7
14339  45   72.6
14340  44   74.6
14341  45   73.5
14342  45   75.7
14343  45   75.5
14344  45   71.1
14345  45   64.4
14346  45   70.3
14347  46   70.4
14348  46   72.9
14349  45   67.5
14350  46   70.4
14351  46   71.6
14352  46   64.0
14353  45   73.1
14354  46   72.0
14355  46   73.1
14356  46   70.7
14357  46   73.2
14358  46   72.2
14359  46   74.7
14360  46   73.7
14361  46   73.1
14362  46   75.6
14363  46   75.5
14364  46   74.7
14365  45   73.0
15001  46   73.7
15002  46   73.7
15003  46   73.8
15004  46   74.0
15005  46   74.4
15006  46   75.6
15007  46   73.4
15008  46   75.1
15009  46   73.5
15010  46   73.5
15011  46   75.4
15012  46   73.5
15013  46   73.3
15014  46   74.0
15015  46   70.8
15016  46   73.3
15017  46   75.1
15018  46   73.8
15019  46   71.1
15020  46   74.2
15021  46   74.3
15022  46   67.8
15023  46   74.8
15024  46   74.9
15025  46   74.3
15026  46   73.9
15027  46   73.6
15028  46   74.2
15029  46   75.6
15030  46   73.7
15031  46   73.5
15032  46   74.7
15033  46   71.8
15034  45   70.3
15035  45   67.3
15036  46   73.5
15037  44   75.2
15038  45   74.3
15039  45   72.2
15040  45   73.7
15041  44   72.2
15042  44   74.8
15043  45   69.8
15044  44   74.4
15045  45   73.0
15046  45   71.8
15047  45   73.8
15048  45   72.5
15049  45   72.6
15050  45   73.9
15051  45   70.6
15052  45   68.9
15053  44   70.7
15054  44   71.6
15055  44   72.2
15056  45   72.0
15057  45   73.8
15058  45   74.5
15059  44   75.1
15060  45   73.4
15061  44   71.9
15062  44   73.6
15063  45   71.3
15064  45   61.1
15065  46   62.3
15066  45   72.5
15067  48   71.0
15068  45   71.7
15069  46   73.0
15070  45   73.1
15071  44   72.6
15072  45   75.3
15073  45   72.7
15074  45   74.3
15075  45   72.5
15076  46   67.0
15077  45   74.9
15078  46   75.1
15079  46   75.5
15080  46   75.1
15081  46   75.5
15082  46   72.1
15083  46   76.0
15084  46   75.1
15085  46   74.7
15086  46   75.5
15087  46   74.7
15088  46   73.0
15089  45   74.9
15090  45   75.5
15091  45   75.7
15092  45   74.9
15093  44   74.6
15094  44   76.7
15095  44   76.9
15096  44   77.1
15097  44   77.3
15098  44   76.5
15099  44   76.2
15100  44   72.3
15101  44   77.2
15102  44   73.9
15103  45   78.0
15104  45   75.2
15105  45   77.9
15106  45   74.7
15107  45   76.1
15108  45   77.9
15109  45   76.6
15110  45   77.4
15111  45   72.9
15112  45   78.0
15113  45   76.1
15114  45   75.9
15115  45   75.6
15116  45   75.1
15117  45   76.4
15118  45   67.9
15119  45   76.2
15120  45   70.0
15121  45   78.5
15122  45   76.1
15123  45   75.9
15124  45   75.3
15125  45   77.4
15126  45   76.6
15127  45   76.8
15128  45   79.2
15129  45   75.3
15130  45   74.4
15131  44   67.1
15132  45   73.8
15133  45   72.8
15134  45   74.2
15135  45   76.8
15136  45   75.0
15137  45   75.6
15138  45   72.9
15139  45   73.7
15140  45   71.9
15141  45   74.8
15142  45   74.9
15143  45   78.0
15144  45   76.5
15145  45   76.1
15146  45   76.8
15147  45   77.2
15148  45   75.1
15149  45   75.9
15150  45   75.4
15151  45   75.6
15152  45   76.6
15153  45   73.3
15154  45   74.2
15155  45   75.0
15156  45   75.9
15157  45   77.4
15158  45   76.3
15159  45   75.0
15160  45   74.9
15161  45   75.4
15162  45   75.9
15163  45   72.6
15164  45   72.3
15165  45   74.7
15166  45   75.2
15167  45   75.3
15168  45   71.3
15169  45   66.0
15170  45   74.8
15171  45   76.8
15172  45   76.6
15173  45   75.0
15174  45   72.3
15175  44   78.4
15176  44   72.1
15177  44   74.4
15178  44   76.5
15179  45   75.0
15180  45   77.6
15181  45   78.4
15182  45   76.3
15183  45   75.0
15184  45   75.5
15185  45   70.0
15186  45   71.3
15187  45   74.2
15188  45   71.6
15189  45   72.1
15190  45   74.6
15191  45   71.7
15192  45   72.9
15193  45   73.0
15194  45   73.8
15195  44   74.4
15196  45   73.6
15197  45   63.0
15198  45   71.6
15199  45   74.9
15200  45   77.5
15201  44   71.8
15202  44   76.3
15203  44   69.6
15204  44   66.7
15205  45   67.4
15206  45   75.5
15207  44   77.9
15208  44   76.7
15209  44   72.6
15210  44   77.0
15211  44   76.8
15212  44   76.1
15213  44   75.4
15214  44   79.1
15215  44   79.1
15216  45   77.5
15217  45   77.7
15218  44   75.0
15219  45   74.5
15220  45   75.4
15221  45   76.1
15222  45   76.3
15223  45   76.4
15224  12   63.3
15225  42   63.9
15226  43   79.9
15227  42   77.8
15228  42   80.8
15229  42   72.6
15230  43   77.4
15231  44   75.8
15232  45   75.1
15233  45   71.5
15234  45   75.6
15235  45   74.1
15236  45   71.3
15237  45   74.0
15238  45   77.3
15239  45   76.4
15240  45   77.1
15241  45   78.4
15242  44   78.5
15243  44   78.8
15244  45   78.4
15245  45   75.6
15246  45   76.5
15247  45   74.0
15248  45   75.9
15249  45   77.3
15250  45   75.8
15251  45   75.6
15252  45   75.4
15253  45   76.7
15254  44   76.6
15255  45   77.6
15256  45   78.6
15257  45   75.3
15258  44   79.7
15259  44   77.8
15260  45   76.3
15261  45   79.5
15262  44   77.0
15263  44   77.6
15264  45   76.3
15265  45   76.4
15266  45   77.2
15267  45   77.8
15268  45   76.5
15269  45   75.1
15270  45   68.5
15271  45   78.8
15272  45   76.2
15273  45   72.8
15274  45   77.3
15275  44   77.3
15276  42   76.7
15277  44   76.9
15278  43   76.7
15279  43   73.7
15280  45   73.4
15281  45   77.1
15282  45   77.2
15283  45   78.1
15284  45   75.4
15285  45   78.5
15286  45   75.2
15287  45   74.8
15288  45   77.1
15289  45   77.1
15290  46   73.7
15291  46   75.9
15292  45   75.5
15293  44   76.2
15294  46   76.6
15295  45   58.6
15296  44   72.2
15297  44   74.4
15298  44   75.5
15299  44   76.4
15300  44   73.8
15301  44   75.8
15302  44   73.5
15303  44   72.0
15304  44   74.8
15305  44   75.9
15306  44   76.0
15307  44   71.7
15308  45   71.4
15309  43   74.1
15310  44   75.5
15311  43   74.6
15312  43   75.9
15313  44   73.5
15314  44   76.1
15315  44   74.2
15316  44   73.5
15317  45   73.9
15318  45   71.5
15319  44   76.2
15320  45   71.1
15321  45   74.0
15322  46   74.5
15323  44   65.8
15324  45   74.7
15325  45   72.3
15326  45   73.8
15327  45   73.7
15328  45   73.8
15329  45   73.4
15330  45   75.2
15331  45   72.9
15332  45   74.7
15333  45   73.6
15334  45   73.7
15335  45   73.9
15336  45   72.9
15337  44   73.6
15338  45   75.9
15339  45   74.2
15340  45   76.4
15341  45   72.6
15342  45   73.3
15343  44   73.5
15344  44   72.9
15345  43   72.8
15346  44   74.3
15347  44   76.7
15348  40   73.5
15349  42   70.4
15350  43   69.6
15351  45   70.8
15352  45   76.3
15353  45   74.0
15354  45   74.4
15355  45   71.7
15356  44   72.7
15357  45   75.0
15358  45   71.8
15359  45   73.1
15360  45   71.5
15361  45   72.9
15362  45   71.4
15363  45   73.7
15364  45   68.2
15365  44   70.1
16001  45   66.3
16002  45   71.8
16003  45   73.6
16004  45   70.4
16005  45   69.2
16006  45   72.6
16007  45   72.4
16008  44   75.2
16009  45   70.2
16010  45   74.6
16011  45   60.4
16012  45   69.0
16013  45   71.5
16014  45   71.8
16015  45   70.7
16016  45   74.8
16017  45   70.3
16018  44   72.4
16019  45   72.2
16020  44   70.0
16021  45   67.4
16022  45   75.2
16023  45   74.5
16024  45   73.9
16025  45   73.3
16026  45   74.9
16027  45   72.4
16028  44   71.6
16029  44   72.1
16030  44   72.0
16031  44   75.0
16032  41   73.4
16033  41   73.5
16034  40   74.9
16035  41   73.8
16036  40   74.6
16037  41   75.2
16038  41   75.6
16039  41   74.3
16040  41   73.9
16041  41   75.5
16042  41   74.2
16043  41   69.2
16044  41   68.8
16045  41   72.8
16046  41   70.5
16047  41   72.7
16048  40   72.7
16049  40   71.0
16050  40   75.3
16051  40   71.6
16052  40   76.0
16053  40   75.3
16054  40   66.1
16055  40   71.9
16056  39   71.0
16057  39   72.9
16058  40   75.0
16059  40   75.3
16060  40   75.5
16061  39   75.5
16062  40   74.4
16063  41   67.3
16064  41   74.7
16065  41   75.5
16066  41   73.5
16067  41   77.0
16068  41   76.7
16069  41   76.9
16070  41   72.4
16071  41   74.9
16072  41   74.6
16073  41   75.5
16074  41   73.4
16075  42   73.3
16076  42   74.9
16077  42   72.9
16078  42   69.4
16079  42   75.8
16080  42   74.9
16081  42   75.7
16082  42   76.4
16083  42   75.6
16084  41   74.9
16085  41   75.3
16086  42   76.4
16087  42   75.0
16088  42   76.4
16089  42   74.4
16090  42   75.7
16091  42   75.2
16092  42   76.3
16093  42   73.2
16094  42   73.8
16095  41   74.9
16096  41   73.0
16097  42   72.1
16098  42   73.9
16099  42   74.3
16100  42   71.4
16101  42   76.2
16102  42   74.3
16103  42   72.9
16104  42   72.5
16105  42   74.9
16106  42   74.8
16107  42   75.3
16108  41   75.3
16109  42   75.1
16110  42   75.6
16111  42   75.6
16112  42   65.8
16113  42   60.7
16114  41   75.4
16115  42   75.2
16116  42   73.2
16117  42   76.4
16118  42   76.0
16119  42   73.0
16120  42   73.6
16121  42   76.8
16122  42   76.0
16123  42   75.8
16124  42   74.3
16125  42   73.0
16126  42   71.2
16127  42   75.1
16128  42   76.1
16129  42   72.3
16130  42   75.9
16131  41   75.5
16132  41   77.0
16133  41   77.1
16134  41   73.4
16135  41   75.1
16136  41   76.2
16137  41   76.1
16138  41   73.1
16139  41   76.4
16140  40   76.5
16141  40   75.6
16142  40   76.1
16143  40   75.9
16144  40   72.2
16145  40   77.4
16146  40   76.4
16147  40   75.9
16148  40   72.6
16149  41   75.9
16150  41   68.8
16151  41   73.6
16152  41   72.3
16153  40   76.0
16154  39   77.4
16155  40   76.5
16156  41   75.0
16157  41   76.3
16158  41   69.2
16159  41   75.7
16160  41   74.5
16161  41   75.4
16162  41   75.6
16163  41   75.5
16164  37   77.2
16165  37   77.0
16166  36   66.0
16167  37   78.5
16168  37   75.6
16169  37   74.3
16170  37   78.6
16171  37   76.6
16172  37   75.8
16173  37   81.4
16174  37   80.0
16175  37   80.3
16176  37   80.0
16177  37   76.0
16178  37   75.9
16179  37   68.2
16180  37   76.5
16181  37   78.0
16182  37   78.7
16183  37   77.6
16184  37   76.1
16185  37   77.9
16186  37   78.4
16187  37   77.3
16188  37   75.8
16189  37   78.1
16190  35   79.4
16191  37   77.8
16192  37   77.4
16193  37   78.1
16194  37   79.7
16195  37   78.5
16196  37   72.4
16197  37   78.3
16198  37   77.0
16199  37   78.7
16200  37   79.1
16201  37   78.4
16202  36   79.4
16203  37   61.5
16204  36   69.7
16205  37   77.8
16206  37   78.3
16207  37   78.7
16208  31   80.3
16209  37   75.9
16210  37   77.9
16211  31   78.5
16212  37   73.8
16213  37   77.4
16214  37   76.8
16215  37   77.8
16216  37   78.5
16217  37   77.4
16218  37   76.7
16219  37   75.7
16220  37   75.9
16221  38   78.3
16222  37   76.5
16223  37   78.8
16224  37   78.7
16225  37   72.9
16226  37   77.2
16227  37   76.0
16228  37   78.8
16229  36   77.7
16230  37   75.9
16231  37   78.3
16232  37   78.4
16233  37   77.4
16234  37   78.9
16235  37   77.0
16236  37   78.0
16237  37   82.7
16238  37   79.8
16239  37   76.3
16240  37   78.1
16241  37   77.1
16242  37   78.7
16243  37   77.0
16244  37   77.4
16245  37   77.9
16246  36   78.0
16247  37   76.3
16248  37   77.5
16249  37   75.9
16250  37   77.4
16251  37   78.0
16252  37   79.3
16253  37   79.1
16254  37   76.5
16255  37   76.2
16256  37   79.2
16257  37   75.9
16258  37   77.9
16259  30   74.8
16260  37   77.2
16261  37   79.8
16262  37   79.2
16263  37   78.3
16264  37   79.4
16265  37   77.0
16266  23   75.0
16267  37   76.4
16268  37   78.8
16269  37   79.4
16270  37   79.1
16271  37   76.8
16272  37   79.5
16273  37   79.7
16274  37   76.6
16275  37   77.8
16276  37   79.2
16277  37   79.9
16278  37   82.3
16279  37   78.3
16280  37   79.7
16281  37   77.1
16282  37   76.4
16283  36   81.5
16284  37   78.3
16285  37   74.7
16286  37   76.3
16287  37   69.2
16288  37   77.6
16289  37   75.8
16290  37   75.4
16291  37   78.7
16292  37   79.8
16293  37   72.6
16294  37   77.2
16295  36   73.9
16296  37   77.1
16297  37   76.1
16298  37   62.2
16299  37   79.7
16300  37   77.3
16301  37   75.0
16302  37   77.2
16303  37   76.9
16304   9   76.0
16305   9   75.9
