04015   1   44.4
04016   1   48.3
04017   1   40.0
04018   1   37.0
04019   1   31.0
04020   1   24.0
04021   1   41.9
04022   1   40.0
04023   1   23.1
04024   1   33.3
04025   1   30.0
04026   1   30.0
04027   1   12.5
04028   1   42.9
04029   1   36.0
04030   1   26.9
04031   1   50.0
04032   1   26.7
04033   1   25.0
04034   1   20.0
04035   1   16.1
04036   1   26.1
04037   1   33.3
04038   1   27.6
04039   1   38.2
04040   1   25.8
04041   1   32.1
04042   1   39.3
04043   1   48.4
04045   1   30.0
04046   1   46.3
04047   1   45.7
04048   1   70.0
04049   1   35.5
04050   1   42.3
04051   1   26.5
04052   1   28.6
04053   1   37.1
04054   1   40.6
04055   1   42.4
04056   1   38.5
04057   1   22.6
04058   1   40.0
04060   1   51.5
04061   1   36.0
04062   1   40.6
04063   1   66.7
04064   1   63.0
04065   1   51.9
04066   1   41.4
04067   1   30.3
04068   1   44.4
04069   1   34.3
04071   1   41.2
04072   1   26.9
04073   1   40.7
04074   1   60.7
04075   1   51.9
04076   1   39.0
04077   1   22.9
04079   1   46.9
04080   1   18.2
04081   1   32.1
04082   1   25.0
04083   1   33.3
04084   1   42.4
04085   1   41.7
04086   1   36.7
04087   1   47.2
04088   1   46.9
04089   1   35.7
04090   1   41.7
04091   1   57.1
04092   1   25.8
04093   1   60.0
04094   1   42.1
04095   1   50.0
04096   1   18.8
04097   1   40.0
04098   1   46.7
04099   1   44.1
04100   1   43.9
04101   1   37.8
04102   1   61.1
04103   1   51.4
04104   1   38.5
04105   1   32.3
04106   1   36.7
04107   1   42.4
04108   1   56.1
04109   1   51.5
04110   1   45.9
04111   1   50.0
04112   1   36.7
04113   1   44.8
04119   1   23.8
04120   1   42.3
04121   1   43.5
04122   1   29.2
04123   1   31.0
04124   1   63.0
04125   1   48.0
04126   1   40.0
04127   1   42.3
04128   1   48.1
04129   1   44.4
04130   1   64.3
04131   1   57.1
04132   1   41.2
04133   1   47.1
04134   1   46.2
04135   1   39.3
04136   1   28.6
04137   1   33.3
04138   1   48.0
04139   1   31.2
04140   1   32.4
04141   1   46.2
04142   1   35.7
04144   1   44.1
04145   1   55.6
04146   1   32.3
04147   1   31.4
04148   1   37.9
04149   1   67.7
04150   1   35.1
04151   1   34.3
04152   1   17.1
04153   1   19.4
04154   1   43.9
04155   1   37.8
04156   1   69.0
04157   1   57.1
04158   1   25.0
04159   1   43.2
04160   1   37.0
04161   1   27.8
04162   1   30.8
04163   1   30.3
04164   1   56.1
04165   1   31.2
04166   1   23.5
04167   1   33.3
04168   1   40.5
04169   1   37.5
04170   1   47.2
04171   1   51.4
04172   1   36.1
04173   1   28.1
04174   1   39.4
04175   1   38.5
04176   1   15.0
04177   1   20.0
04178   1   21.7
04179   1   41.0
04180   1   24.2
04181   1   45.2
04182   1   37.5
04183   1   41.7
04184   1   42.5
04185   1   46.3
04186   1   42.4
04187   1   42.5
04188   1   47.1
04189   1   44.1
04190   1   41.7
04191   1   36.4
04192   1   34.5
04193   1   46.2
04194   1   25.0
04195   1   40.0
04196   1   35.5
04197   1   44.4
04198   1   42.4
04199   1   50.0
04200   1   22.2
04201   1   27.3
04203   1   45.7
04204   1   25.0
04205   1   40.0
04206   1   39.4
04207   1   45.7
04208   1   50.0
04209   1   40.0
04210   1   34.5
04211   1   50.0
04212   1   35.3
04215   1   57.1
04216   1    6.7
04217   1   18.5
04218   1   48.3
04219   1   50.0
04220   1   57.6
04221   1   50.0
04222   1   59.3
04223   1   55.6
04224   1   42.9
04225   1   58.6
04226   1   66.7
04227   1   52.8
04228   1   54.3
04229   1   18.8
04230   1   37.0
04231   1   58.8
04232   1   42.9
04233   1   46.2
04234   1   54.3
04235   1   50.0
04236   1   50.0
04237   1   58.1
04238   1   21.4
04239   1   25.0
04240   1   35.3
04241   1   42.4
04242   1   35.9
04243   1   64.1
04244   1   71.4
04245   1   50.0
04246   1   35.9
04247   1   36.4
04250   1   42.3
04251   1   40.0
04252   1   14.3
04253   1   12.5
04254   1   39.3
04255   1   35.1
04256   1   50.0
04257   1   41.9
04258   1   67.6
04259   1   55.3
04260   1   30.8
04261   1   26.7
04262   1   40.0
04263   1   22.7
04264   1   26.3
04265   1   41.2
04266   1   36.8
04267   1   48.5
04268   1   53.1
04269   1   32.3
04270   1   38.2
04271   1   47.1
04272   1   34.4
04273   1   23.3
04274   1   31.4
04275   1   41.0
04276   1   36.4
04277   1   34.3
04278   1   48.5
04279   1   42.9
04280   1   70.0
04281   1   42.4
04282   1   42.1
04283   1   30.8
04284   1   30.6
04285   1   27.5
04286   1   30.0
04287   1   50.0
04288   1   32.5
04289   1    5.9
04290   1   22.2
04291   1   63.3
04292   1   24.2
04293   1   40.7
04294   1   22.2
04295   1   38.2
04296   1   25.9
04297   1   38.7
04298   1   23.5
04300   1   14.3
04301   1   25.6
04302   1   35.9
04303   1   26.5
04304   1   27.3
04305   1   32.3
04306   1   42.3
04307   1   32.4
04308   1   44.4
04309   1   55.0
04310   1   32.4
04311   1   44.0
04312   1   38.5
04313   1   43.5
04314   1   52.2
04315   1   34.5
04316   1   50.0
04317   1   67.9
04318   1   62.5
04319   1   62.1
04320   1   53.3
04321   1   50.0
04328   1    0.0
04329   1   28.6
04330   1   46.9
04331   1   41.7
04332   1   44.4
04333   1   63.2
04334   1   45.9
04335   1   64.3
04336   1   40.0
04337   1   62.1
04338   1   50.0
04339   1   54.3
04340   1   62.9
04341   1   24.3
04342   1   40.6
04343   1   36.8
04344   1   20.7
04345   1   23.1
04346   1   50.0
04347   1   42.3
04348   1   55.6
04349   1   24.4
04350   1   63.4
04351   1   51.4
04352   1   47.4
04353   1   46.8
04354   1   48.8
04355   1   46.3
04356   1   62.5
04357   1   54.1
04358   1   51.2
04359   1   31.7
04360   1   40.5
04361   1   39.4
04362   1   46.7
04363   1   33.3
04364   1   52.8
04365   1   48.1
04366   1   45.5
05001   1   79.4
05002   1   66.7
05003   1   64.5
05004   1   46.2
05005   1   58.3
05006   1   64.9
05007   1   35.5
05008   1   71.9
05009   1   33.3
05010   1   18.6
05011   1   63.0
05012   1   32.1
05013   1   46.2
05014   1   59.4
05015   1   71.4
05016   1   40.7
05017   1   26.3
05018   1   44.7
05019   1   75.7
05020   1   54.3
05021   1   35.5
05022   1   50.0
05023   1   68.0
05024   1   46.9
05025   1   30.6
05026   1   65.2
05027   1   64.0
05028   1   51.9
05029   1   27.3
05030   1   60.9
05031   1   44.8
05032   1   48.3
05033   1   53.3
05034   1   61.9
05035   1   62.5
05036   1   60.9
05037   1   35.5
05038   1   65.5
05039   1   75.9
05040   1   59.5
05041   1   50.0
05042   1   51.3
05043   1   53.8
05044   1   64.7
05045   1   68.6
05046   1   69.0
05047   1   78.1
05048   1   48.4
05049   1   53.8
05050   1   44.4
05051   1   60.0
05052   1   60.7
05053   1   56.5
05054   1   75.8
05055   1   79.5
05056   1   54.8
05057   1   79.4
05058   1   76.9
05059   1   51.7
05060   1   48.8
05061   1   73.3
05062   1   61.5
05063   1   50.0
05064   1   25.6
05065   1   65.4
05066   1   53.3
05067   1   48.6
05068   1   64.1
05069   1   71.1
05070   1   53.7
05071   1   50.0
05072   1   77.1
05073   1   61.9
05074   1   65.5
05075   1   55.1
05076   1   58.5
05077   1   68.6
05078   1   39.4
05079   1   78.9
05080   1   52.8
05081   1   48.6
05082   1   45.0
05083   1   38.6
05084   1   74.1
05085   1   68.8
05086   1   68.0
05087   1   19.0
05088   1   73.3
05089   1   44.4
05090   1   35.9
05091   1   47.1
05092   1   67.7
05093   1   55.3
05094   1   41.3
05095   1   70.0
05096   1   61.8
05097   1   40.9
05098   1   66.7
05099   1   66.7
05100   1   43.6
05101   1   74.3
05102   1   27.3
05103   1   38.6
05104   1   48.6
05105   1   47.6
05106   1   67.9
05107   1   76.5
05108   1   51.2
05109   1   76.5
05110   1   50.0
05111   1   74.3
05112   1   73.3
05113   1   71.9
05114   1   65.5
05115   1   72.4
05117   1   76.3
05118   1   78.9
05120   1   81.6
05121   1   76.9
05122   1   63.3
05123   1   55.6
05124   1   59.5
05125   2   74.6
05126   2   61.8
05128   1   63.0
05129   1   85.5
05130   1   81.8
05131   1   79.5
05132   1   83.3
05133   1   81.2
05134   2   82.4
05135   2   77.2
05136   2   83.5
05137   1   84.0
05138   2   71.9
05139   1   75.6
05140   1   54.2
05141   1   78.4
05142   1   63.2
05143   2   69.0
05144   1   79.5
05145   1   81.8
05146   1   76.3
05147   1   66.7
05148   1   50.0
05149   1    0.0
05150   2   47.7
05151   1   82.4
05152   1   81.5
05153   1   78.7
05154   1   77.8
05155   1   80.0
05156   1   80.4
05157   1   56.8
05158   1   65.8
05159   1   75.6
05160   1   79.5
05161   1   84.3
05162   1   77.8
05163   1   70.5
05164   1   84.3
05165   1   80.9
05166   1   60.0
05167   1   76.7
05168   1   84.3
05169   1   82.6
05170   1   74.2
05171   1   82.0
05172   1   83.6
05173   1   80.0
05174   1   82.4
05175   1   76.5
05176   1   73.8
05177   1   85.5
05178   1   81.4
05179   1   75.0
05180   1   63.0
05181   1   81.1
05182   1   65.9
05183   1   65.0
05184   1   75.0
05185   1   73.9
05186   1   80.8
05187   1   67.2
05188   1   82.1
05189   1   73.1
05190   1   72.5
05191   1   77.6
05192   1   82.5
05193   1   83.1
05194   1   72.2
05195   1   70.8
05196   1   83.3
05197   1   76.6
05198   1   81.8
05199   1   57.7
05200   1   81.0
05201   1   80.0
05202   1   81.1
05203   1   79.5
05204   1   71.2
05205   1   83.6
05206   2   76.9
05207   1   65.5
05208   1   66.7
05209   1   80.0
05210   1   57.1
05212   1   76.5
05213   1   71.1
05214   1   80.4
05215   1   51.1
05216   1   77.2
05217   1   78.4
05218   1   76.2
05219   1   70.6
05220   1   76.2
05221   1   45.8
05222   1   80.4
05223   1   77.6
05224   1   69.2
05225   1   79.6
05226   1   81.4
05227   1   82.6
05228   1   82.7
05229   1   82.0
05230   1   63.0
05231   1   77.1
05232   1   83.1
05233   1   75.0
05234   1   83.0
05235   1   78.6
05236   1   76.1
05237   1   76.1
05238   1   82.7
05239   1   76.5
05240   1   80.9
05241   1   80.0
05242   1   60.3
05243   1   56.9
05244   1   84.3
05245   1   68.1
05246   1   77.8
05247   1   73.7
05248   1   81.4
05249   1   84.1
05250   1   80.6
05251   1   71.7
05252   1   38.1
05253   1   80.0
05254   1   77.6
05255   1   78.3
05256   1   80.9
05257   1   81.6
05258   1   65.3
05259   2   68.2
05260   1   74.3
05261   1   80.4
05262   1   76.2
05263   1   77.1
05264   1   74.0
05265   1   77.1
05266   1   81.6
05267   1   74.4
05268   1   33.3
05272   1   63.6
05273   1   80.8
05274   1   82.4
05275   1   79.1
05276   1   80.0
05277   1   60.9
05278   1   81.0
05279   1   78.0
05280   1   81.8
05281   1   73.0
05282   1   79.4
05283   1   83.8
05284   1   75.7
05285   1   73.5
05286   1   80.0
05287   1   82.4
05288   1   81.1
05289   1   79.4
05290   1   40.0
05291   1   20.0
05292   1   32.0
05293   1   71.4
05294   1   65.1
05295   1   79.5
05296   1   73.7
05297   1   70.0
05298   1   65.7
05299   1   71.9
05300   1   75.8
05301   1   75.0
05302   1   75.0
05303   2   73.5
05304   1   76.7
05305   1   66.7
05306   2   72.2
05307   2   72.7
05308   2   78.6
05309   2   72.1
05310   1   69.7
05311   1   77.4
05312   1   73.1
05313   2   68.0
05314   1   72.7
05315   1   74.2
05316   1   73.0
05317   1   47.1
05318   1   74.4
05319   1   71.8
05320   1   62.9
05321   1   73.7
05322   1   75.0
05323   1   75.8
05324   1   69.0
05325   1   73.5
05326   1   77.1
05327   1   48.4
05328   1   76.7
05329   1   80.0
05330   2   73.7
05331   2   75.8
05332   2   71.8
05333   2   76.0
05334   2   66.7
05335   2   65.9
05336   1   74.3
05337   1   64.7
05338   1   70.0
05339   1   71.4
05340   1   69.4
05341   1   76.3
05342   1   77.4
05343   1   63.2
05344   1   75.7
05345   1   76.3
05346   1   78.4
05347   1   73.5
05348   1   76.5
05349   1   72.2
05350   1   78.1
05351   1   78.8
05352   1   35.0
05353   1   77.8
05355   1   71.4
05356   1   77.1
05357   1   75.8
05358   1   76.3
05359   1   73.5
05360   1   66.7
05361   1   76.7
05362   1   69.7
05363   1   76.5
05364   1   74.2
05365   1   72.2
06001   1   56.8
06002   1   77.4
06003   1   66.7
06004   1   78.1
06005   1   74.1
06006   1   67.9
06007   1   65.4
06008   1   61.3
06009   1   68.0
06010   1   70.8
06011   1   70.0
06012   1   75.0
06013   1   76.7
06014   1   78.8
06015   1   70.4
06016   1   74.2
06017   1   71.4
06018   1   62.5
06019   1   72.4
06020   1   73.1
06021   1   62.5
06022   1   75.9
06023   1   73.5
06024   1   70.4
06025   1   78.9
06026   1   75.6
06027   1   73.3
06028   1   70.0
06029   1   72.2
06030   1   71.4
06031   1   77.8
06032   1   73.3
06033   1   59.4
06034   1   77.1
06035   1   74.4
06036   1   71.0
06037   1   70.0
06038   1   74.4
06039   1   77.8
06040   1   53.3
06041   1   45.2
06042   1   77.1
06043   1   75.8
06044   1   72.4
06045   1   78.9
06046   1   54.5
06047   1   57.1
06048   1   65.5
06049   1   69.4
06050   1   75.7
06051   1   74.3
06052   1   37.5
06053   1   65.6
06054   1   65.9
06055   1   78.0
06056   1   77.5
06057   1   69.7
06058   1   71.4
06059   1   72.4
06060   1   76.5
06061   1   56.7
06062   1   78.6
06063   1   80.6
06064   1   78.6
06065   1   78.8
06066   1   60.0
06067   1   83.3
06068   1   70.4
06069   1   78.1
06070   1   59.4
06071   1   79.4
06072   1   76.5
06073   2   69.0
06074   1   80.0
06075   1   83.3
06076   1   81.1
06077   1   84.8
06078   1   80.0
06079   1   77.8
06080   1   75.0
06081   1   67.3
06082   1   82.9
06083   1   84.4
06084   1   85.7
06085   1   79.5
06086   1   74.2
06087   1   73.1
06088   1   61.3
06089   1   75.0
06090   1   77.4
06091   1   78.4
06092   1   79.4
06093   1   78.8
06094   1   68.8
06095   1   76.7
06096   1   73.1
06097   1   56.5
06098   1   72.7
06099   1   77.1
06100   1   73.3
06101   1   66.7
06102   1   79.5
06103   1   78.6
06104   1   72.2
06105   1   75.0
06106   1   71.1
06107   1   62.2
06108   1   79.5
06109   1   75.8
06110   1   78.0
06111   2   62.3
06112   1   40.0
06113   1   64.3
06114   1   65.5
06115   1   66.7
06116   1   63.3
06117   1   74.2
06118   2   74.2
06119   1   75.0
06120   1   67.4
06121   1   69.4
06122   1   69.7
06123   1   79.5
06124   1   69.0
06125   1   51.2
06126   1   74.3
06127   1   79.5
06128   1   75.6
06129   1   55.0
06130   1   61.1
06131   1   73.8
06132   1   52.5
06133   1   46.7
06134   1   77.1
06135   1   73.5
06136   2   64.1
06137   1   65.7
06139   1   65.1
06140   1   65.9
06141   1   77.1
06142   1   56.4
06143   1   52.9
06144   1   74.4
06145   1   79.1
06146   1   73.3
06147   1   83.0
06148   1   76.2
06149   1   76.3
06150   1   77.5
06151   1   74.4
06152   2   51.9
06153   1   77.5
06154   1   75.6
06155   1   76.9
06156   1   61.5
06157   1   75.0
06158   1   76.3
06159   1   72.2
06160   1   67.6
06161   1   75.7
06162   1   79.1
06163   2   70.1
06164   1   70.6
06165   1   67.6
06166   1   68.8
06167   1   61.5
06168   1   77.5
06169   1   74.3
06170   1   70.8
06171   1   59.3
06172   1   73.0
06173   1   71.7
06174   1   75.6
06175   1   67.3
06176   1   66.7
06177   1   73.9
06178   1   40.0
06179   1   40.4
06180   1   72.0
06181   1   77.3
06182   1   67.6
06183   1   70.5
06184   1   70.5
06185   1   51.3
06186   1   81.6
06187   1   70.3
06188   1   77.1
06189   1   77.8
06190   1   62.5
06191   2   39.7
06192   1   63.2
06193   1   70.0
06194   1   74.2
06195   1   71.0
06196   1   71.9
06197   1   73.3
06198   1   48.0
06200   1   53.8
06201   1   68.8
06202   1   73.0
06203   1   59.5
06204   1   74.2
06205   1   67.7
06206   1   73.5
06207   1   68.8
06208   1   76.3
06209   1   44.7
06210   1   64.7
06211   1   75.7
06212   1   58.5
06213   1   68.4
06214   1   73.7
06215   1   75.6
06216   1   74.4
06217   1   68.2
06218   1   70.3
06219   1   75.0
06220   1   63.9
06221   1   65.1
06222   1   65.1
06223   1   81.4
06225   1   68.4
06226   1   57.9
06227   2   77.5
06228   1   77.5
06229   1   65.8
06230   1   82.1
06231   1   69.8
06232   2   68.9
06233   2   80.3
06234   1   80.0
06235   1   75.7
06236   2   75.0
06237   2   62.9
06238   2   77.6
06239   2   76.6
06240   2   74.0
06241   2   65.6
06242   2   65.7
06243   2   71.0
06244   2   72.9
06245   2   66.7
06246   2   74.7
06247   2   63.0
06248   2   64.6
06249   2   65.2
06250   2   76.7
06251   2   66.2
06252   2   75.6
06253   2   71.1
06254   2   68.2
06255   2   66.2
06256   3   60.2
06257   3   60.0
06258   4   73.0
06259   4   80.3
06260   4   64.6
06261   4   67.8
06262   3   58.6
06263   4   72.6
06264   4   79.9
06265   4   80.5
06266   4   82.0
06267   4   72.5
06268   4   76.9
06269   4   78.3
06270   5   79.9
06271   4   74.7
06272   5   60.4
06273   5   73.8
06274   5   66.7
06275   5   70.9
06276   5   75.2
06277   5   75.9
06278   5   80.7
06279   5   73.3
06280   5   75.2
06281   5   64.5
06282   5   70.2
06283   5   67.4
06284   5   64.6
06285   5   69.7
06286   5   66.0
06287   5   68.5
06288   5   70.5
06289   5   68.1
06290   5   73.5
06291   5   62.7
06292   5   72.1
06293   5   79.0
06294   5   72.9
06295   5   70.3
06296   5   59.3
06297   5   54.5
06298   5   46.3
06299   5   52.7
06300   5   68.4
06301   5   69.6
06302   5   69.2
06303   5   67.9
06304   5   67.1
06305   5   73.2
06306   5   69.7
06307   5   61.6
06308   5   66.1
06309   5   62.2
06310   5   43.1
06311   6   68.3
06312   6   64.2
06313   7   58.6
06314   7   53.8
06315   7   68.8
06316   7   51.5
06317   7   62.4
06318   7   69.1
06319   7   40.2
06320   7   54.0
06321   7   52.4
06322   7   73.3
06323   7   72.3
06324   7   50.2
06325   7   67.3
06326   7   62.9
06327   7   57.9
06328   7   42.3
06329   7   65.3
06330   7   67.9
06331   7   59.2
06332   7   71.9
06333   7   64.7
06334   7   44.9
06335   7   50.8
06336   7   66.1
06337   7   68.4
06338   7   60.8
06339   7   55.5
06340   7   67.4
06341   7   61.8
06342   7   70.0
06343   7   65.9
06344   7   69.3
06345   7   68.8
06346   7   46.4
06347   7   65.2
06348   7   68.8
06349   7   65.3
06350   2   78.8
06351   2   50.0
06352   7   56.6
06353   7   63.8
06354   7   52.1
06355   6   51.3
06356   6   72.4
06357   6   65.5
06358   6   57.8
06359   5   69.2
06360   6   62.4
06361   6   60.9
06362   5   68.1
06363   6   75.2
06364   6   73.0
06365   6   71.6
07001   6   69.9
07002   6   65.7
07003   6   64.9
07004   6   67.5
07005   5   68.9
07006   5   70.1
07007   5   65.4
07008   5   69.2
07009   6   63.9
07010   6   56.1
07011   6   62.1
07012   6   44.8
07013   5   64.8
07014   5   43.5
07015   6   60.5
07016   6   61.2
07017   6   72.1
07018   5   51.5
07019   6   50.0
07020   5   59.2
07021   5   68.8
07022   6   49.1
07023   6   63.3
07024   6   70.9
07025   6   65.6
07026   6   60.9
07027   6   71.6
07028   6   67.4
07029   6   61.2
07030   6   70.1
07031   6   79.2
07032   6   76.6
07033   6   68.4
07034   6   74.4
07035   6   75.4
07036   6   78.7
07037   6   74.2
07038   6   76.9
07039   6   67.6
07040   6   65.9
07041   6   70.9
07042   6   66.4
07043   6   40.2
07044   5   52.2
07045   7   45.8
07046   7   67.8
07047   7   70.8
07048   8   74.6
07049   7   72.1
07050   8   63.2
07051   7   45.2
07052   8   56.4
07053   8   72.4
07054   8   75.1
07055   8   73.3
07056   6   71.0
07057   8   70.1
07058   8   68.6
07059   6   55.4
07060   8   64.9
07061   7   73.9
07062   7   75.1
07063   7   75.8
07064   7   62.2
07065   7   66.2
07066   8   62.4
07067   9   66.1
07068   8   64.0
07069   8   68.4
07070   8   65.0
07071   9   56.6
07072   8   61.9
07073   8   63.2
07074   9   45.6
07075   9   54.7
07076   8   73.2
07077   8   72.5
07078   8   76.2
07079   7   70.4
07080   7   62.3
07081   8   56.7
07082   8   71.9
07083   8   71.3
07084   8   67.8
07085   8   64.9
07086   8   69.2
07087   8   60.7
07088   8   68.8
07089   9   71.4
07090   9   69.1
07091   8   61.5
07092   8   69.2
07093   9   43.6
07094   9   32.9
07095   8   51.2
07096   8   65.7
07097   8   64.3
07098   8   64.4
07099   8   67.1
07100   9   59.0
07101   8   66.0
07102   8   56.4
07103   9   56.0
07104   8   68.6
07105   9   67.9
07106   9   61.5
07107   9   53.4
07108   9   59.2
07109   8   57.7
07110   9   58.7
07111   8   55.0
07112   8   61.8
07113   8   51.0
07114   8   62.5
07115   9   62.9
07116   8   57.3
07117   8   64.9
07118   9   66.9
07119   8   62.3
07120   9   67.2
07121   7   64.6
07122   9   58.0
07123   8   56.9
07124   8   65.8
07125   8   66.7
07126   7   54.9
07127   8   68.3
07128   8   50.7
07129   9   65.8
07130   8   59.5
07131   8   62.6
07132   8   68.4
07133   8   58.4
07134   9   62.7
07135   8   57.5
07136   8   59.3
07137   8   68.9
07138   8   56.7
07139   8   50.0
07140   8   66.2
07141   8   60.3
07142   8   60.5
07143   8   54.2
07144   7   60.4
07145   8   59.1
07146   8   64.6
07147   7   68.8
07148   8   70.3
07149   6   57.9
07150   7   58.6
07151   9   53.5
07152   9   62.1
07153   8   60.0
07154   8   57.3
07155   9   61.8
07156   9   55.7
07157   9   67.6
07158   8   65.3
07159   9   65.5
07160   9   62.4
07161   9   62.3
07162   9   61.5
07163   7   61.9
07164   8   63.2
07165   8   54.9
07166   8   73.0
07167   8   71.4
07168   8   69.5
07169   7   63.7
07170   8   64.1
07171   8   68.6
07172   9   64.6
07173   6   66.3
07174   8   69.1
07175   7   66.7
07176   7   66.7
07177   8   63.0
07178   8   58.1
07179   7   62.0
07180   8   65.0
07181   9   58.8
07182   9   66.5
07183   7   70.1
07184   8   66.9
07185   8   65.6
07186   8   65.4
07187   7   64.6
07188   8   63.8
07189   8   56.8
07190   9   67.4
07191   9   61.9
07192   9   55.0
07193   8   56.9
07194   8   56.8
07195   8   65.0
07196   9   66.9
07197   8   61.6
07198   9   50.3
07199   9   65.8
07200   9   68.5
07201   9   58.2
07202   4   60.9
07203   4   71.5
07204   9   64.8
07205   9   75.4
07206   9   70.3
07207   9   58.7
07208   8   63.7
07209   9   65.9
07210   9   67.7
07211   9   62.3
07212   9   62.5
07213   9   60.4
07214   9   65.0
07215   9   64.0
07216   9   63.4
07217   8   58.3
07218   9   55.0
07219   9   64.6
07220   8   63.7
07221   9   66.3
07222   8   61.9
07223   9   63.4
07224   9   65.4
07225   9   61.7
07226   9   66.2
07227   9   61.5
07228   9   39.5
07229   9   57.9
07230   8   58.6
07231   8   56.7
07232   9   64.0
07233   7   65.5
07234   8   56.4
07235   7   62.4
07236   9   68.2
07237   9   68.5
07238   9   64.0
07239   7   66.9
07240   7   63.9
07241   8   64.2
07242   7   64.7
07243   7   70.0
07244   9   69.5
07245   9   73.4
07246   6   60.8
07247   7   62.5
07248   8   64.5
07249   7   69.1
07250   8   65.8
07251   8   72.1
07252   9   75.3
07253   9   75.1
07254   8   63.5
07255   9   72.5
07256   9   68.0
07257   9   65.4
07258   9   67.9
07259   9   56.5
07260   8   69.3
07261   8   70.7
07262   8   60.5
07263   8   49.7
07264   9   64.5
07265   8   65.2
07266   8   59.5
07267   8   61.0
07268   8   64.9
07269   8   69.0
07270   8   62.0
07271   8   70.4
07272   7   71.3
07273   8   63.4
07274   9   63.4
07275   9   66.0
07276   8   67.1
07277   8   67.9
07278   8   70.7
07279   8   72.3
07280   8   69.9
07281   9   37.5
07282   8   74.2
07283   9   70.2
07284   8   70.9
07285   8   70.3
07286   8   69.7
07287   9   67.3
07288   8   69.8
07289   8   67.6
07290   8   54.1
07291   8   53.2
07292   8   66.5
07293   8   63.5
07294   8   71.0
07295   8   70.7
07296   8   70.1
07297   8   70.2
07298   8   70.0
07299   8   67.6
07300   8   68.9
07301   8   67.0
07302   9   67.5
07303   8   65.6
07304   8   61.3
07305   8   68.6
07306   8   66.1
07307   8   63.3
07308   4   77.7
07309   6   69.1
07310   6   68.2
07311   6   69.0
07312   3   63.1
07313   5   74.8
07314   5   63.9
07315   5   64.5
07316   5   68.8
07317   5   63.5
07318   5   60.1
07319   5   63.4
07320   5   63.9
07321   5   74.1
07322   5   72.3
07323   5   69.9
07324   5   70.1
07325   5   72.3
07326   5   74.8
07327   4   78.2
07328   4   77.7
07329   5   76.6
07330   6   61.1
07331   5   72.7
07332   5   69.5
07333   5   71.4
07334   5   65.8
07335   5   71.1
07336   5   73.3
07337   5   63.2
07338   5   63.6
07339   5   57.1
07340   5   62.0
07341   5   69.4
07342   5   69.2
07343   5   63.2
07344   5   60.4
07345   5   59.8
07346   5   51.7
07347   4   64.5
07348   5   56.6
07349   5   63.3
07350   5   64.2
07351   4   43.8
07352   5   47.0
07353   5   58.0
07354   5   54.5
07355   5   55.0
07356   5   69.0
07357   5   72.8
07358   5   81.6
07359   5   70.5
07360   5   66.2
07361   5   64.4
07362   5   57.1
07363   5   63.8
07364   5   69.6
07365   5   65.6
08001   5   71.8
08002   5   63.2
08003   5   64.2
08004   5   61.8
08005   6   34.8
08006   6   63.7
08007   7   55.9
08008   5   64.9
08009   5   67.6
08010   4   61.8
08011   5   66.3
08012   5   66.9
08013   5   66.0
08014   5   67.9
08015   5   68.4
08016   5   46.4
08017   5   73.9
08018   5   73.2
08019   5   68.8
08020   5   69.9
08021   6   56.8
08022   8   53.4
08023   7   46.6
08024   7   71.4
08025   6   68.5
08026   6   73.8
08027   7   70.4
08028   7   54.9
08029   6   56.4
08030   3   65.8
08031   3   68.2
08032   3   65.6
08033   3   72.9
08034   3   72.5
08035   3   73.9
08036   3   74.6
08037   3   66.7
08038   3   66.7
08039   3   69.5
08040   6   65.0
08041   6   70.3
08042   6   66.9
08043   6   63.4
08044   7   69.5
08045   8   72.0
08046   8   66.0
08047   8   66.5
08048   8   71.2
08049   8   67.5
08050   8   43.2
08051   8   66.3
08052   8   69.4
08053   8   65.5
08054   8   74.0
08055   8   74.2
08056   8   67.6
08057  10   67.4
08058  10   69.7
08059   9   71.0
08060   9   73.6
08061  10   73.9
08062   9   71.3
08063  10   75.0
08064  10   79.9
08065  10   60.1
08066  10   74.3
08067  10   69.6
08068  10   71.0
08069  10   74.8
08070   9   72.5
08071  10   76.5
08072  11   63.3
08073  12   50.9
08074  11   62.9
08075  11   70.8
08076  11   73.9
08077  11   72.2
08078  11   63.6
08079  12   72.4
08080  13   55.2
08081  13   60.8
08082  12   71.8
08083  12   70.8
08084  12   73.7
08085  13   52.9
08086  13   54.4
08087  13   61.2
08088  13   68.7
08089  12   69.2
08090  12   69.7
08091  12   72.4
08092  13   66.8
08093  13   54.0
08094  13   58.8
08095  13   67.9
08096  13   71.5
08097  13   70.7
08098  13   69.0
08099  13   71.6
08100  13   70.9
08101  12   68.5
08102  13   70.8
08103  13   71.6
08104  13   69.4
08105  13   66.5
08106  13   32.2
08107  13   66.7
08108  14   70.2
08109  14   70.7
08110  14   71.2
08111  14   73.9
08112  14   73.5
08113  14   56.7
08114  14   62.8
08115  15   64.9
08116  15   61.0
08117  15   71.2
08118  13   69.2
08119  13   60.7
08120  13   73.2
08121  14   54.8
08122  15   58.3
08123  15   74.4
08124  15   74.1
08125  15   69.4
08126  15   70.0
08127  15   73.1
08128  13   48.0
08129  15   67.2
08130  15   72.1
08131  15   75.8
08132  15   72.1
08133  15   73.2
08134  15   73.3
08135  15   69.9
08136  15   70.1
08137  15   69.5
08138  15   69.7
08139  14   71.3
08140  15   46.1
08141  15   48.8
08142  14   48.6
08143  15   73.4
08144  15   68.5
08145  15   72.0
08146  15   68.5
08147  15   63.0
08148  15   66.9
08149  15   71.3
08150  14   73.3
08151  14   73.1
08152  15   74.1
08153  15   72.7
08154  15   71.4
08155  13   74.2
08156  13   73.3
08157  13   67.9
08158  15   69.3
08159  12   75.1
08160  12   77.4
08161  13   74.5
08162  13   72.3
08163  13   55.3
08164  13   68.2
08165  13   72.3
08166  15   68.4
08167  13   74.6
08168  15   65.8
08169  15   66.5
08170  14   66.4
08171  15   68.4
08172  15   68.7
08173  15   71.9
08174  15   70.1
08175  15   73.0
08176  15   69.8
08177  15   64.5
08178  14   68.1
08179  15   60.9
08180  14   70.9
08181  15   71.9
08182  15   54.6
08183  15   71.2
08184  15   70.5
08185  15   62.0
08186  15   63.3
08187  15   64.7
08188  14   60.0
08189  15   62.9
08190  15   72.0
08191  15   73.3
08192  15   68.3
08193  15   64.4
08194  15   64.1
08195  15   69.3
08196  14   52.3
08197  15   55.2
08198  15   69.4
08199  15   72.7
08200  15   68.4
08201  15   67.3
08202  15   67.4
08203  15   66.2
08204   6   56.4
08205   5   71.3
08206   5   65.9
08207   5   69.0
08208   6   65.4
08209  15   69.1
08210  15   65.8
08211  15   69.5
08212  15   69.7
08213  15   66.1
08214  15   70.3
08215  15   69.8
08216  15   68.6
08217  15   65.8
08218  15   58.3
08219  15   64.5
08220  14   70.4
08221  14   57.0
08222  13   68.5
08223  13   70.5
08224  14   61.3
08225  15   61.6
08226  15   42.4
08227  13   70.5
08228  14   68.0
08229  14   66.5
08230  14   67.9
08231  13   71.1
08232  13   49.2
08233  13   66.9
08234  13   67.6
08235  14   70.8
08236  15   69.8
08237  14   60.5
08238  13   73.2
08239  14   73.4
08240  13   72.5
08241  13   68.1
08242  13   66.7
08243  14   70.8
08244  14   66.8
08245  14   68.0
08246  14   71.4
08247  14   68.9
08248  14   61.7
08249  14   61.9
08250  13   69.0
08251  14   69.8
08252  14   67.5
08253  14   65.8
08254  14   54.4
08255  13   70.6
08256  13   70.9
08257  11   64.4
08258  12   69.6
08259  13   67.5
08260  14   67.8
08261  15   68.9
08262  13   69.6
08263  15   71.6
08264  15   72.5
08265  15   70.5
08266  13   54.7
08267  14   63.1
08268  15   63.0
08269  12   65.5
08270  11   71.8
08271  12   66.8
08272  13   69.3
08273  14   66.3
08274  14   69.7
08275  14   66.2
08276  14   67.2
08277  13   69.0
08278  13   72.3
08279  13   71.5
08280  13   67.2
08281  14   65.1
08282  14   65.8
08283  14   68.3
08284  14   69.4
08285  14   68.4
08286  14   72.9
08287  14   70.1
08288  14   68.0
08289  14   69.3
08290  14   54.3
08291  14   69.8
08292  14   57.8
08293  14   55.5
08294  14   66.6
08295  15   69.4
08296  15   69.6
08297  15   64.6
08298  15   67.0
08299  15   68.4
08300  15   63.7
08301  15   65.0
08302  15   50.9
08303  15   49.1
08304  15   66.6
08305  14   63.3
08306  14   60.3
08307  14   60.9
08308  15   49.9
08309  15   66.1
08310  12   55.9
08311  13   48.4
08312  14   71.0
08313  14   57.0
08314  14   56.2
08315  15   64.6
08316  15   64.9
08317  15   65.9
08318  15   44.8
08319  15   59.6
08320  15   70.1
08321  15   63.4
08322  15   67.3
08323  15   52.6
08324  15   67.1
08325  15   68.8
08326  15   58.7
08327  15   70.2
08328  14   69.1
08329  15   63.1
08330  15   65.0
08331  15   62.3
08332  15   65.9
08333  14   69.0
08334  14   70.8
08335  14   71.4
08336  15   69.8
08337  15   70.7
08338  15   61.9
08339  15   56.9
08340  15   67.7
08341  15   67.8
08342  15   73.2
08343  15   72.0
08344  15   70.1
08345  15   67.7
08346  15   56.7
08347  15   58.1
08348  15   71.5
08349  15   71.8
08350  15   69.1
08351  15   70.8
08352  15   69.4
08353  15   67.4
08354  15   70.9
08355  15   67.4
08356  15   61.4
08357  15   69.8
08358  15   74.4
08359  15   72.0
08360  15   72.8
08361  15   71.5
08362  15   69.2
08363  15   70.2
08364  14   56.6
08365  13   68.5
08366   5   66.8
09001   5   65.1
09002  14   65.9
09003  15   71.9
09004  14   73.7
09005  15   71.3
09006  15   66.9
09007  15   72.4
09008  15   74.5
09009  15   72.1
09010  15   73.2
09011  15   70.5
09012  15   55.0
09013  15   50.1
09014  15   32.6
09015  15   63.6
09016  15   68.4
09017  15   75.0
09018  15   67.5
09019  14   62.6
09020  15   72.4
09021  15   55.2
09022  15   72.4
09023  15   71.9
09024  15   70.0
09025  15   71.6
09026  14   67.6
09027  15   69.7
09028  15   66.6
09029  15   57.3
09030  15   55.5
09031  15   73.6
09032  15   71.7
09033  14   54.1
09034  15   61.4
09035  15   67.8
09036  15   73.8
09037  15   64.7
09038  15   70.6
09039  15   73.0
09040  15   73.1
09041  15   63.3
09042  15   42.5
09043  15   50.4
09044  15   71.9
09045  14   64.8
09046  15   67.8
09047  15   71.9
09048  15   77.2
09049  15   78.4
09050  15   79.3
09051  15   79.5
09052  15   71.5
09053  14   77.5
09054  15   71.9
09055  15   81.4
09056  15   63.1
09057  15   79.4
09058  15   79.8
09059  15   80.3
09060  15   77.9
09061  15   76.5
09062  15   79.5
09063  15   78.5
09064  15   78.0
09065  15   78.7
09066  15   79.5
09067  15   77.2
09068  15   78.0
09069  15   76.8
09070  15   73.8
09071  15   65.6
09072  15   76.6
09073  15   78.6
09074  15   77.6
09075  15   78.3
09076  15   79.5
09077  13   73.0
09078  13   74.8
09079  15   80.2
09080  15   72.9
09081  15   71.5
09082  15   76.2
09083  15   67.3
09084  14   49.9
09085  15   78.1
09086  15   73.5
09087  15   80.1
09088  15   80.5
09089  15   67.9
09090  15   78.5
09091  15   78.4
09092  15   72.8
09093  15   77.8
09094  15   77.8
09095  15   78.3
09096  15   80.2
09097  15   78.3
09098  15   76.8
09099  15   79.4
09100  15   79.2
09101  14   79.8
09102  15   79.5
09103  15   79.1
09104  15   80.7
09105  14   77.5
09106  15   80.9
09107  15   82.0
09108  15   77.0
09109  15   80.4
09110  15   81.7
09111  15   63.7
09112  15   75.4
09113  15   71.1
09114  15   71.5
09115  15   81.1
09116  15   80.5
09117  15   77.1
09118  15   73.0
09119  15   79.7
09120  15   79.4
09121  15   78.3
09122  15   82.6
09123  15   74.8
09124  15   78.2
09125  15   75.1
09126  15   77.8
09127  15   80.3
09128  15   75.5
09129  15   80.2
09130  15   80.3
09131  15   79.1
09132  15   76.6
09133  15   78.7
09134  15   76.6
09135  15   80.9
09136  15   77.5
09137  15   75.5
09138  15   69.5
09139  14   79.7
09140  15   74.5
09141  15   79.4
09142  15   79.2
09143  15   79.8
09144  15   77.2
09145  15   77.5
09146  16   75.1
09147  16   63.9
09148  16   77.7
09149  16   59.1
09150  16   75.5
09151  16   70.2
09152  16   78.6
09153  16   78.9
09154  16   76.3
09155  16   75.1
09156  15   66.4
09157  16   74.8
09158  15   74.8
09159  16   76.9
09160  16   67.5
09161  16   78.2
09162  16   79.9
09163  16   76.0
09164  16   68.1
09165  16   69.1
09166  16   78.1
09167  16   79.0
09168  16   64.8
09169  16   70.5
09170  16   67.1
09171  16   73.6
09172  16   76.8
09173  16   75.6
09174  16   69.8
09175  16   74.8
09176  16   79.4
09177  15   80.9
09178  15   81.0
09179  15   82.1
09180  16   80.1
09181  16   77.0
09182  16   80.3
09183  16   75.8
09184  16   71.6
09185  16   75.1
09186  16   77.3
09187  16   77.3
09188  16   75.0
09189  16   75.0
09190  16   77.6
09191  17   75.6
09192  17   77.5
09193  17   78.8
09194  17   76.9
09195  17   77.1
09196  17   75.8
09197  17   69.1
09198  17   74.0
09199  17   69.2
09200  17   70.0
09201  17   62.4
09202  17   77.5
09203  17   72.5
09204  17   74.1
09205  17   75.9
09206  17   78.8
09207  17   79.5
09208  17   76.7
09209  17   78.0
09210  17   75.2
09211  17   58.3
09212  17   69.2
09213  17   75.3
09214  17   77.0
09215  17   75.5
09216  17   75.6
09217  17   74.5
09218  17   67.5
09219  17   77.0
09220  17   78.6
09221  17   77.2
09222  17   67.7
09223  17   78.9
09224  17   60.9
09225  17   78.6
09226  17   68.7
09227  17   78.6
09228  17   77.2
09229  17   80.2
09230  17   83.2
09231  17   77.7
09232  17   82.2
09233  17   79.8
09234  16   81.1
09235  17   77.7
09236  15   80.7
09237  16   79.6
09238  16   80.2
09239  16   80.7
09240  17   81.6
09241  17   82.0
09242  17   80.3
09243  17   77.6
09244  17   75.5
09245  17   72.4
09246  16   73.6
09247  17   73.7
09248  16   80.9
09249  16   81.8
09250  16   80.7
09251  17   79.6
09252  17   80.5
09253  17   77.5
09254  17   64.9
09255  17   80.3
09256  17   79.7
09257  17   80.7
09258  17   77.1
09259  17   74.0
09260  16   74.3
09261  17   77.1
09262  17   79.5
09263  17   80.3
09264  17   76.9
09265  16   69.5
09266  17   77.4
09267  17   79.7
09268  17   80.3
09269  17   78.6
09270  16   72.2
09271  16   78.2
09272  16   82.0
09273   6   81.5
09274  17   79.4
09275  17   71.7
09276  17   80.4
09277  17   81.4
09278  17   67.4
09279  17   80.2
09280  17   79.5
09281  18   64.4
09282  18   76.0
09283  18   76.6
09284  18   78.3
09285  18   78.4
09286  18   72.5
09287  17   58.4
09288  18   62.7
09289  19   78.0
09290  19   75.2
09291  18   78.2
09292  19   77.0
09293  19   75.8
09294  18   72.9
09295  18   54.2
09296  19   68.2
09297  19   74.9
09298  18   76.4
09299  19   74.9
09300  19   78.6
09301  19   77.3
09302  19   70.6
09303  19   61.6
09304  19   73.2
09305  19   77.9
09306  19   77.3
09307  20   69.3
09308  19   74.8
09309  20   76.5
09310  19   76.2
09311  21   77.8
09312  20   79.1
09313  20   77.2
09314  20   78.7
09315  21   76.2
09316  21   74.1
09317  21   62.5
09318  21   77.9
09319  21   76.8
09320  21   77.9
09321  21   73.5
09322  21   70.2
09323  22   73.4
09324  22   75.5
09325  22   76.4
09326  22   78.0
09327  22   75.2
09328  22   76.7
09329  22   75.7
09330  22   75.4
09331  22   76.8
09332  22   78.3
09333  22   77.4
09334  22   79.7
09335  22   75.9
09336  22   77.1
09337  22   79.9
09338  22   78.6
09339  22   78.1
09340  22   77.8
09341  22   76.3
09342  22   61.4
09343  22   58.8
09344  22   57.1
09345  22   61.9
09346  22   74.4
09347  22   70.6
09348  22   73.0
09349  22   74.0
09350  22   76.9
09351  22   77.2
09352  22   75.9
09353  21   80.6
09354  22   78.2
09355  22   78.8
09356  21   75.1
09357  22   76.1
09358  22   75.7
09359  22   79.0
09360  22   75.7
09361  22   76.1
09362  22   59.8
09363  22   76.3
09364  22   71.4
09365  22   75.2
10001  22   75.7
10002  22   76.0
10003  22   74.8
10004  22   73.1
10005  22   73.9
10006  21   75.8
10007  22   77.3
10008  22   73.8
10009  22   65.8
10010  22   75.6
10011  22   77.2
10012  22   74.7
10013  22   57.2
10014  22   67.9
10015  22   70.5
10016  22   71.0
10017  22   76.1
10018  21   65.2
10019  21   74.0
10020  22   75.7
10021  21   79.0
10022  21   76.2
10023  22   74.4
10024  22   74.3
10025  22   74.2
10026  22   60.0
10027  21   73.5
10028  22   75.8
10029  22   72.5
10030  22   77.4
10031  22   79.3
10032  21   66.3
10033  22   70.9
10034  22   79.2
10035  22   77.1
10036  22   70.0
10037  22   74.7
10038  22   79.2
10039  22   71.4
10040  22   76.1
10041  22   74.3
10042  21   76.2
10043  22   76.5
10044  22   76.5
10045  22   76.2
10046  22   55.5
10047  22   70.6
10048  22   72.7
10049  22   67.3
10050  22   64.8
10051  22   76.3
10052  22   74.9
10053  22   71.1
10054  22   73.5
10055  22   72.5
10056  22   69.5
10057  22   73.0
10058  22   76.0
10059  22   74.6
10060  22   74.1
10061  22   72.9
10062  22   72.6
10063  22   71.9
10064  22   72.2
10065  22   74.9
10066  22   75.5
10067  22   73.4
10068  22   71.5
10069  22   72.1
10070  22   74.4
10071  22   55.8
10072  22   75.2
10073  22   68.2
10074  22   64.2
10075  22   73.0
10076  22   71.4
10077  23   73.0
10078  23   73.1
10079  23   73.8
10080  23   71.0
10081  22   69.2
10082  23   51.2
10083  22   70.7
10084  22   66.2
10085  22   68.5
10086  22   71.2
10087  23   73.4
10088  23   73.5
10089  24   75.4
10090  24   76.7
10091  23   66.7
10092  24   77.1
10093  23   20.4
10094  11   30.9
10095  15   26.8
10096  22   64.1
10097  24   60.0
10098  23   58.4
10099  24   75.2
10100  24   79.4
10101  24   80.1
10102  24   81.3
10103  25   77.6
10104  25   73.0
10105  25   76.5
10106  25   61.8
10107  25   78.3
10108  25   77.3
10109  25   77.7
10110  25   75.1
10111  25   73.3
10112  26   61.4
10113  26   75.4
10114  27   75.2
10115  26   80.4
10116  25   78.9
10117  27   77.4
10118  27   78.5
10119  27   77.0
10120  26   77.5
10121  26   77.6
10122  26   77.6
10123  26   73.6
10124  26   77.8
10125  27   77.9
10126  27   78.6
10127  27   76.0
10128  27   78.2
10129  27   77.6
10130  27   78.7
10131  27   78.0
10132  27   77.3
10133  27   76.9
10134  27   78.2
10135  27   75.8
10136  27   78.6
10137  27   67.2
10138  27   80.9
10139  27   77.8
10140  27   77.6
10141  27   75.3
10142  27   78.5
10143  27   78.7
10144  27   77.4
10145  27   76.6
10146  27   76.4
10147  27   75.6
10148  27   73.9
10149  27   78.6
10150  27   78.7
10151  27   75.8
10152  27   75.8
10153  27   78.6
10154  27   78.8
10155  27   80.0
10156  27   76.6
10157  27   77.1
10158  27   79.8
10159  26   78.0
10160  27   49.0
10161  27   74.7
10162  27   63.2
10163  26   77.7
10164  27   77.8
10165  27   78.1
10166  27   77.8
10167  27   76.8
10168  27   79.2
10169  27   77.5
10170  27   79.3
10171  38   78.2
10172  39   74.6
10173  27   79.0
10174  27   72.1
10175  27   75.4
10176  27   77.6
10177  27   76.0
10178  27   79.3
10179  27   78.0
10180  27   77.5
10181  26   81.3
10182  27   77.7
10183  27   79.7
10184  27   77.6
10185  27   76.2
10186  27   76.5
10187  27   79.4
10188  27   79.4
10189  27   81.0
10190  27   78.0
10191  27   76.9
10192  27   76.7
10193  27   76.1
10194  27   76.3
10195  27   76.3
10196  27   63.4
10197  27   75.7
10198  27   76.7
10199  25   76.7
10200  27   67.3
10201  27   77.4
10202  27   75.1
10203  27   73.2
10204  27   73.7
10205  27   77.9
10206  27   78.8
10207  27   56.0
10208  27   74.1
10209  28   77.6
10210  28   64.7
10211  28   77.8
10212  28   78.0
10213  27   74.7
10214  28   75.5
10215  28   74.6
10216  28   61.1
10217  28   75.9
10218  28   77.3
10219  28   77.3
10220  28   76.2
10221  28   71.3
10222  28   64.6
10223  28   76.0
10224  28   70.9
10225  28   59.8
10226  28   77.4
10227  28   75.5
10228  28   76.9
10229  28   76.5
10230  27   60.4
10231  28   76.5
10232  28   72.6
10233  28   78.3
10234  28   76.6
10235  28   77.2
10236  28   75.7
10237  28   77.5
10238  28   73.9
10239  28   76.1
10240  28   78.8
10241  28   77.1
10242  28   78.2
10243  28   77.7
10244  28   74.7
10245  28   77.3
10246  28   78.1
10247  28   76.8
10248  28   76.7
10249  28   74.0
10250  28   74.5
10251  28   56.3
10252  28   74.5
10253  28   74.0
10254  28   77.4
10255  28   77.1
10256  28   72.0
10257  28   73.4
10258  28   77.1
10259  28   59.8
10260  28   66.5
10261  28   77.9
10262  28   72.9
10263  28   74.2
10264  28   73.7
10265  28   71.5
10266  28   74.3
10267  28   72.7
10268  28   74.8
10269  28   77.1
10270  28   74.0
10271  28   71.3
10272  28   71.3
10273  28   80.3
10274  28   76.9
10275  28   75.8
10276  26   74.9
10277  28   76.3
10278  27   66.1
10279  28   72.6
10280  28   75.3
10281  28   76.5
10282  27   74.6
10283  28   74.4
10284  28   72.9
10285  28   74.6
10286  28   73.3
10287  28   72.5
10288  28   56.1
10289  28   71.2
10290  28   73.9
10291  28   73.6
10292  28   72.1
10293  28   68.3
10294  28   75.5
10295  28   71.7
10296  28   73.9
10297  28   68.6
10298  28   72.6
10299  28   70.4
10300  28   70.2
10301  28   71.4
10302  28   67.2
10303  28   72.4
10304  27   72.9
10305  28   73.6
10306  28   70.4
10307  28   67.3
10308  28   61.3
10309  28   71.9
10310  28   74.2
10311  28   73.4
10312  28   72.2
10313  29   56.1
10314  28   71.4
10315  28   71.8
10316  28   68.7
10317  28   70.1
10318  28   70.8
10319  28   70.8
10320  27   64.8
10321  28   70.0
10322  28   71.0
10323  28   73.8
10324  28   70.3
10325  28   72.5
10326  28   62.9
10327  28   63.6
10328  28   66.9
10329  28   66.3
10330  28   71.8
10331  27   73.2
10332   6   70.3
10333   6   72.1
10334   7   68.4
10335   7   72.3
10336   7   67.5
10337   7   71.9
10338   7   71.2
10339  28   80.0
10340  28   63.8
10341  28   77.2
10342  28   73.2
10343  28   68.1
10344  28   66.2
10345  28   68.3
10346  28   71.3
10347  28   71.3
10348  28   68.9
10349  28   65.5
10350  28   65.3
10351  28   70.1
10352  28   70.5
10353  28   69.9
10354  28   52.0
10355  28   69.2
10356  28   73.7
10357  28   74.8
10358  27   73.0
10359  28   70.0
10360  28   69.3
10361  28   65.1
10362  28   61.5
10363  28   70.8
10364  28   72.5
10365  28   72.7
11001  28   66.5
11002  28   73.7
11003  28   69.4
11004  28   74.7
11005  28   73.9
11006  28   73.6
11007  28   72.2
11008  28   72.3
11009  28   71.5
11010  28   74.2
11011  27   74.8
11012  28   75.5
11013  28   74.7
11014  28   71.1
11015  28   78.2
11016  28   76.5
11017  28   72.2
11018  28   55.1
11019  28   72.7
11020  27   72.2
11021  28   75.1
11022  28   75.9
11023  28   76.7
11024  28   74.6
11025  28   73.0
11026  27   73.4
11027  28   72.6
11028  28   76.3
11029  27   77.2
11030  28   81.4
11031  28   72.9
11032  28   75.9
11033  28   73.4
11034  28   75.4
11035  28   72.7
11036  28   72.8
11037  28   74.3
11038  28   73.0
11039  27   63.8
11040  28   70.5
11041  28   50.5
11042  27   73.3
11043  27   72.4
11044  27   73.7
11045  27   73.7
11046  28   58.5
11047  28   72.1
11048  28   68.9
11049  28   74.5
11050  28   73.5
11051  27   70.7
11052  28   71.8
11053  28   68.2
11054  28   73.2
11055  27   74.2
11056  28   73.8
11057  28   73.5
11058  28   71.5
11059  28   74.4
11060  28   72.3
11061  28   73.0
11062  28   60.4
11063  28   73.5
11064  28   72.4
11065  28   71.2
11066  28   74.8
11067  28   71.2
11068  28   67.0
11069  28   56.6
11070  28   78.3
11071  28   79.4
11072  28   76.5
11073  28   75.2
11074  28   74.2
11075  29   68.3
11076  27   73.1
11077  28   72.0
11078  28   75.3
11079  28   72.9
11080  28   67.0
11081  28   71.2
11082  28   72.2
11083  28   66.5
11084  28   68.2
11085  28   69.4
11086  28   75.5
11087  28   72.5
11088  28   74.4
11089  28   73.6
11090  28   69.2
11091  28   68.3
11092  28   68.8
11093  28   69.4
11094  28   71.7
11095  28   66.4
11096  28   75.6
11097  28   74.6
11098  28   73.4
11099  28   69.4
11100  28   67.4
11101  28   70.1
11102  28   75.0
11103  28   57.0
11104  28   70.0
11105  28   73.1
11106  29   74.2
11107  28   70.5
11108  28   71.8
11109  28   52.8
11110  28   64.4
11111  28   70.2
11112  28   74.3
11113  28   74.0
11114  28   73.2
11115  28   69.8
11116  28   72.2
11117  28   71.2
11118  28   70.2
11119  27   76.5
11120  28   81.2
11121  28   77.8
11122  28   78.3
11123  28   75.6
11124  28   73.8
11125  28   58.6
11126  28   75.9
11127  28   75.2
11128  28   73.4
11129  28   71.6
11130  26   71.4
11131  28   67.9
11132  28   71.2
11133  28   72.8
11134  28   75.6
11135  28   73.5
11136  28   73.9
11137  28   59.8
11138  28   75.0
11139  28   74.8
11140  28   74.1
11141  28   70.3
11142  28   74.0
11143  28   72.3
11144  28   73.5
11145  28   70.2
11146  27   68.9
11147  28   72.2
11148  28   76.2
11149  28   74.7
11150  28   78.3
11151  28   70.5
11152  28   74.4
11153  28   73.7
11154  27   74.9
11155  28   73.9
11156  28   73.3
11157  28   71.6
11158  28   73.4
11159  28   74.4
11160  28   70.4
11161  28   74.4
11162  28   74.6
11163  28   74.7
11164  28   74.1
11165  28   75.2
11166  27   73.5
11167  28   73.7
11168  28   76.2
11169  28   76.5
11170  27   76.5
11171  28   76.3
11172  28   74.8
11173  28   60.3
11174  28   74.7
11175  28   75.9
11176  28   79.7
11177  28   73.3
11178  28   72.5
11179  28   53.4
11180  28   72.2
11181  28   73.9
11182  27   60.3
11183  28   76.3
11184  28   72.1
11185  28   76.2
11186  28   73.1
11187  28   71.2
11188  28   71.9
11189  27   72.3
11190  28   71.9
11191  28   72.7
11192  28   68.8
11193  28   67.0
11194  28   72.5
11195  28   73.1
11196  28   73.0
11197  27   73.7
11198  28   67.6
11199  28   72.4
11200  28   72.3
11201  28   72.0
11202  28   76.1
11203  28   75.7
11204  28   74.4
11205  28   74.3
11206  28   72.3
11207  28   74.0
11208  28   65.8
11209  28   63.7
11210  28   72.4
11211  28   72.6
11212  28   75.4
11213  28   72.3
11214  39   73.4
11215  39   73.9
11216  40   75.4
11217  28   72.9
11218  28   67.3
11219  28   72.0
11220  28   75.1
11221  28   75.1
11222  28   75.3
11223  27   55.3
11224  27   74.8
11225  28   74.6
11226  28   73.3
11227  28   68.9
11228  28   69.4
11229  28   73.6
11230  28   71.2
11231  28   74.3
11232  28   72.0
11233  26   63.3
11234   7   61.1
11235   8   61.8
11236   6   56.2
11237   7   58.4
11238   6   61.1
11239   6   70.2
11240  27   77.6
11241  27   75.6
11242  27   77.8
11243  28   72.7
11244  28   73.3
11245  28   74.5
11246  28   68.6
11247  28   73.8
11248  28   54.1
11249  28   74.2
11250  28   73.6
11251  28   73.8
11252  28   76.3
11253  27   79.7
11254   6   66.5
11255   5   61.4
11256   6   72.8
11257   7   67.3
11258  28   47.2
11259  28   71.9
11260  28   71.6
11261  28   74.4
11262  28   73.4
11263  28   71.5
11264  28   74.4
11265  28   69.9
11266  28   72.7
11267  28   70.7
11268  28   72.1
11269  28   72.4
11270  28   71.4
11271  28   67.2
11272  28   70.9
11273  28   70.1
11274  28   73.2
11275  28   70.4
11276  27   72.7
11277  28   60.4
11278  28   70.7
11279  28   69.9
11280  28   74.7
11281  28   71.4
11282  28   75.8
11283  28   69.0
11284  28   74.1
11285  28   76.8
11286  28   72.5
11287  28   67.3
11288  28   68.3
11289  28   73.4
11290  28   70.8
11291  28   75.9
11292  28   56.4
11293  28   69.0
11294  27   70.9
11295  28   68.1
11296  28   67.5
11297  28   67.1
11298  28   67.2
11299  28   67.5
11300  27   68.2
11301  28   70.3
11302  28   72.2
11303  28   73.4
11304  28   69.5
11305  28   66.1
11306  27   42.5
11307  28   68.3
11308  28   61.0
11309  28   68.9
11310  28   70.1
11311  28   65.6
11312  28   70.0
11313  28   68.4
11314  28   64.9
11315  28   66.5
11316  28   66.5
11317  28   70.6
11318  28   66.8
11319  28   73.1
11320  28   57.3
11321  28   68.5
11322  28   73.0
11323  28   69.7
11324  28   72.6
11325  28   73.0
11326  28   74.3
11327  28   73.5
11328  10   58.4
11329   9   65.1
11330  10   64.5
11331  11   67.5
11332  11   64.1
11333  11   65.1
11334  11   62.3
11335  10   63.0
11336  10   64.6
11337  28   71.7
11338  28   69.4
11339  28   73.2
11340  28   69.5
11341  27   72.3
11342  27   67.5
11343  29   69.6
11344  29   72.3
11345  28   72.5
11346  29   65.5
11347  29   49.5
11348  29   56.0
11349  29   62.8
11350  29   73.4
11351  29   71.9
11352  29   69.8
11353  29   74.7
11354  29   72.8
11355  28   69.9
11356  29   71.3
11357  29   76.4
11358  29   70.9
11359  29   65.9
11360  29   73.5
11361  29   74.2
11362  29   73.1
11363  29   64.7
11364  29   73.8
11365  29   74.2
12001  24   68.2
12002  29   69.2
12003  29   72.7
12004  29   72.5
12005  29   75.5
12006  29   75.8
12007  29   75.0
12008  29   71.7
12009  29   75.6
12010  29   74.3
12011  29   52.8
12012  29   75.7
12013  29   72.8
12014  29   76.3
12015  29   76.6
12016  29   72.9
12017  29   75.8
12018  29   75.3
12019  29   75.5
12020  29   74.8
12021  29   74.1
12022  29   76.9
12023  29   76.6
12024  29   74.4
12025  29   57.9
12026  28   52.7
12027  29   68.4
12028  29   70.7
12029  28   74.1
12030  28   74.6
12031  28   75.4
12032  29   75.4
12033  28   75.2
12034  29   71.8
12035  28   71.4
12036  28   74.2
12037  28   72.5
12038  29   76.2
12039  29   77.3
12040  28   78.0
12041  29   73.6
12042  28   77.8
12043  29   73.6
12044  28   75.9
12045  28   76.0
12046  28   77.2
12047  27   74.7
12048  28   77.9
12049  28   78.9
12050  28   74.5
12051  28   74.1
12052  28   77.7
12053  28   78.1
12054  28   59.7
12055  28   74.6
12056  28   77.1
12057  28   75.9
12058  28   74.8
12059  28   79.4
12060  27   73.0
12061  28   70.4
12062  28   78.3
12063  28   73.8
12064  28   76.1
12065  26   79.6
12066  27   71.7
12067  26   72.9
12068  27   75.1
12069  28   72.6
12070  27   70.7
12071  27   72.3
12072  27   76.2
12073  27   77.0
12074  27   63.3
12075  26   78.7
12076  27   84.0
12077  26   74.9
12078  26   78.3
12079  26   80.7
12080  27   74.8
12081  27   77.4
12082  27   74.4
12083  27   75.5
12084  27   77.6
12085  27   76.6
12086  27   76.9
12087  27   73.2
12088  27   77.3
12089  27   58.2
12090  26   76.9
12091  26   77.3
12092  26   77.0
12093  26   74.0
12094  27   74.3
12095  28   75.0
12096  27   70.6
12097  28   72.9
12098  27   72.6
12099  27   76.3
12100  26   75.5
12101  27   77.1
12102  27   76.0
12103  26   74.5
12104  26   75.5
12105  27   77.1
12106  24   77.4
12107  26   70.6
12108  24   73.5
12109  25   77.9
12110   7   74.4
12111  25   76.5
12112  25   75.9
12113  26   76.4
12114  26   68.9
12115  26   78.0
12116  26   71.8
12117  25   60.7
12118  24   76.6
12119  25   71.1
12120  26   74.1
12121  28   77.8
12122  28   75.6
12123  28   77.4
12124  28   71.0
12125  26   78.2
12126  27   80.4
12127  27   80.0
12128  27   79.2
12129  26   74.7
12130  26   76.8
12131  27   78.4
12132  27   72.2
12133  27   74.7
12134  27   75.4
12135  27   72.7
12136  27   75.1
12137  26   76.1
12138  26   77.7
12139  26   76.0
12140  26   74.9
12141  27   74.6
12142  26   73.3
12143  26   63.1
12144  25   78.3
12145  25   75.3
12146  24   73.8
12147  24   74.9
12148  24   80.1
12149  24   78.1
12150  24   72.9
12151  25   71.5
12152  25   73.5
12153  25   77.2
12154  25   78.3
12155  26   75.9
12156  26   75.3
12157  25   78.1
12158  26   74.8
12159  23   76.1
12160  23   79.8
12161  25   68.5
12162  25   73.1
12163  24   73.7
12164  23   79.1
12165  25   61.1
12166  25   70.0
12167  25   73.8
12168  25   76.7
12169  24   79.1
12170  26   73.7
12171  25   74.6
12172  25   75.3
12173  25   72.2
12174  25   76.1
12175  24   74.5
12176  25   76.1
12177  24   71.1
12178  26   77.2
12179  24   73.7
12180  25   72.3
12181  26   72.9
12182  24   73.7
12183  23   66.6
12184  24   70.1
12185  24   71.9
12186  25   67.5
12187  25   74.6
12188  26   74.3
12189  25   75.8
12190  25   76.4
12191  24   75.8
12192  24   77.6
12193  26   74.3
12194  26   77.2
12195  25   77.9
12196  26   74.9
12197  27   74.7
12198  27   77.0
12199  27   74.6
12200  27   60.8
12201  27   56.4
12202  27   70.5
12203  27   76.7
12204  27   73.2
12205  27   72.0
12206  27   73.1
12207  27   72.0
12208  27   69.5
12209  27   72.9
12210  27   75.7
12211  16   75.7
12212  15   70.0
12213  15   75.0
12214  14   71.2
12215  17   71.6
12216  16   79.8
12217  18   72.2
12218  27   75.3
12219  27   74.8
12220  27   76.4
12221  27   75.9
12222  27   77.7
12223  27   76.7
12224  27   78.2
12225  27   77.2
12226  26   77.0
12227  27   76.2
12228  27   72.1
12229  27   71.8
12230  27   78.3
12231  27   71.2
12232  27   77.3
12233  27   77.6
12234  27   74.9
12235  27   63.4
12236  27   72.1
12237  27   76.5
12238  27   76.5
12239  27   77.2
12240  26   74.9
12241  27   72.3
12242  27   76.0
12243  27   76.8
12244  27   77.5
12245  27   76.1
12246  27   77.6
12247  27   74.3
12248  27   69.2
12249  27   74.7
12250  41   79.3
12251  41   63.9
12252  41   66.9
12253  10   57.9
12254  29   43.1
12255  41   78.5
12256  41   78.3
12257  41   77.2
12258  41   53.5
12259  41   79.5
12260  41   76.9
12261  41   78.3
12262  41   78.0
12263  41   73.8
12264  41   75.9
12265  41   74.5
12266  41   76.1
12267  41   73.1
12268  41   75.8
12269  41   76.3
12270  41   73.7
12271  41   76.9
12272  41   76.2
12273  42   74.6
12274  42   74.7
12275  42   59.7
12276  42   74.0
12277  42   69.7
12278  42   76.0
12279  42   75.7
12280  42   74.2
12281  42   75.5
12282  41   65.0
12283  42   73.7
12284  42   75.6
12285  42   71.0
12286  41   72.5
12287  41   73.1
12288  42   75.9
12289  42   75.9
12290  42   73.2
12291  42   74.6
12292  42   51.9
12293  42   70.3
12294  41   74.0
12295  42   75.1
12296  42   72.8
12297  42   71.4
12298  42   75.4
12299  42   75.1
12300  42   75.9
12301  42   74.7
12302  41   76.5
12303  42   76.2
12304  42   77.9
12305  42   76.1
12306  42   75.9
12307  42   77.1
12308  42   75.2
12309  42   79.8
12310  42   78.1
12311  42   76.9
12312  42   73.2
12313  42   73.8
12314  42   78.3
12315  42   78.6
12316  42   77.8
12317  42   74.3
12318  42   72.2
12319  42   78.8
12320  42   76.7
12321  42   76.6
12322  42   74.5
12323  42   74.1
12324  42   76.3
12325  42   77.4
12326  42   74.9
12327  42   45.8
12328  42   70.0
12329  42   75.6
12330  42   77.8
12331  42   77.5
12332  42   79.5
12333  42   78.4
12334  42   74.4
12335  42   78.5
12336  42   77.3
12337  42   76.8
12338  42   74.2
12339  42   78.6
12340  42   77.3
12341  42   77.5
12342  42   76.2
12343  42   77.9
12344  42   78.9
12345  42   77.7
12346  42   77.5
12347  42   79.1
12348  42   61.4
12349  42   80.6
12350  42   77.8
12351  42   78.8
12352  42   74.6
12353  42   74.4
12354  42   79.1
12355  41   77.5
12356  41   80.2
12357  41   77.8
12358  41   80.4
12359  41   79.4
12360  41   76.9
12361  41   79.5
12362  41   77.0
12363  41   78.7
12364  41   73.4
12365  41   76.2
12366  41   74.8
13001  41   77.5
13002  42   78.2
13003  42   77.5
13004  42   78.6
13005  42   78.1
13006  42   79.8
13007  42   74.0
13008  42   76.1
13009  42   73.7
13010  42   74.8
13011  42   76.2
13012  42   77.1
13013  42   79.3
13014  42   73.2
13015  42   75.9
13016  42   76.5
13017  42   61.2
13018  42   75.6
13019  42   78.1
13020  42   77.2
13021  42   79.8
13022  42   77.8
13023  42   79.1
13024  42   75.4
13025  41   79.9
13026  41   76.9
13027  41   76.1
13028  41   63.9
13029  41   80.7
13030  41   79.8
13031  41   77.9
13032  41   76.8
13033  41   71.6
13034  41   75.6
13035  41   76.5
13036  41   75.0
13037  41   77.8
13038  41   77.9
13039  41   77.1
13040  42   76.7
13041  42   77.3
13042  42   74.5
13043  42   77.2
13044  42   76.9
13045  42   76.4
13046  42   77.3
13047  42   78.9
13048  42   75.6
13049  42   78.5
13050  42   76.8
13051  42   79.6
13052  42   57.9
13053  42   55.3
13054  42   79.1
13055  42   78.2
13056  42   77.5
13057  42   76.8
13058  42   75.9
13059  42   62.3
13060  42   73.0
13061  42   77.0
13062  42   73.9
13063  42   76.4
13064  42   76.0
13065  42   75.1
13066  42   71.9
13067  42   75.5
13068  42   77.0
13069  42   76.1
13070  42   75.7
13071  42   71.8
13072  42   69.3
13073  42   74.5
13074  42   76.1
13075  42   76.4
13076  42   76.7
13077  42   76.0
13078  42   80.0
13079  42   79.9
13080  42   60.3
13081  42   79.5
13082  42   80.3
13083  42   81.8
13084  42   77.1
13085  42   81.8
13086  42   79.8
13087  42   78.8
13088  42   79.5
13089  42   80.1
13090  42   79.3
13091  42   76.2
13092  42   78.1
13093  42   78.3
13094  41   78.0
13095  41   75.5
13096  41   74.7
13097  41   76.3
13098  41   74.1
13099  41   76.9
13100  41   57.1
13101  41   56.3
13102  41   79.7
13103  41   79.4
13104  41   78.9
13105  42   75.8
13106  42   78.9
13107  42   79.2
13108  42   78.2
13109  42   80.7
13110  41   81.9
13111  42   78.1
13112  42   80.4
13113  42   79.5
13114  42   78.5
13115  42   58.3
13116  42   78.5
13117  42   80.3
13118  42   75.6
13119  42   76.6
13120  42   64.6
13121  42   78.3
13122  41   81.4
13123  42   77.5
13124  42   79.4
13125  42   81.1
13126  42   79.8
13127  42   77.7
13128  42   76.1
13129  42   80.3
13130  42   77.7
13131  42   78.3
13132  42   75.7
13133  42   78.8
13134  42   77.9
13135  42   77.5
13136  42   76.6
13137  42   77.3
13138  42   74.4
13139  42   76.9
13140  42   77.1
13141  42   79.6
13142  42   78.1
13143  42   78.0
13144  42   77.7
13145  42   78.6
13146  42   77.5
13147  42   80.1
13148  42   78.8
13149  41   79.8
13150  41   75.0
13151  41   79.0
13152  41   77.6
13153  41   78.7
13154  41   79.1
13155  40   74.7
13156  41   77.6
13157  41   78.4
13158  41   77.8
13159  41   77.2
13160  41   75.7
13161  41   75.8
13162  41   77.2
13163  41   77.8
13164  41   55.7
13165  41   78.1
13166  41   76.4
13167  41   76.6
13168  41   73.7
13169  41   75.3
13170  41   76.8
13171  41   77.5
13172  41   78.1
13173  41   77.0
13174  41   78.9
13175  41   72.7
13176  41   79.0
13177  41   79.1
13178  40   76.4
13179  41   75.9
13180  41   79.1
13181  41   80.0
13182  41   77.5
13183  41   78.0
13184  41   76.8
13185  41   78.0
13186  41   77.6
13187  41   77.4
13188  41   80.1
13189  41   79.8
13190  41   78.5
13191  40   78.3
13192  41   78.4
13193  41   79.5
13194  41   80.3
13195  41   79.8
13196  41   81.3
13197  41   78.0
13198  41   79.8
13199  41   78.2
13200  41   80.7
13201  41   80.1
13202  41   77.6
13203  41   72.3
13204  41   78.4
13205  41   77.7
13206  41   72.2
13207  41   77.9
13208  41   78.9
13209  41   78.1
13210  41   76.7
13211  41   76.4
13212  41   78.3
13213  41   79.1
13214  41   77.4
13215  41   75.0
13216  41   77.4
13217  41   79.3
13218  41   76.9
13219  41   75.8
13220  41   81.6
13221  41   78.9
13222  41   78.4
13223  41   77.1
13224  41   77.8
13225  41   79.8
13226  41   80.5
13227  41   73.4
13228  41   79.6
13229  41   80.6
13230  41   78.6
13231  41   78.5
13232  40   79.3
13233  41   80.9
13234  41   77.8
13235  41   78.9
13236  41   79.7
13237  41   79.2
13238  41   78.4
13239  41   80.3
13240  41   79.2
13241  41   81.4
13242  41   79.9
13243  41   79.9
13244  41   79.7
13245  41   79.9
13246  41   76.8
13247  41   78.7
13248  41   81.0
13249  41   78.7
13250  41   80.2
13251  41   80.1
13252  41   80.2
13253  41   79.4
13254  41   79.5
13255  41   78.0
13256  41   80.0
13257  41   81.0
13258  41   77.2
13259  42   79.1
13260  42   80.2
13261  42   71.9
13262  42   57.4
13263  42   79.7
13264  42   80.7
13265  42   80.1
13266  42   79.1
13267  42   75.9
13268  42   80.4
13269  41   81.7
13270  41   75.4
13271  42   79.3
13272  42   79.7
13273  41   77.3
13274  42   79.8
13275  42   72.1
13276  42   80.0
13277  42   76.0
13278  42   78.7
13279  41   78.9
13280  42   76.7
13281  41   78.9
13282  41   80.2
13283  42   61.8
13284  42   78.8
13285   8   63.4
13286   9   52.5
13287  42   75.3
13288  42   81.4
13289  42   79.0
13290  42   79.4
13291  41   77.6
13292  41   77.9
13293  42   76.5
13294  41   78.2
13295  42   76.9
13296  41   77.0
13297  41   80.7
13298  41   74.7
13299  41   73.7
13300  42   76.4
13301  42   78.0
13302  41   76.1
13303  41   74.9
13304  42   76.3
13305  42   75.2
13306  42   73.5
13307  42   74.9
13308  42   72.7
13309  41   71.6
13310  41   76.0
13311  42   64.5
13312  42   76.4
13313  42   68.7
13314  42   75.3
13315  42   72.3
13316  42   73.8
13317  42   76.7
13318  42   70.6
13319  42   74.1
13320  42   70.9
13321  42   73.1
13322  41   72.0
13323  42   70.8
13324  42   76.4
13325  42   72.7
13326  42   77.9
13327  42   76.1
13328  42   73.8
13329  41   77.1
13330  42   74.2
13331  42   76.6
13332  42   78.4
13333  42   74.1
13334  42   75.0
13335  42   71.5
13336  42   81.1
13337  42   74.5
13338  42   75.6
13339  42   75.7
13340  42   73.0
13341  42   80.2
13342  42   72.5
13343  42   68.8
13344  42   72.0
13345  42   77.6
13346  42   59.5
13347  42   77.7
13348  42   74.3
13349  42   75.7
13350  42   75.2
13351  42   74.1
13352  42   74.9
13353  42   74.0
13354  42   74.8
13355  42   72.7
13356  42   77.0
13357  42   75.6
13358  42   73.1
13359  41   76.1
13360  42   76.6
13361  41   78.2
13362  42   74.2
13363  42   75.8
13364  42   77.5
13365  42   75.1
14001  42   74.7
14002  42   73.8
14003  42   75.3
14004  42   72.9
14005  42   77.0
14006  42   78.6
14007  42   76.8
14008  42   71.5
14009  42   74.4
14010  42   72.9
14011  42   78.9
14012  42   78.0
14013  42   76.1
14014  41   77.6
14015  42   71.0
14016  42   56.9
14017  41   63.2
14018  42   75.1
14019  38   78.9
14020  42   78.0
14021  42   75.0
14022  42   72.5
14023  42   75.7
14024  41   71.3
14025  42   75.4
14026  42   74.4
14027  42   74.2
14028  42   77.9
14029  42   79.9
14030  42   79.3
14031  42   75.5
14032  42   78.2
14033  42   74.6
14034  41   76.0
14035  42   76.0
14036  42   73.3
14037  42   71.2
14038  42   72.6
14039  42   74.8
14040  42   75.4
14041  42   80.0
14042  42   77.0
14043  42   76.3
14044  42   77.3
14045  42   78.7
14046  42   72.9
14047  42   75.0
14048  42   73.5
14049  42   79.2
14050  42   70.1
14051  42   71.4
14052  42   76.8
14053  42   74.5
14054  42   73.4
14055  41   74.3
14056  42   72.0
14057  42   64.6
14058  42   71.4
14059  42   72.5
14060  42   75.0
14061  42   74.9
14062  42   73.0
14063  42   74.6
14064  42   71.8
14065  42   75.6
14066  42   70.9
14067  42   70.8
14068  42   74.1
14069  42   75.3
14070  42   72.2
14071  42   74.8
14072  42   59.5
14073  42   73.6
14074  42   67.6
14075  42   73.4
14076  42   76.5
14077  42   72.2
14078  42   70.4
14079  42   74.2
14080  42   70.9
14081  42   72.5
14082  42   74.3
14083  42   76.6
14084  41   75.9
14085  41   76.3
14086  41   74.8
14087  41   74.7
14088  41   70.3
14089  42   74.9
14090  42   73.6
14091  42   63.0
14092  41   64.8
14093  41   68.3
14094  42   74.2
14095  42   77.0
14096  42   72.8
14097  42   76.4
14098  42   73.0
14099  42   75.2
14100  42   76.7
14101  41   73.5
14102  41   76.2
14103  41   73.7
14104  41   77.9
14105  41   77.3
14106  42   76.1
14107  41   76.3
14108  42   74.2
14109  42   77.8
14110  42   76.0
14111  42   80.6
14112  42   79.4
14113  42   76.0
14114  42   64.6
14115  41   79.7
14116  42   80.1
14117  42   78.9
14118  42   66.6
14119  42   75.4
14120  41   75.5
14121  41   76.3
14122  42   80.2
14123  42   76.4
14124  42   79.1
14125  42   75.8
14126  41   49.3
14127  41   76.9
14128  40   32.6
14129  42   75.7
14130  42   79.0
14131  42   78.3
14132  42   79.3
14133  42   79.3
14134  42   79.4
14135  42   78.8
14136  42   79.7
14137  42   78.8
14138  42   78.1
14139  42   78.7
14140  42   79.4
14141  41   72.6
14142  42   79.2
14143  42   76.6
14144  42   80.1
14145  42   79.4
14146  42   80.3
14147  42   78.6
14148  42   76.0
14149  42   77.7
14150  41   78.2
14151  42   80.1
14152  42   78.6
14153  42   79.5
14154  41   78.8
14155  42   80.8
14156  42   78.0
14157  42   79.7
14158  42   79.6
14159  42   79.4
14160  42   80.1
14161  42   78.0
14162  42   78.0
14163  42   80.8
14164  42   78.6
14165  42   80.4
14166  42   74.5
14167  42   79.1
14168  42   77.1
14169  41   77.9
14170  41   81.8
14171  41   78.5
14172  42   80.2
14173  42   80.5
14174  42   78.7
14175  42   80.4
14176  42   76.6
14177  42   80.4
14178  41   79.2
14179  42   77.4
14180  42   79.3
14181  41   79.1
14182  41   75.4
14183  40   51.5
14184  42   76.8
14185  42   77.2
14186  42   77.8
14187  42   77.2
14188  42   75.6
14189  42   79.5
14190  42   75.4
14191  41   80.5
14192  42   79.3
14193  42   77.3
14194  42   80.6
14195  42   81.6
14196  41   80.5
14197  40   80.1
14198  40   80.7
14199  40   80.6
14200  40   81.6
14201  41   80.2
14202  41   81.9
14203  41   79.5
14204  41   81.6
14205  42   80.0
14206  42   80.1
14207  42   81.9
14208  42   81.1
14209  42   80.6
14210  42   81.2
14211  41   81.2
14212  42   79.7
14213  41   78.4
14214  42   79.0
14215  42   78.2
14216  42   79.5
14217  42   74.2
14218  41   79.2
14219  41   80.3
14220  41   80.1
14221  41   80.5
14222  41   79.4
14223  41   80.0
14224  41   80.6
14225  41   80.0
14226  41   79.0
14227  41   81.5
14228  41   80.8
14229  41   80.7
14230  41   80.4
14231  42   81.1
14232  41   77.6
14233  41   81.7
14234  42   80.4
14235  42   77.5
14236  42   80.9
14237  42   79.2
14238  42   79.5
14239  42   78.5
14240  42   79.5
14241  42   77.7
14242  42   80.7
14243  42   81.5
14244  42   80.9
14245  42   78.5
14246  42   80.7
14247  41   80.3
14248  42   77.4
14249  41   78.7
14250  41   78.6
14251  41   79.3
14252  41   78.5
14253  42   79.5
14254  41   78.3
14255  41   79.2
14256  41   75.5
14257  41   79.6
14258  41   79.8
14259  41   79.9
14260  41   74.1
14261  42   62.1
14262  42   79.4
14263  42   77.8
14264  42   77.9
14265  42   79.8
14266  42   79.2
14267  42   76.8
14268  42   80.0
14269  42   79.0
14270  41   77.3
14271  42   78.7
14272  42   77.8
14273  42   74.5
14274  42   79.4
14275  42   77.6
14276  42   79.6
14277  42   78.4
14278  42   78.1
14279  42   80.4
14280  42   80.5
14281  42   77.4
14282  42   80.2
14283  41   75.9
14284  41   76.7
14285  40   77.8
14286  41   78.0
14287  41   77.1
14288  41   74.9
14289  41   64.5
14290  41   79.8
14291  42   77.4
14292  42   79.9
14293  42   75.5
14294  41   79.6
14295  41   77.7
14296  42   79.2
14297  42   74.9
14298  42   77.1
14299  42   75.9
14300  42   76.9
14301  42   71.9
14302  42   73.3
14303  41   76.5
14304  42   78.5
14305  42   78.3
14306  42   78.2
14307  42   77.4
14308  41   75.8
14309  42   71.7
14310  41   76.8
14311  41   70.5
14312  42   74.3
14313  42   72.8
14314  42   76.9
14315  41   76.1
14316  41   65.2
14317  42   72.0
14318  42   79.1
14319  42   76.8
14320  42   74.9
14321  42   76.7
14322  42   74.1
14323  42   74.5
14324  42   74.0
14325  41   77.9
14326  41   75.4
14327  41   77.8
14328  41   77.0
14329  41   71.5
14330  41   75.4
14331  41   73.8
14332  41   71.4
14333  41   78.2
14334  41   78.6
14335  41   74.2
14336  41   76.1
14337  41   73.3
14338  41   75.7
14339  41   73.5
14340  40   74.2
14341  41   73.3
14342  41   79.1
14343  41   76.6
14344  41   70.5
14345  41   61.7
14346  41   71.3
14347  42   73.6
14348  42   74.6
14349  42   70.3
14350  42   73.7
14351  42   75.6
14352  42   68.8
14353  41   76.4
14354  42   74.0
14355  42   74.2
14356  42   73.9
14357  42   75.3
14358  42   74.7
14359  42   78.0
14360  42   75.4
14361  42   76.8
14362  42   78.9
14363  42   76.0
14364  42   77.9
14365  41   76.3
15001  42   76.8
15002  42   78.9
15003  42   75.4
15004  42   78.8
15005  42   79.8
15006  42   81.2
15007  42   75.9
15008  42   79.0
15009  42   78.3
15010  42   78.0
15011  42   78.8
15012  42   77.7
15013  42   78.6
15014  42   76.7
15015  42   77.1
15016  42   77.4
15017  42   77.9
15018  42   80.0
15019  42   75.8
15020  42   77.7
15021  42   79.6
15022  42   71.8
15023  42   80.0
15024  42   77.8
15025  42   77.2
15026  42   75.6
15027  42   76.4
15028  42   75.7
15029  42   82.1
15030  42   80.3
15031  42   79.5
15032  42   77.8
15033  42   77.0
15034  41   76.3
15035  41   70.8
15036  42   77.7
15037  41   76.4
15038  41   78.2
15039  41   75.3
15040  40   76.9
15041  40   76.5
15042  40   79.7
15043  40   74.0
15044  40   76.7
15045  41   74.9
15046  41   76.5
15047  41   78.7
15048  41   75.9
15049  41   77.1
15050  41   76.5
15051  41   72.2
15052  41   71.8
15053  40   74.3
15054  40   74.9
15055  40   75.7
15056  41   77.2
15057  41   80.0
15058  41   79.2
15059  40   77.6
15060  41   79.8
15061  40   75.5
15062  40   81.1
15063  41   76.2
15064  41   61.5
15065  40   60.4
15066  41   76.0
15067  42   73.5
15068  41   76.0
15069  42   78.6
15070  41   78.2
15071  40   76.2
15072  41   78.7
15073  41   76.3
15074  41   76.9
15075  41   75.0
15076  42   67.0
15077  41   81.3
15078  42   80.9
15079  42   82.9
15080  42   80.8
15081  42   79.2
15082  42   76.0
15083  42   80.7
15084  42   79.5
15085  42   79.5
15086  42   79.9
15087  42   75.6
15088  42   76.2
15089  41   80.2
15090  41   80.0
15091  41   79.7
15092  41   80.7
15093  40   80.1
15094  40   80.8
15095  40   80.6
15096  40   80.5
15097  40   81.5
15098  40   79.3
15099  40   80.2
15100  40   75.4
15101  40   78.4
15102  40   77.1
15103  41   80.2
15104  41   76.6
15105  41   80.7
15106  41   76.1
15107  41   77.4
15108  41   79.1
15109  41   78.8
15110  41   78.5
15111  41   73.0
15112  41   80.2
15113  41   78.6
15114  41   78.8
15115  41   77.9
15116  41   74.6
15117  41   77.5
15118  41   63.6
15119  41   78.2
15120  41   63.1
15121  41   79.9
15122  41   77.8
15123  41   76.3
15124  41   77.8
15125  41   79.4
15126  41   78.7
15127  41   80.5
15128  41   80.9
15129  41   76.8
15130  41   78.3
15131  40   65.4
15132  41   75.5
15133  41   73.4
15134  41   77.7
15135  41   79.7
15136  41   77.9
15137  41   77.5
15138  41   76.1
15139  41   76.6
15140  41   74.1
15141  41   79.1
15142  41   77.1
15143  41   77.8
15144  41   79.7
15145  41   80.5
15146  41   79.4
15147  41   79.6
15148  41   78.8
15149  41   78.8
15150  41   78.4
15151  41   79.2
15152  41   79.0
15153  41   76.4
15154  41   75.1
15155  41   77.9
15156  41   78.7
15157  41   79.5
15158  41   78.3
15159  41   77.8
15160  41   80.7
15161  41   79.0
15162  41   77.6
15163  41   75.6
15164  41   75.7
15165  41   77.8
15166  41   77.7
15167  41   78.8
15168  41   73.7
15169  41   60.2
15170  41   79.5
15171  41   77.3
15172  41   77.3
15173  41   75.5
15174  41   77.4
15175  40   81.1
15176  40   75.8
15177  40   81.4
15178  40   79.3
15179  41   78.1
15180  41   81.5
15181  40   81.5
15182  41   80.6
15183  41   75.7
15184  41   77.3
15185  41   73.6
15186  41   75.8
15187  41   78.1
15188  41   76.1
15189  41   79.7
15190  41   77.2
15191  41   75.9
15192  41   77.0
15193  41   77.0
15194  41   77.4
15195  41   78.1
15196  41   79.0
15197  41   64.3
15198  41   73.8
15199  41   77.7
15200  41   80.9
15201  41   76.3
15202  40   80.1
15203  40   76.7
15204  40   66.1
15205  41   67.5
15206  41   77.0
15207  40   80.4
15208  40   79.6
15209  40   75.1
15210  40   80.6
15211  40   79.9
15212  40   79.8
15213  40   80.3
15214  40   81.2
15215  40   82.3
15216  41   81.1
15217  41   81.5
15218  40   77.7
15219  41   79.0
15220  41   78.5
15221  41   77.1
15222  41   80.6
15223  41   80.4
15224   7   63.3
15225  38   54.9
15226  40   79.7
15227  39   77.4
15228  39   79.5
15229  39   64.0
15230  40   76.3
15231  40   78.4
15232  41   75.8
15233  41   75.4
15234  41   79.8
15235  41   79.7
15236  41   75.7
15237  41   79.3
15238  41   81.1
15239  41   80.7
15240  41   82.1
15241  41   83.6
15242  41   81.5
15243  41   82.0
15244  41   82.5
15245  41   79.9
15246  41   81.1
15247  41   77.8
15248  41   79.8
15249  41   81.9
15250  41   79.6
15251  41   80.1
15252  41   80.1
15253  41   81.5
15254  41   77.5
15255  41   80.4
15256  41   81.5
15257  41   81.5
15258  41   80.6
15259  41   79.3
15260  41   81.4
15261  41   82.1
15262  40   78.6
15263  40   78.7
15264  41   77.8
15265  41   79.5
15266  41   80.4
15267  41   79.3
15268  41   79.0
15269  41   76.2
15270  41   65.8
15271  41   80.7
15272  41   77.8
15273  41   75.2
15274  41   79.1
15275  41   76.5
15276  39   77.4
15277  40   75.0
15278  40   75.7
15279  40   73.9
15280  41   72.7
15281  41   78.5
15282  41   79.8
15283  41   80.3
15284  41   77.0
15285  41   80.7
15286  41   79.0
15287  41   76.2
15288  41   79.1
15289  41   80.1
15290  41   74.3
15291  41   77.4
15292  41   78.1
15293  40   78.5
15294  41   80.8
15295  41   52.1
15296  41   76.7
15297  41   79.8
15298  41   80.2
15299  41   79.6
15300  41   78.9
15301  41   80.2
15302  41   78.5
15303  41   73.8
15304  41   79.7
15305  41   77.7
15306  41   78.7
15307  40   75.5
15308  41   75.7
15309  40   78.1
15310  40   79.3
15311  40   80.8
15312  40   80.9
15313  41   78.9
15314  41   80.0
15315  41   76.3
15316  41   78.2
15317  41   79.7
15318  41   77.6
15319  41   78.5
15320  41   77.4
15321  41   80.0
15322  41   79.2
15323  41   64.1
15324  41   79.6
15325  41   77.3
15326  41   77.8
15327  41   79.0
15328  41   79.0
15329  41   77.4
15330  41   80.3
15331  41   76.5
15332  41   79.4
15333  41   80.0
15334  41   78.5
15335  41   80.1
15336  41   79.6
15337  40   78.9
15338  41   81.3
15339  41   80.3
15340  41   80.2
15341  41   79.1
15342  41   78.9
15343  41   77.3
15344  41   76.9
15345  40   78.4
15346  41   79.0
15347  41   81.2
15348  37   79.8
15349  39   76.5
15350  39   77.9
15351  41   77.3
15352  41   79.8
15353  41   79.5
15354  41   79.7
15355  41   75.9
15356  41   78.6
15357  41   78.0
15358  41   74.2
15359  41   77.9
15360  41   76.7
15361  41   79.4
15362  41   79.0
15363  41   80.3
15364  41   74.8
15365  40   76.5
16001  41   66.6
16002  41   79.4
16003  41   79.6
16004  41   79.2
16005  41   77.3
16006  41   79.1
16007  41   78.5
16008  41   77.0
16009  41   76.8
16010  41   78.2
16011  41   65.1
16012  41   73.9
16013  41   79.0
16014  41   79.0
16015  41   79.8
16016  41   81.2
16017  41   77.6
16018  41   78.8
16019  41   78.3
16020  40   74.4
16021  41   74.6
16022  41   81.6
16023  41   81.2
16024  41   80.8
16025  41   78.7
16026  41   79.1
16027  41   78.0
16028  40   79.3
16029  40   77.7
16030  40   76.8
16031  40   79.3
16032  40   80.0
16033  40   80.0
16034  39   77.3
16035  40   79.0
16036  39   80.8
16037  40   80.0
16038  40   80.4
16039  40   79.7
16040  40   79.5
16041  40   81.8
16042  40   80.7
16043  40   77.5
16044  40   75.4
16045  40   76.5
16046  40   74.8
16047  40   74.5
16048  39   78.0
16049  39   75.4
16050  39   77.7
16051  39   75.7
16052  39   80.3
16053  39   80.1
16054  39   65.4
16055  39   76.6
16056  38   73.6
16057  38   76.8
16058  39   78.6
16059  39   76.5
16060  39   78.0
16061  39   77.0
16062  39   77.8
16063  40   71.3
16064  40   77.4
16065  40   78.1
16066  40   76.8
16067  40   76.5
16068  40   76.0
16069  40   78.8
16070  40   75.9
16071  40   76.7
16072  40   77.9
16073  40   78.2
16074  40   80.7
16075  41   75.1
16076  41   76.4
16077  41   76.8
16078  41   75.0
16079  41   75.9
16080  41   77.3
16081  41   79.6
16082  41   79.7
16083  41   77.8
16084  40   78.2
16085  40   78.3
16086  41   79.5
16087  41   77.9
16088  41   79.1
16089  41   79.5
16090  41   77.2
16091  41   79.9
16092  41   78.2
16093  41   75.9
16094  41   77.0
16095  40   78.7
16096  40   77.5
16097  41   77.2
16098  41   75.1
16099  41   77.5
16100  41   76.1
16101  41   79.0
16102  41   75.1
16103  41   75.7
16104  41   77.6
16105  41   76.6
16106  41   77.7
16107  41   79.2
16108  40   79.7
16109  41   78.9
16110  41   77.6
16111  41   78.9
16112  41   70.5
16113  41   61.6
16114  40   77.9
16115  41   79.2
16116  41   77.5
16117  41   79.1
16118  41   78.1
16119  41   76.2
16120  41   77.4
16121  41   78.3
16122  41   79.4
16123  41   80.3
16124  41   79.2
16125  41   77.3
16126  41   74.7
16127  41   76.1
16128  41   78.1
16129  41   74.1
16130  41   79.4
16131  40   78.9
16132  40   79.4
16133  40   79.1
16134  40   73.8
16135  40   76.3
16136  40   78.4
16137  40   78.8
16138  40   76.0
16139  40   80.3
16140  39   77.7
16141  39   76.7
16142  39   78.2
16143  39   74.8
16144  39   74.5
16145  39   80.3
16146  39   78.2
16147  39   77.0
16148  39   76.1
16149  40   78.6
16150  40   74.0
16151  40   77.8
16152  40   77.7
16153  39   79.5
16154  38   80.8
16155  39   82.0
16156  40   80.1
16157  40   79.2
16158  40   75.7
16159  40   81.4
16160  40   80.7
16161  40   81.7
16162  40   80.4
16163  40   80.0
16164  36   79.7
16165  36   78.5
16166  35   67.2
16167  36   79.4
16168  36   80.1
16169  36   76.3
16170  36   79.3
16171  36   79.6
16172  36   79.9
16173  36   78.8
16174  36   78.9
16175  37   78.4
16176  36   78.3
16177  36   79.3
16178  36   80.1
16179  36   73.2
16180  36   80.3
16181  36   81.5
16182  36   81.6
16183  36   81.5
16184  36   80.5
16185  36   81.2
16186  36   80.1
16187  36   79.0
16188  36   79.6
16189  36   79.5
16190  35   77.5
16191  36   80.4
16192  36   80.0
16193  36   79.3
16194  36   79.6
16195  36   79.0
16196  36   73.2
16197  36   78.9
16198  36   79.4
16199  36   79.8
16200  36   80.6
16201  36   80.8
16202  36   80.5
16203  36   53.2
16204  35   74.0
16205  36   82.2
16206  36   81.3
16207  36   83.0
16208  31   81.1
16209  36   80.5
16210  36   81.6
16211  31   79.2
16212  36   78.8
16213  36   78.9
16214  36   82.3
16215  36   82.4
16216  36   81.3
16217  36   80.5
16218  36   81.4
16219  36   80.6
16220  36   80.2
16221  37   81.2
16222  36   79.8
16223  36   82.5
16224  36   83.2
16225  36   77.9
16226  36   82.3
16227  36   80.1
16228  36   80.9
16229  36   80.7
16230  36   80.3
16231  36   80.7
16232  36   79.8
16233  36   79.9
16234  36   78.9
16235  36   79.9
16236  36   78.6
16237  36   77.2
16238  36   79.2
16239  36   79.6
16240  36   79.5
16241  36   79.8
16242  36   76.3
16243  36   76.5
16244  36   74.3
16245  36   80.4
16246  36   79.6
16247  36   79.3
16248  36   81.8
16249  36   80.1
16250  36   81.9
16251  36   81.0
16252  36   78.9
16253  36   82.2
16254  36   81.3
16255  36   80.0
16256  36   81.6
16257  36   82.2
16258  36   81.5
16259  30   79.0
16260  36   79.8
16261  36   83.5
16262  36   81.9
16263  36   80.6
16264  36   80.7
16265  36   81.7
16266  23   79.4
16267  36   76.3
16268  36   82.0
16269  36   80.1
16270  36   81.9
16271  36   80.5
16272  36   81.6
16273  36   81.9
16274  36   81.7
16275  36   81.4
16276  36   81.9
16277  36   80.7
16278  36   81.6
16279  36   81.7
16280  36   82.2
16281  36   81.3
16282  36   80.7
16283  35   81.5
16284  36   82.1
16285  36   78.4
16286  36   80.4
16287  36   60.9
16288  36   82.9
16289  36   81.3
16290  36   79.0
16291  36   79.3
16292  36   81.4
16293  36   79.2
16294  36   80.9
16295  36   79.6
16296  36   82.1
16297  36   81.6
16298  36   66.0
16299  36   80.2
16300  36   82.3
16301  36   81.4
16302  36   80.5
16303  36   81.9
16304   8   77.6
16305   8   79.1
