04001  38   91.2
04002  41   94.0
04003  36   95.7
04004  35   94.5
04005  36   93.7
04006  41   94.4
04007  44   93.6
04008  43   95.0
04009  42   91.9
04010  41   91.7
04011  41   92.7
04012  42   91.6
04013  44   89.7
04014  41   90.4
04015  43   90.1
04016  43   91.5
04017  36   91.8
04018  41   91.6
04019  42   92.4
04020  43   88.9
04021  45   90.9
04022  43   91.4
04023  41   93.3
04024  42   92.5
04025  41   94.6
04026  43   91.9
04027  46   90.1
04028  45   92.6
04029  45   94.3
04030  45   94.5
04031  46   93.2
04032  40   92.3
04033  45   91.5
04034  45   92.7
04035  48   92.3
04036  47   91.0
04037  48   90.5
04038  47   93.1
04039  46   92.7
04040  48   91.0
04041  45   94.2
04042  45   92.1
04043  46   93.2
04044  44   91.7
04045  44   91.1
04046  44   95.3
04047  45   93.0
04048  47   94.7
04049  44   93.4
04050  45   93.6
04051  46   93.2
04052  45   92.8
04053  44   91.8
04054  44   93.9
04055  48   92.5
04056  48   92.5
04057  47   92.9
04058  44   93.7
04059  45   93.8
04060  45   94.5
04061  44   94.6
04062  47   95.6
04063  45   95.0
04064  47   95.1
04065  49   93.2
04066  48   94.4
04067  45   94.1
04068  48   94.6
04069  47   95.3
04070  47   94.0
04071  49   93.6
04072  45   93.0
04073  43   93.1
04074  42   92.6
04075  48   92.4
04076  48   92.3
04077  48   90.9
04078  47   92.6
04079  48   91.0
04080  46   91.3
04081  44   92.6
04082  49   91.5
04083  48   93.4
04084  50   92.8
04085  51   94.9
04086  49   93.3
04087  44   94.4
04088  44   94.8
04089  46   93.9
04090  44   94.0
04091  45   93.6
04092  45   93.6
04093  45   94.5
04094  46   90.7
04095  44   92.7
04096  45   88.5
04097  47   91.4
04098  47   92.7
04099  48   94.2
04100  47   93.8
04101  46   93.9
04102  45   94.8
04103  46   94.7
04104  45   93.7
04105  44   95.1
04106  47   94.0
04107  47   95.0
04108  45   94.8
04109  44   94.6
04110  48   93.4
04111  44   93.1
04112  48   93.8
04113  45   94.4
04114  48   92.9
04115  46   94.0
04116  44   95.2
04117  47   94.5
04118  46   94.1
04119  46   93.0
04120  49   94.1
04121  45   91.3
04122  43   91.4
04123  44   93.4
04124  46   93.1
04125  48   91.6
04126  47   93.6
04127  46   93.2
04128  47   92.4
04129  47   92.5
04130  42   95.8
04131  44   93.6
04132  45   94.0
04133  46   92.7
04134  45   92.8
04135  46   92.9
04136  45   92.7
04137  44   92.2
04138  45   94.1
04139  45   93.4
04140  46   91.8
04141  46   92.3
04142  44   91.1
04143  44   92.2
04144  42   92.3
04145  47   92.8
04146  44   92.5
04147  43   91.6
04148  42   90.5
04149  43   93.2
04150  44   93.7
04151  42   93.0
04152  42   90.7
04153  44   91.9
04154  43   91.6
04155  42   93.3
04156  44   93.5
04157  45   92.5
04158  41   94.1
04159  40   94.7
04160  47   92.2
04161  45   91.7
04162  46   89.3
04163  45   90.7
04164  46   90.5
04165  42   92.8
04166  45   92.6
04167  47   89.0
04168  48   91.3
04169  49   92.7
04170  49   91.1
04171  47   92.9
04172  47   92.6
04173  46   93.2
04174  46   92.4
04175  44   88.8
04176  49   87.2
04177  29   90.2
04178  29   90.6
04179  28   88.9
04180  28   88.4
04181  29   89.6
04182  28   90.5
04183  29   88.0
04184  29   88.1
04185  28   90.0
04186  29   90.6
04187  28   90.4
04188  27   91.3
04189  29   91.7
04190  29   85.8
04191  29   89.6
04192  29   90.5
04193  28   90.5
04194  27   92.4
04195  29   91.8
04196  29   91.4
04197  27   92.4
04198  29   90.4
04199  29   87.9
04200  29   89.2
04201  26   88.9
04202  28   88.2
04203  29   89.0
04204  29   87.3
04205  29   85.3
04206  28   85.5
04207  27   86.3
04208  28   88.4
04209  28   89.1
04210  29   88.3
04211  28   90.8
04212  29   89.1
04213  28   88.9
04214  28   88.2
04215  29   88.6
04216  29   89.7
04217  29   88.3
04218  28   88.5
04219  28   88.4
04220  10   89.1
04221  10   91.0
04222  28   89.9
04223  28   89.9
04224  29   90.2
04225  28   87.5
04226  29   89.4
04227  29   92.2
04228  28   89.7
04229  28   90.3
04230  29   89.0
04231  29   89.3
04232  29   89.1
04233  28   88.4
04234  28   91.7
04235  29   92.6
04236  29   89.6
04237  29   89.4
04238  29   89.2
04239  29   90.7
04240  29   91.0
04241  28   91.7
04242  29   89.2
04243  29   90.7
04244  28   93.2
04245  29   92.5
04246  29   92.3
04247  29   91.5
04248  26   89.1
04249  26   92.7
04250  29   91.7
04251  28   91.5
04252  28   93.3
04253  29   92.3
04254  29   92.1
04255  28   88.5
04256  29   87.6
04257  28   90.4
04258  28   89.0
04259  28   89.4
04260  29   92.2
04261  28   93.4
04262  28   93.6
04263  29   90.6
04264  28   92.3
04265  29   90.8
04266  29   91.7
04267  29   89.6
04268  28   91.6
04269  28   92.2
04270  29   91.9
04271  29   90.8
04272  28   89.6
04273  29   90.9
04274  29   90.0
04275  29   91.5
04276  28   91.2
04277  27   91.6
04278  28   90.1
04279  29   92.2
04280  28   92.4
04281  29   92.1
04282  29   92.0
04283  29   91.3
04284  28   90.8
04285  29   90.4
04286  28   92.4
04287  29   91.4
04288  29   92.2
04289  29   91.6
04290  29   92.2
04291  29   92.1
04292  28   91.6
04293  28   90.8
04294  29   91.9
04295  29   88.6
04296  28   91.2
04297  29   90.6
04298  27   90.1
04299  26   89.3
04300  28   89.8
04301  29   88.2
04302  28   88.8
04303  28   89.2
04304  29   91.3
04305  29   90.3
04306  28   90.8
04307  29   92.1
04308  29   91.9
04309  28   91.0
04310  29   90.9
04311  29   91.5
04312  28   91.0
04313  27   91.3
04314  28   91.1
04315  29   92.0
04316  29   93.7
04317  28   93.1
04318  28   90.7
04319  29   91.6
04320  29   91.7
04321  29   92.0
04322  30   90.9
04323  29   90.3
04324  28   90.8
04325  28   91.9
04326  27   93.9
04327  29   92.0
04328  28   91.4
04329  28   92.2
04330  29   91.6
04331  28   93.6
04332  28   92.8
04333  29   94.0
04334  28   94.0
04335  29   92.5
04336  29   89.5
04337  28   93.6
04338  28   92.3
04339  29   92.6
04340  29   92.2
04341  27   92.0
04342  28   90.9
04343  29   87.8
04344  29   90.5
04345  28   92.3
04346  27   92.5
04347  27   92.0
04348  28   91.0
04349  29   92.8
04350  29   93.6
04351  29   92.3
04352  29   91.5
04353  29   91.4
04354  29   92.5
04355  28   92.7
04356  28   93.5
04357  28   93.4
04358  28   92.9
04359  29   88.2
04360  29   88.2
04361  28   88.7
04362  28   91.3
04363  27   92.7
04364  29   90.7
04365  29   91.3
04366  28   88.2
05001  29   90.5
05002  29   90.7
05003  28   92.5
05004  29   93.2
05005  29   91.1
05006  29   90.5
05007  29   92.5
05008  28   92.8
05009  28   92.5
05010  27   91.5
05011  28   91.0
05012  27   91.0
05013  29   89.3
05014  29   92.8
05015  28   92.2
05016  29   93.2
05017  28   92.1
05018  29   92.5
05019  29   92.2
05020  28   90.1
05021  29   85.3
05022  27   92.9
05023  28   91.2
05024  28   92.7
05025  28   90.2
05026  29   91.8
05027  29   92.1
05028  29   91.7
05029  29   92.4
05030  29   91.8
05031  29   93.3
05032  29   93.2
05033  28   93.4
05034  27   92.7
05035  27   94.2
05036  29   93.1
05037  28   92.6
05038  29   92.1
05039  28   93.7
05040  28   92.8
05041  29   93.1
05042  29   92.4
05043  28   91.0
05044  28   90.7
05045  28   93.0
05046  29   92.3
05047  29   92.4
05048  29   93.1
05049  29   92.6
05050  29   92.2
05051  29   93.3
05052  28   94.0
05053  29   94.7
05054  28   95.5
05055  28   94.8
05056  29   93.6
05057  28   94.0
05058  29   94.3
05059  29   94.5
05060  29   94.3
05061  27   94.3
05062  28   93.0
05063  29   92.5
05064  29   89.8
05065  28   94.3
05066  29   94.2
05067  28   94.7
05068  28   94.1
05069  28   95.4
05070  29   92.7
05071  29   93.0
05072  28   93.7
05073  29   94.0
05074  28   92.2
05075  29   92.4
05076  29   91.4
05077  27   90.9
05078  29   90.7
05079  29   92.3
05080  29   91.9
05081  28   93.0
05082  28   90.0
05083  28   90.8
05084  29   91.1
05085  29   91.3
05086  27   92.6
05087  29   92.3
05088  28   92.0
05089  29   94.0
05090  28   92.5
05091  28   92.3
05092  28   93.5
05093  27   93.1
05094  29   93.3
05095  28   92.4
05096  27   91.4
05097  29   90.8
05098  28   94.1
05099  29   93.5
05100  29   92.8
05101  29   93.1
05102  29   92.0
05103  28   91.2
05104   8   87.6
05105  29   90.2
05106  28   91.0
05107  27   90.2
05108  28   90.5
05109  29   91.1
05110  28   92.4
05111  28   91.4
05112  29   92.1
05113  29   92.1
05114  29   92.7
05115  29   92.1
05116  28   91.5
05117  29   91.1
05118  29   90.5
05119  27   91.0
05120  29   89.5
05121  29   89.7
05122  29   89.2
05123  29   87.6
05124  29   88.0
05125   9   93.5
05126  28   88.7
05127  26   90.9
05128  24   91.7
05129  27   91.3
05130  25   92.1
05131  28   91.2
05132  28   93.3
05133  28   93.0
05134  29   92.2
05135  29   90.9
05136  29   91.1
05137  28   93.1
05138  23   90.8
05139  28   91.8
05140  28   90.0
05141  28   91.7
05142  27   90.7
05143  27   90.5
05144  28   90.9
05145  29   91.3
05146  29   91.9
05147  29   89.5
05148  29   88.4
05149  29   87.4
05150  30   83.5
05151  28   89.7
05152  28   91.4
05153  28   92.2
05154  27   91.9
05155  28   89.3
05156  28   90.6
05157  27   91.6
05158  27   90.0
05159  27   91.1
05160  27   91.0
05161  27   91.1
05162  27   92.2
05163  27   86.8
05164  27   86.8
05165  27   90.7
05166  27   90.7
05167  27   88.2
05168  27   86.9
05169  27   90.1
05170  27   90.7
05171  27   90.9
05172  27   90.2
05173  27   87.4
05174  27   87.5
05175  27   87.8
05176  26   86.7
05177  24   88.6
05178  27   90.8
05179  27   87.9
05180  27   86.7
05181  27   90.3
05182  27   88.7
05183  27   91.3
05184  27   91.4
05185  27   90.7
05186  27   90.6
05187  27   89.0
05188  27   90.2
05189  27   88.3
05190  27   91.4
05191  26   88.9
05192  27   86.5
05193  27   87.6
05194  27   88.4
05195  27   87.8
05196  27   86.3
05197  27   85.1
05198  24   86.8
05199  25   87.3
05200  27   88.6
05201  27   90.4
05202  27   89.6
05203  27   91.3
05204  27   89.8
05205  27   90.8
05206  28   87.4
05207  27   90.1
05208  28   90.0
05209  28   89.1
05210  28   86.2
05211  26   87.5
05212  28   89.5
05213  27   91.5
05214  28   89.3
05215  27   89.5
05216  29   90.7
05217  29   91.0
05218  29   91.0
05219  26   91.5
05220  30   92.1
05221  30   92.7
05222  30   89.4
05223  30   85.8
05224  30   91.5
05225  29   93.0
05226  29   91.8
05227  28   93.6
05228  28   92.4
05229  12   93.7
05230  28   91.6
05231  27   91.0
05232  26   90.1
05233  25   90.4
05234  28   90.1
05235  29   91.0
05236  29   89.6
05237  29   90.9
05238  29   91.0
05239  29   91.1
05240  29   91.1
05241  29   91.9
05242  29   88.0
05243  28   89.0
05244  29   87.2
05245  29   84.9
05246  28   87.6
05247  28   91.4
05248  28   91.6
05249  28   93.5
05250  28   92.2
05251  29   91.4
05252  29   91.1
05253  29   89.9
05254  27   88.7
05255  29   89.0
05256  29   90.9
05257  29   89.3
05258  29   89.6
05259  30   89.0
05260  29   92.4
05261  28   92.4
05262  29   91.5
05263  29   88.5
05264  28   89.2
05265  29   91.8
05266  27   90.8
05267  27   90.7
05268  29   91.9
05269  28   90.9
05270  28   91.3
05271  28   89.4
05272  28   91.8
05273  28   92.3
05274  30   91.1
05275  29   93.1
05276  29   92.0
05277  29   88.7
05278  30   91.1
05279  29   91.2
05280  29   90.2
05281  29   90.8
05282  29   89.2
05283  26   92.5
05284  27   92.0
05285  30   89.9
05286  28   91.0
05287  29   92.2
05288  29   91.4
05289  29   92.2
05290  29   92.9
05291  28   92.5
05292  29   89.8
05293  29   89.9
05294  29   91.3
05295  30   89.9
05296  28   92.0
05297  29   91.9
05298  28   89.8
05299  29   91.3
05300  28   93.2
05301  26   92.8
05302  27   92.6
05303  27   92.1
05304  28   91.8
05305  28   89.8
05306  29   90.0
05307  30   91.1
05308  29   92.6
05309  28   94.1
05310  27   91.2
05311  29   91.3
05312  28   93.4
05313  30   90.6
05314  29   92.5
05315  28   93.7
05316  29   91.7
05317  28   92.5
05318  28   93.5
05319  28   91.9
05320  28   91.6
05321  28   91.7
05322  28   91.9
05323  28   93.1
05324  28   93.2
05325  28   92.3
05326  30   92.3
05327  28   91.1
05328  28   90.4
05329  28   92.6
05330  29   94.2
05331  29   92.1
05332  31   90.9
05333  30   92.8
05334  31   92.1
05335  31   93.0
05336  30   91.7
05337  30   91.6
05338  30   90.7
05339  30   92.5
05340  29   92.3
05341  28   91.3
05342  28   93.1
05343  28   91.3
05344  28   89.2
05345  27   91.8
05346  26   91.5
05347  26   88.1
05348  31   91.9
05349  28   90.1
05350  27   88.2
05351  26   89.4
05352  27   90.2
05353  27   89.0
05354  29   86.3
05355  30   89.6
05356  30   90.6
05357  26   91.6
05358  25   91.2
05359  26   90.5
05360  25   90.6
05361  25   89.7
05362  25   91.3
05363  25   91.1
05364  25   91.3
05365  25   88.0
06001  28   88.7
06002  28   88.9
06003  28   91.1
06004  28   91.8
06005  28   92.2
06006  31   87.3
06007  14   92.1
06008  12   91.3
06009  30   92.1
06010  28   91.3
06011  28   89.4
06012  28   90.1
06013  28   92.7
06014  28   90.2
06015  28   93.0
06016  28   89.4
06017  29   88.6
06018  28   89.6
06019  28   88.6
06020  14   88.8
06021  30   90.9
06022  30   90.1
06023  30   92.2
06024  30   91.1
06025  30   89.6
06026  30   89.8
06027  30   89.9
06028  30   90.0
06029  28   90.4
06030  28   91.2
06031  27   91.7
06032  30   91.2
06033  30   91.9
06034  18   93.1
06035  29   91.0
06036  30   91.5
06037  30   89.3
06038  29   89.7
06039  28   89.2
06040  29   90.0
06041  28   91.5
06042  29   91.6
06043  29   90.5
06044  28   91.5
06045  29   91.0
06046  29   89.2
06047  29   86.5
06048  29   89.0
06049  29   88.5
06050  28   89.6
06051  29   89.3
06052  30   89.1
06053  30   91.4
06054  30   91.5
06055  30   90.0
06056  30   92.0
06057  30   90.4
06058  29   91.2
06059  29   90.4
06060  29   90.6
06061  28   91.6
06062  29   90.0
06063  28   90.5
06064  25   92.4
06065  25   89.8
06066  28   91.4
06067  29   89.9
06068  29   87.4
06069  29   88.4
06070  27   91.4
06071  26   91.8
06072  27   91.6
06073  31   91.6
06074  30   91.0
06075  28   90.4
06076  28   91.5
06077  28   92.1
06078  28   91.2
06079  29   90.5
06080  28   91.4
06081  28   89.7
06082  28   91.3
06083  28   89.4
06084  28   88.2
06085  28   91.1
06086  27   89.8
06087  28   90.3
06088  29   88.8
06089  29   90.8
06090  29   88.3
06091  29   88.2
06092  28   87.3
06093  28   87.6
06094  30   88.5
06095  29   89.5
06096  29   89.1
06097  29   88.7
06098  29   88.8
06099  26   88.3
06100  26   88.7
06101  29   90.0
06102  28   90.8
06103  29   90.6
06104  29   89.5
06105  29   89.4
06106  28   88.4
06107  28   88.9
06108  29   89.8
06109  29   90.4
06110  29   89.0
06111  31   91.1
06112  28   89.7
06113  28   88.5
06114  28   88.4
06115  28   89.8
06116  28   90.1
06117  28   90.7
06118  28   92.0
06119  29   90.9
06120  25   90.3
06121  25   92.4
06122  27   92.1
06123  29   92.0
06124  28   91.4
06125  28   88.8
06126  26   88.8
06127  26   90.9
06128  28   90.9
06129  29   88.9
06130  29   89.6
06131  29   90.2
06132  29   90.4
06133  29   89.4
06134  29   88.6
06135  29   88.5
06136  30   84.7
06137  29   88.1
06138  27   89.4
06139  28   88.4
06140  28   90.1
06141  28   91.7
06142  28   89.7
06143  28   90.2
06144  28   88.9
06145  28   89.5
06146  28   89.5
06147  28   87.9
06148  28   88.2
06149  30   89.7
06150  28   89.4
06151  29   90.5
06152  31   89.0
06153  28   90.0
06154  28   87.6
06155  28   86.3
06156  28   88.5
06157  27   87.8
06158  28   88.8
06159  28   90.4
06160  28   90.8
06161  26   88.9
06162  25   90.7
06163  28   87.3
06164  28   85.3
06165  28   88.8
06166  28   87.5
06167  28   85.6
06168  28   85.9
06169  28   86.4
06170  28   84.9
06171  28   89.1
06172  28   84.8
06173  27   86.9
06174  27   90.1
06175  28   87.6
06176  28   84.8
06177  28   85.4
06178  27   82.5
06179  29   86.1
06180  29   84.8
06181  29   88.0
06182  30   86.6
06183  28   86.6
06184  28   86.1
06185  30   86.7
06186  30   84.8
06187  30   83.2
06188  29   88.6
06189  29   86.8
06190  29   82.5
06191  31   85.9
06192  30   85.1
06193  29   84.7
06194  30   86.6
06195  30   86.7
06196  30   88.7
06197  30   89.7
06198  29   89.5
06199  27   87.5
06200  29   88.6
06201  29   85.8
06202  29   85.2
06203  29   85.9
06204  29   87.6
06205  28   88.3
06206  29   88.0
06207  30   87.5
06208  29   86.3
06209  28   88.5
06210  28   88.3
06211  27   87.7
06212  28   86.3
06213  29   89.0
06214  28   88.8
06215  28   89.7
06216  28   90.7
06217  28   89.6
06218  31   85.8
06219  28   87.5
06220  28   86.5
06221  29   89.0
06222  28   89.5
06223  28   88.4
06224  28   89.6
06225  28   89.9
06226  28   87.9
06227  28   88.6
06228  28   87.8
06229  28   86.9
06230  28   85.3
06231  28   87.3
06232  28   88.4
06233  28   90.2
06234  28   88.9
06235  28   89.0
06236  28   86.9
06237  28   88.7
06238  26   87.5
06239  26   88.3
06240  27   85.9
06241  27   86.4
06242  27   89.3
06243  27   89.8
06244  27   90.1
06245  28   88.2
06246  27   88.5
06247  28   87.1
06248  28   86.0
06249  27   87.6
06250  28   86.5
06251  27   89.0
06252  28   91.2
06253  26   86.9
06254  28   88.4
06255  28   89.1
06256  28   90.2
06257  25   89.0
06258  27   87.6
06259  25   90.2
06260  26   86.0
06261  26   87.7
06262  24   87.4
06263  26   88.6
06264  26   89.4
06265  25   89.4
06266  26   89.8
06267  26   86.4
06268  26   89.7
06269  26   89.4
06270  28   90.8
06271  26   89.3
06272  27   86.6
06273  25   87.7
06274  26   87.9
06275  27   87.5
06276  25   87.4
06277  26   89.1
06278  26   89.3
06279  25   90.3
06280  27   90.5
06281  27   90.8
06282  25   90.8
06283  25   89.1
06284  27   89.8
06285  26   90.7
06286  26   89.1
06287  26   88.8
06288  26   89.3
06289  26   88.6
06290  26   89.4
06291  26   87.2
06292  26   88.7
06293  26   89.7
06294  27   89.0
06295  26   89.8
06296  26   89.3
06297  26   83.7
06298  26   86.1
06299  27   89.5
06300  26   89.4
06301  26   88.4
06302  27   88.1
06303  27   89.3
06304  27   87.8
06305  27   88.9
06306  27   88.8
06307  27   88.8
06308  26   89.3
06309  25   88.6
06310  26   87.1
06311  25   89.2
06312  26   89.0
06313  27   87.3
06314  27   87.6
06315  27   88.7
06316  26   85.1
06317  27   85.8
06318  28   86.2
06319  29   86.4
06320  28   88.4
06321  28   87.8
06322  28   89.3
06323  27   91.0
06324  27   87.6
06325  27   89.8
06326  27   89.0
06327  27   84.9
06328  27   87.4
06329  26   87.5
06330  26   87.6
06331  27   88.7
06332  27   89.5
06333  27   89.4
06334  28   87.8
06335  28   89.4
06336  27   90.7
06337  27   89.7
06338  28   87.7
06339  27   87.6
06340  27   86.8
06341  28   87.7
06342  28   87.4
06343  28   89.0
06344  27   91.0
06345  28   90.9
06346  28   89.7
06347  28   90.1
06348  27   90.1
06349  28   86.8
06350   9   88.3
06351   9   88.5
06352  28   88.6
06353  28   89.2
06354  28   89.0
06355  28   89.8
06356  28   90.1
06357  27   88.0
06358  27   87.7
06359  26   88.6
06360  27   87.4
06361  27   86.9
06362  27   88.3
06363  27   89.1
06364  27   90.6
06365  27   88.2
07001  27   88.7
07002  27   89.8
07003  28   88.3
07004  28   86.7
07005  27   86.3
07006  27   87.5
07007  27   87.1
07008  27   88.3
07009  27   88.1
07010  27   87.5
07011  26   86.9
07012  27   84.0
07013  26   87.5
07014  26   86.5
07015  27   88.4
07016  27   88.3
07017  27   88.4
07018  26   85.4
07019  27   87.7
07020  26   86.7
07021  26   84.6
07022  27   88.8
07023  27   90.0
07024  27   91.6
07025  27   90.6
07026  27   90.0
07027  27   91.0
07028  27   90.8
07029  27   89.3
07030  27   87.6
07031  27   88.8
07032  27   87.7
07033  27   87.0
07034  28   87.1
07035  28   88.1
07036  28   88.0
07037  28   89.5
07038  29   89.7
07039  27   87.0
07040  28   89.8
07041  28   90.3
07042  28   88.0
07043  28   84.0
07044  27   86.4
07045  28   89.0
07046  28   89.5
07047  28   88.8
07048  29   89.9
07049  28   89.5
07050  29   89.0
07051  28   86.1
07052  29   88.0
07053  29   90.3
07054  29   88.3
07055  28   86.3
07056  26   88.6
07057  29   88.9
07058  29   88.1
07059  27   85.2
07060  28   85.9
07061  28   88.9
07062  28   87.2
07063  28   87.6
07064  27   87.0
07065  28   89.9
07066  29   89.7
07067  30   89.5
07068  29   87.6
07069  28   87.7
07070  29   89.3
07071  30   89.1
07072  28   89.3
07073  28   88.5
07074  29   86.2
07075  30   88.8
07076  29   87.9
07077  29   87.0
07078  29   89.0
07079  28   87.8
07080  28   86.5
07081  29   88.7
07082  29   89.0
07083  29   88.2
07084  29   87.2
07085  29   86.8
07086  29   87.5
07087  29   88.3
07088  29   89.4
07089  30   90.5
07090  30   89.8
07091  29   87.4
07092  29   87.6
07093  30   86.5
07094  30   85.5
07095  29   87.3
07096  29   88.9
07097  29   88.4
07098  29   90.3
07099  29   90.2
07100  30   88.8
07101  29   89.3
07102  29   85.5
07103  30   87.8
07104  29   88.3
07105  30   89.4
07106  30   89.1
07107  30   87.3
07108  30   88.6
07109  29   88.7
07110  30   89.7
07111  29   89.5
07112  29   87.0
07113  29   87.6
07114  27   88.0
07115  30   87.9
07116  29   88.5
07117  29   86.9
07118  30   88.6
07119  29   88.8
07120  30   88.7
07121  28   88.5
07122  30   87.9
07123  29   88.4
07124  28   88.1
07125  29   87.7
07126  28   87.0
07127  29   89.1
07128  29   85.1
07129  30   90.2
07130  29   85.2
07131  29   86.5
07132  29   86.6
07133  29   86.6
07134  30   87.0
07135  29   88.7
07136  29   89.1
07137  29   88.2
07138  29   86.6
07139  29   86.7
07140  29   87.8
07141  29   83.9
07142  28   84.5
07143  28   85.3
07144  26   84.8
07145  28   84.9
07146  28   85.6
07147  27   85.2
07148  28   88.5
07149  28   88.9
07150  27   88.8
07151  30   88.2
07152  29   88.6
07153  28   86.9
07154  28   87.2
07155  29   86.8
07156  30   86.9
07157  31   88.1
07158  28   87.7
07159  30   85.2
07160  30   84.4
07161  30   84.2
07162  30   84.7
07163  27   82.9
07164  29   82.8
07165  29   82.0
07166  28   85.2
07167  28   84.8
07168  28   86.7
07169  28   86.9
07170  29   86.3
07171  28   84.5
07172  30   85.7
07173  27   85.9
07174  29   87.4
07175  28   87.1
07176  28   85.7
07177  28   85.8
07178  29   86.8
07179  29   87.9
07180  29   87.1
07181  30   88.6
07182  30   86.6
07183  28   87.1
07184  29   86.4
07185  29   85.3
07186  29   87.3
07187  28   84.5
07188  29   85.3
07189  29   85.5
07190  30   86.4
07191  30   89.4
07192  30   85.3
07193  29   86.7
07194  29   83.6
07195  29   85.9
07196  30   86.4
07197  29   85.8
07198  31   84.6
07199  30   87.5
07200  30   83.8
07201  31   81.7
07202  12   85.2
07203  12   86.0
07204  30   87.0
07205  30   86.1
07206  30   89.3
07207  30   87.9
07208  29   87.0
07209  30   86.7
07210  30   86.2
07211  30   85.5
07212  30   88.4
07213  30   86.5
07214  30   83.3
07215  30   87.0
07216  30   87.3
07217  29   86.8
07218  30   86.6
07219  30   85.5
07220  28   87.1
07221  30   87.6
07222  29   87.4
07223  30   87.3
07224  30   87.4
07225  30   84.5
07226  30   86.7
07227  30   88.3
07228  30   81.7
07229  30   83.7
07230  29   87.8
07231  29   85.1
07232  30   88.4
07233  29   87.7
07234  30   87.2
07235  28   85.1
07236  29   89.3
07237  29   88.7
07238  29   86.1
07239  27   85.4
07240  27   86.7
07241  28   87.0
07242  27   87.5
07243  27   88.2
07244  29   89.4
07245  29   89.6
07246  27   87.9
07247  27   85.4
07248  28   86.9
07249  27   84.2
07250  28   84.9
07251  28   87.1
07252  29   88.3
07253  29   87.7
07254  28   88.9
07255  29   88.5
07256  31   89.7
07257  29   86.3
07258  30   87.2
07259  31   86.6
07260  28   83.8
07261  29   86.5
07262  29   89.0
07263  29   88.1
07264  30   87.7
07265  29   87.5
07266  29   87.2
07267  29   85.2
07268  29   87.0
07269  29   89.1
07270  29   87.7
07271  29   89.2
07272  28   87.5
07273  29   88.9
07274  30   88.4
07275  30   87.5
07276  29   88.3
07277  29   87.2
07278  29   85.4
07279  29   87.1
07280  29   89.1
07281  29   86.5
07282  28   89.5
07283  29   90.1
07284  29   91.2
07285  29   88.4
07286  29   89.3
07287  30   90.6
07288  29   91.0
07289  29   89.4
07290  29   85.9
07291  29   84.2
07292  29   88.8
07293  29   89.9
07294  29   91.0
07295  29   89.3
07296  29   88.4
07297  29   87.7
07298  29   86.6
07299  29   86.7
07300  29   86.6
07301  29   86.7
07302  30   86.3
07303  29   86.8
07304  29   86.5
07305  29   86.5
07306  29   86.2
07307  29   84.8
07308  24   87.2
07309  28   88.1
07310  28   85.1
07311  29   86.9
07312  26   85.7
07313  28   85.1
07314  29   86.1
07315  28   85.2
07316  28   85.4
07317  28   84.8
07318  28   85.4
07319  28   85.7
07320  28   86.3
07321  28   86.3
07322  29   87.0
07323  29   87.1
07324  28   85.3
07325  28   86.1
07326  29   86.4
07327  28   85.8
07328  28   86.0
07329  27   85.6
07330  28   84.3
07331  27   86.3
07332  29   87.7
07333  28   86.7
07334  29   85.9
07335  26   84.8
07336  26   85.2
07337  26   84.8
07338  29   86.5
07339  27   85.6
07340  27   85.1
07341  28   83.0
07342  28   84.5
07343  28   83.3
07344  29   86.2
07345  30   85.9
07346  27   86.1
07347  26   86.2
07348  28   85.2
07349  27   86.6
07350  26   87.9
07351  26   87.8
07352  27   85.5
07353  27   82.9
07354  28   87.8
07355  27   88.9
07356  27   87.6
07357  28   86.6
07358  27   85.6
07359  27   87.2
07360  28   88.2
07361  27   86.5
07362  27   85.9
07363  27   88.0
07364  27   86.4
07365  27   86.4
08001  27   88.5
08002  27   87.7
08003  27   86.0
08004  27   85.9
08005  28   83.6
08006  27   83.0
08007  30   83.9
08008  27   84.0
08009  27   85.7
08010  27   84.2
08011  28   85.0
08012  28   85.1
08013  28   86.9
08014  28   88.3
08015  28   86.7
08016  28   82.7
08017  27   88.3
08018  28   84.5
08019  28   84.2
08020  28   85.1
08021  28   80.3
08022  30   83.6
08023  29   82.0
08024  29   85.8
08025  29   87.3
08026  29   88.1
08027  29   83.6
08028  30   87.1
08029  29   84.6
08030   9   84.1
08031   9   84.5
08032  10   83.7
08033  10   86.2
08034  10   85.5
08035  11   83.9
08036  11   85.4
08037   8   78.4
08038   9   81.5
08039  10   85.4
08040  28   85.3
08041  29   83.8
08042  29   85.0
08043  28   84.5
08044  28   86.7
08045  28   86.2
08046  28   85.9
08047  29   87.6
08048  29   87.9
08049  29   86.5
08050  29   80.6
08051  29   84.8
08052  28   86.3
08053  28   82.9
08054  28   85.7
08055  27   86.6
08056  29   84.9
08057  32   83.8
08058  30   84.4
08059  29   86.0
08060  29   86.2
08061  30   83.1
08062  27   82.3
08063  29   83.7
08064  29   87.7
08065  29   84.0
08066  30   86.7
08067  29   85.7
08068  29   86.8
08069  29   85.2
08070  28   81.4
08071  29   85.1
08072  29   82.9
08073  30   80.2
08074  29   85.1
08075  29   84.5
08076  29   85.7
08077  29   87.6
08078  28   84.8
08079  29   88.0
08080  31   85.3
08081  31   85.9
08082  29   89.2
08083  29   88.7
08084  28   88.7
08085  30   86.4
08086  30   86.3
08087  30   87.8
08088  31   87.8
08089  29   87.3
08090  29   88.1
08091  29   87.7
08092  30   86.6
08093  30   83.9
08094  30   86.7
08095  30   88.3
08096  30   87.9
08097  31   88.2
08098  30   87.2
08099  31   89.5
08100  30   88.6
08101  29   87.0
08102  30   85.7
08103  30   86.9
08104  30   87.6
08105  30   87.5
08106  30   81.6
08107  29   86.7
08108  30   85.4
08109  30   87.5
08110  30   87.7
08111  30   88.5
08112  30   87.7
08113  32   86.0
08114  31   86.8
08115  30   85.8
08116  31   83.8
08117  31   85.7
08118  28   87.4
08119  28   84.7
08120  28   87.7
08121  30   84.0
08122  31   84.4
08123  30   87.9
08124  30   85.5
08125  29   84.7
08126  30   85.2
08127  30   85.3
08128  29   80.1
08129  30   86.2
08130  30   87.1
08131  30   87.9
08132  29   87.6
08133  29   87.6
08134  31   86.0
08135  32   86.4
08136  31   87.1
08137  30   87.4
08138  31   87.3
08139  30   88.4
08140  31   84.7
08141  31   85.5
08142  30   84.5
08143  30   88.7
08144  30   87.3
08145  30   88.0
08146  30   86.9
08147  31   86.6
08148  31   85.2
08149  30   84.5
08150  29   83.7
08151  29   80.9
08152  29   84.7
08153  29   86.1
08154  30   83.7
08155  28   85.3
08156  28   86.8
08157  28   84.8
08158  30   84.3
08159  27   82.5
08160  26   84.6
08161  28   86.2
08162  28   84.6
08163  29   80.9
08164  28   83.2
08165  28   86.7
08166  30   86.1
08167  28   85.9
08168  30   87.7
08169  31   85.4
08170  29   84.7
08171  30   84.9
08172  30   85.3
08173  30   85.3
08174  30   83.2
08175  30   81.1
08176  30   83.4
08177  30   82.8
08178  29   84.3
08179  32   80.3
08180  29   85.0
08181  30   81.5
08182  31   80.6
08183  30   84.5
08184  30   83.1
08185  31   83.5
08186  30   85.3
08187  30   84.9
08188  29   84.3
08189  30   85.7
08190  30   86.9
08191  30   88.0
08192  30   85.6
08193  30   83.5
08194  30   85.5
08195  30   87.1
08196  29   83.6
08197  30   86.6
08198  30   86.4
08199  30   85.8
08200  30   83.9
08201  30   81.8
08202  30   81.9
08203  30   85.2
08204  13   80.6
08205  12   83.7
08206  11   82.8
08207  12   82.2
08208  13   82.4
08209  30   84.9
08210  30   85.6
08211  30   85.6
08212  30   85.3
08213  31   84.2
08214  30   82.6
08215  30   84.0
08216  30   86.7
08217  31   81.7
08218  32   84.7
08219  30   85.1
08220  30   81.3
08221  31   82.6
08222  28   85.6
08223  29   84.7
08224  29   84.3
08225  30   85.5
08226  30   82.4
08227  28   85.2
08228  29   87.2
08229  29   86.7
08230  29   84.7
08231  28   85.2
08232  29   78.7
08233  28   83.9
08234  28   84.6
08235  29   83.7
08236  30   85.1
08237  29   86.0
08238  28   84.9
08239  29   86.5
08240  28   83.8
08241  28   83.8
08242  28   86.8
08243  29   86.3
08244  30   82.3
08245  29   81.2
08246  29   82.1
08247  29   82.2
08248  29   82.6
08249  29   84.0
08250  29   80.6
08251  28   82.5
08252  29   84.7
08253  29   84.6
08254  30   82.5
08255  28   81.8
08256  28   84.0
08257  26   82.3
08258  28   81.6
08259  28   85.4
08260  29   85.9
08261  30   87.9
08262  28   86.8
08263  30   87.2
08264  30   87.8
08265  30   86.7
08266  28   83.4
08267  29   87.8
08268  30   86.0
08269  27   87.2
08270  26   87.1
08271  27   87.7
08272  28   88.4
08273  29   85.2
08274  29   87.5
08275  29   86.6
08276  29   85.7
08277  28   86.6
08278  28   86.9
08279  28   85.6
08280  28   85.2
08281  29   84.9
08282  29   86.3
08283  29   86.3
08284  29   88.1
08285  29   87.5
08286  29   86.1
08287  30   84.1
08288  29   81.3
08289  29   83.9
08290  29   81.5
08291  29   86.6
08292  30   84.6
08293  30   86.0
08294  29   86.4
08295  30   87.1
08296  30   87.7
08297  30   87.3
08298  30   85.6
08299  30   84.5
08300  30   85.1
08301  30   85.7
08302  30   84.2
08303  30   84.4
08304  30   87.3
08305  29   87.4
08306  29   88.1
08307  29   87.6
08308  30   83.9
08309  30   86.5
08310  29   81.4
08311  30   81.8
08312  29   88.2
08313  30   86.4
08314  29   88.0
08315  30   88.6
08316  30   87.7
08317  30   87.4
08318  31   84.6
08319  31   87.2
08320  30   88.5
08321  30   85.9
08322  30   87.8
08323  30   86.1
08324  30   88.5
08325  30   86.1
08326  31   86.7
08327  30   88.0
08328  29   88.4
08329  30   88.5
08330  30   88.3
08331  30   87.8
08332  30   88.0
08333  31   85.9
08334  30   87.5
08335  30   88.5
08336  30   88.3
08337  30   88.5
08338  30   87.4
08339  31   87.6
08340  30   88.2
08341  30   89.0
08342  29   89.8
08343  30   90.0
08344  30   88.3
08345  30   87.2
08346  31   83.9
08347  30   84.3
08348  30   88.8
08349  30   89.2
08350  30   89.3
08351  30   88.9
08352  30   90.0
08353  30   87.3
08354  30   86.5
08355  31   86.4
08356  31   85.6
08357  30   87.7
08358  30   88.2
08359  30   88.1
08360  29   88.3
08361  29   88.7
08362  29   88.6
08363  29   89.3
08364  29   84.8
08365  29   85.1
08366  10   83.7
09001  12   85.9
09002  30   87.7
09003  30   90.1
09004  28   90.1
09005  30   89.3
09006  30   87.9
09007  30   87.3
09008  30   88.7
09009  30   89.6
09010  30   89.6
09011  30   89.1
09012  30   85.7
09013  30   85.4
09014  31   80.7
09015  30   89.2
09016  30   86.5
09017  30   88.8
09018  31   87.4
09019  31   86.4
09020  30   88.5
09021  31   86.8
09022  30   88.6
09023  30   87.2
09024  30   88.7
09025  30   88.2
09026  29   87.0
09027  30   88.5
09028  30   87.1
09029  30   85.8
09030  30   83.9
09031  30   89.3
09032  30   89.0
09033  30   84.5
09034  31   88.3
09035  30   87.9
09036  30   88.6
09037  31   88.6
09038  30   88.4
09039  30   88.8
09040  30   88.4
09041  31   84.0
09042  31   81.5
09043  30   84.0
09044  31   89.3
09045  30   88.4
09046  31   90.3
09047  31   87.9
09048  30   86.9
09049  30   88.9
09050  30   86.6
09051  30   85.4
09052  31   85.2
09053  30   84.4
09054  31   84.6
09055  30   86.8
09056  30   82.8
09057  31   86.0
09058  30   86.0
09059  30   85.2
09060  28   86.4
09061  29   87.0
09062  29   88.6
09063  30   88.8
09064  29   86.5
09065  29   88.7
09066  29   88.5
09067  29   87.6
09068  29   86.9
09069  29   88.2
09070  29   86.6
09071  29   87.0
09072  29   89.2
09073  29   89.2
09074  29   89.1
09075  29   89.6
09076  29   88.2
09077  31   86.5
09078  31   85.4
09079  30   89.6
09080  31   88.3
09081  31   87.8
09082  30   87.8
09083  31   85.2
09084  32   80.0
09085  30   88.7
09086  31   86.4
09087  30   87.8
09088  30   88.7
09089  31   83.3
09090  30   87.0
09091  30   85.7
09092  30   85.0
09093  30   83.9
09094  30   85.5
09095  30   87.0
09096  30   87.0
09097  30   86.9
09098  31   88.6
09099  30   86.4
09100  30   87.9
09101  29   87.0
09102  30   86.3
09103  30   85.0
09104  30   86.3
09105  29   86.9
09106  30   89.4
09107  30   88.0
09108  30   88.0
09109  30   87.6
09110  30   86.0
09111  30   79.6
09112  30   86.9
09113  32   85.5
09114  31   83.2
09115  30   86.7
09116  30   87.2
09117  30   86.9
09118  30   86.5
09119  30   87.8
09120  30   88.4
09121  30   87.2
09122  30   83.6
09123  30   86.5
09124  30   87.9
09125  30   88.1
09126  30   88.2
09127  30   87.5
09128  30   85.5
09129  30   85.0
09130  30   86.0
09131  30   86.5
09132  30   85.5
09133  30   84.0
09134  30   85.2
09135  30   86.2
09136  30   85.7
09137  30   84.9
09138  31   83.0
09139  29   82.9
09140  30   85.1
09141  30   83.7
09142  30   82.6
09143  30   85.0
09144  30   85.6
09145  30   85.5
09146  30   81.9
09147  30   82.6
09148  30   87.0
09149  30   81.7
09150  31   87.5
09151  31   86.6
09152  30   84.7
09153  30   84.9
09154  30   85.7
09155  30   87.4
09156  31   85.7
09157  31   82.1
09158  29   82.2
09159  30   85.5
09160  31   84.6
09161  30   83.3
09162  30   81.4
09163  30   84.3
09164  31   83.4
09165  30   81.1
09166  30   84.1
09167  30   83.7
09168  30   81.5
09169  31   80.4
09170  31   78.5
09171  30   82.8
09172  30   85.0
09173  30   86.5
09174  30   86.5
09175  31   84.7
09176  30   83.6
09177  29   84.9
09178  29   83.6
09179  29   84.3
09180  29   84.6
09181  30   82.8
09182  30   82.3
09183  30   83.1
09184  30   81.4
09185  29   82.1
09186  29   80.7
09187  31   79.8
09188  30   83.0
09189  30   84.8
09190  30   83.6
09191  30   83.4
09192  30   84.2
09193  30   84.8
09194  30   82.1
09195  30   82.1
09196  30   82.1
09197  30   79.9
09198  31   80.7
09199  31   84.8
09200  31   82.6
09201  30   78.6
09202  30   84.9
09203  30   84.0
09204  30   81.3
09205  30   82.3
09206  30   83.2
09207  29   86.1
09208  30   85.0
09209  30   84.4
09210  30   84.7
09211  30   75.1
09212  30   81.7
09213  30   82.7
09214  30   81.6
09215  30   85.0
09216  30   83.9
09217  30   84.5
09218  30   83.4
09219  30   83.3
09220  30   81.4
09221  30   81.2
09222  31   78.7
09223  30   82.6
09224  30   79.9
09225  30   83.2
09226  30   81.0
09227  30   84.6
09228  30   81.0
09229  30   79.1
09230  30   82.2
09231  30   82.9
09232  30   83.1
09233  30   83.4
09234  29   83.2
09235  30   84.6
09236  28   83.3
09237  29   81.3
09238  29   84.1
09239  29   83.4
09240  30   80.2
09241  30   83.2
09242  30   84.4
09243  30   82.8
09244  30   82.0
09245  32   77.3
09246  31   75.1
09247  31   78.2
09248  30   82.9
09249  30   87.5
09250  30   83.8
09251  31   84.3
09252  30   84.1
09253  30   83.6
09254  30   74.5
09255  30   85.5
09256  30   83.5
09257  30   88.2
09258  30   85.9
09259  30   86.3
09260  29   85.2
09261  30   84.2
09262  30   83.9
09263  30   85.5
09264  30   83.6
09265  29   85.1
09266  30   83.4
09267  30   83.6
09268  31   85.0
09269  30   85.3
09270  29   82.0
09271  29   84.3
09272  29   84.1
09273  20   81.1
09274  26   84.4
09275  30   81.5
09276  30   84.4
09277  30   84.1
09278  30   79.1
09279  30   86.2
09280  29   85.0
09281  32   80.5
09282  30   85.1
09283  30   83.3
09284  30   84.0
09285  30   84.1
09286  31   83.7
09287  31   80.6
09288  30   81.7
09289  30   87.0
09290  31   87.3
09291  30   86.0
09292  31   87.3
09293  30   85.8
09294  29   84.9
09295  30   82.5
09296  30   84.3
09297  30   85.3
09298  29   84.3
09299  30   84.6
09300  30   87.1
09301  30   86.5
09302  30   84.4
09303  30   82.5
09304  30   86.7
09305  30   86.0
09306  30   86.0
09307  30   88.4
09308  29   84.5
09309  30   87.4
09310  29   90.5
09311  31   88.2
09312  30   86.1
09313  30   86.7
09314  30   87.7
09315  31   88.3
09316  31   83.6
09317  30   83.6
09318  31   85.5
09319  31   84.7
09320  31   87.2
09321  31   86.3
09322  31   85.4
09323  31   87.5
09324  31   88.0
09325  31   87.6
09326  31   88.2
09327  31   86.8
09328  31   85.2
09329  31   87.0
09330  31   86.0
09331  31   88.1
09332  31   91.2
09333  31   89.5
09334  31   87.8
09335  31   87.6
09336  31   88.1
09337  31   88.8
09338  31   89.1
09339  31   87.2
09340  31   88.6
09341  31   85.9
09342  31   83.2
09343  31   85.9
09344  31   80.8
09345  31   82.5
09346  31   86.9
09347  31   85.6
09348  31   87.3
09349  31   87.7
09350  31   88.0
09351  31   88.7
09352  31   87.5
09353  30   88.9
09354  31   88.2
09355  31   86.8
09356  30   87.1
09357  31   90.4
09358  31   87.7
09359  30   87.7
09360  30   87.8
09361  30   87.4
09362  31   84.1
09363  31   88.4
09364  31   86.8
09365  31   89.3
10001  31   89.9
10002  31   89.2
10003  31   88.9
10004  31   88.6
10005  31   88.2
10006  30   89.6
10007  31   89.8
10008  31   89.7
10009  31   87.1
10010  31   89.2
10011  31   87.4
10012  31   89.3
10013  31   83.4
10014  31   90.1
10015  31   92.1
10016  31   86.6
10017  31   86.5
10018  30   86.7
10019  30   90.5
10020  31   88.9
10021  30   89.2
10022  30   88.9
10023  31   89.4
10024  31   88.9
10025  31   90.3
10026  31   83.2
10027  30   90.3
10028  31   90.3
10029  31   88.1
10030  31   89.0
10031  31   89.6
10032  30   88.6
10033  32   88.1
10034  31   89.6
10035  31   88.8
10036  31   88.6
10037  31   88.7
10038  31   90.0
10039  31   89.4
10040  31   87.9
10041  31   89.6
10042  30   90.1
10043  30   92.3
10044  31   89.1
10045  31   90.6
10046  32   86.0
10047  31   88.9
10048  31   87.1
10049  31   87.5
10050  31   82.8
10051  31   87.2
10052  31   87.8
10053  31   86.2
10054  31   88.0
10055  31   88.9
10056  31   88.6
10057  31   87.9
10058  31   87.8
10059  31   86.4
10060  31   90.0
10061  31   88.3
10062  31   89.9
10063  31   87.7
10064  31   88.3
10065  31   89.4
10066  31   88.5
10067  31   89.3
10068  31   88.3
10069  31   87.3
10070  31   89.8
10071  31   84.6
10072  31   87.1
10073  31   86.2
10074  31   84.8
10075  31   86.3
10076  31   86.4
10077  31   87.4
10078  31   87.5
10079  31   88.2
10080  31   86.9
10081  30   87.3
10082  31   82.2
10083  30   86.8
10084  29   85.6
10085  29   87.8
10086  29   89.3
10087  30   87.7
10088  29   86.7
10089  31   86.8
10090  31   87.8
10091  32   84.7
10092  31   89.7
10093  32   71.5
10094  20   69.0
10095  23   72.5
10096  30   85.0
10097  32   83.6
10098  31   83.1
10099  31   85.9
10100  31   89.3
10101  31   89.7
10102  31   90.0
10103  31   90.2
10104  31   89.3
10105  31   86.4
10106  31   86.1
10107  31   89.5
10108  31   88.6
10109  31   89.3
10110  32   87.6
10111  31   87.6
10112  31   86.0
10113  31   88.3
10114  32   89.9
10115  31   89.3
10116  30   89.1
10117  31   90.9
10118  31   89.6
10119  31   89.6
10120  31   87.7
10121  31   89.1
10122  31   89.6
10123  31   86.4
10124  31   89.9
10125  31   89.2
10126  31   90.0
10127  31   89.7
10128  31   90.6
10129  31   89.2
10130  31   87.3
10131  31   87.2
10132  31   88.7
10133  31   91.1
10134  31   92.5
10135  31   91.5
10136  31   91.2
10137  31   86.9
10138  31   89.0
10139  31   89.3
10140  31   90.1
10141  31   89.5
10142  31   88.6
10143  31   87.5
10144  31   87.9
10145  31   85.0
10146  31   84.7
10147  31   88.5
10148  31   90.1
10149  31   89.1
10150  31   89.0
10151  31   90.3
10152  31   90.1
10153  31   89.9
10154  31   88.0
10155  30   90.8
10156  30   88.8
10157  30   87.0
10158  30   89.2
10159  29   87.6
10160  30   81.7
10161  29   89.1
10162  30   84.5
10163  29   87.3
10164  31   88.9
10165  30   89.6
10166  30   90.9
10167  31   88.8
10168  31   88.6
10169  30   89.1
10170  31   87.3
10171  42   87.2
10172  43   85.0
10173  31   89.1
10174  31   87.2
10175  31   85.5
10176  31   88.0
10177  30   87.6
10178  30   88.2
10179  30   88.7
10180  31   86.8
10181  29   87.6
10182  30   88.8
10183  30   88.4
10184  30   86.4
10185  30   82.4
10186  30   82.7
10187  31   87.5
10188  31   91.7
10189  30   91.1
10190  30   88.3
10191  30   86.6
10192  30   85.3
10193  30   82.8
10194  30   86.2
10195  30   86.0
10196  30   83.8
10197  30   86.5
10198  30   85.5
10199  28   88.9
10200  30   86.1
10201  30   86.8
10202  30   84.1
10203  30   84.4
10204  30   85.7
10205  30   89.1
10206  30   87.3
10207  30   80.5
10208  30   89.6
10209  31   86.7
10210  32   83.6
10211  32   89.9
10212  31   89.6
10213  30   86.1
10214  31   83.6
10215  31   83.1
10216  31   80.9
10217  31   86.0
10218  32   86.1
10219  31   88.3
10220  31   86.0
10221  31   86.3
10222  31   86.1
10223  31   85.6
10224  31   83.2
10225  31   85.4
10226  32   86.1
10227  31   87.9
10228  31   90.2
10229  31   88.4
10230  31   86.2
10231  31   88.2
10232  31   83.6
10233  31   87.5
10234  31   87.5
10235  31   85.2
10236  31   84.5
10237  31   88.9
10238  31   85.3
10239  31   88.5
10240  31   89.3
10241  31   90.2
10242  32   88.1
10243  31   90.1
10244  32   90.6
10245  31   90.4
10246  31   91.4
10247  31   89.5
10248  31   90.9
10249  31   89.0
10250  31   89.5
10251  32   83.1
10252  31   89.5
10253  31   88.7
10254  31   90.1
10255  31   90.8
10256  31   87.0
10257  31   86.9
10258  31   85.3
10259  31   81.1
10260  31   80.8
10261  31   86.8
10262  31   87.2
10263  31   89.6
10264  31   89.3
10265  31   87.8
10266  32   86.1
10267  31   85.4
10268  32   88.4
10269  32   89.3
10270  32   88.1
10271  32   90.1
10272  31   88.6
10273  31   89.7
10274  31   91.1
10275  31   90.3
10276  29   88.3
10277  31   89.5
10278  30   84.3
10279  31   88.7
10280  31   88.5
10281  31   86.3
10282  29   89.9
10283  30   90.9
10284  31   89.9
10285  31   91.5
10286  31   92.0
10287  32   91.1
10288  32   87.2
10289  31   92.2
10290  31   92.6
10291  31   91.6
10292  31   90.7
10293  31   89.7
10294  31   91.2
10295  31   90.9
10296  31   91.0
10297  31   88.6
10298  32   90.3
10299  31   90.2
10300  31   90.7
10301  31   88.1
10302  31   88.3
10303  32   87.6
10304  31   87.1
10305  31   87.6
10306  31   88.0
10307  31   87.8
10308  31   86.8
10309  31   90.2
10310  31   90.5
10311  32   91.1
10312  32   90.7
10313  34   87.7
10314  31   90.2
10315  31   87.9
10316  31   86.6
10317  31   87.5
10318  31   87.2
10319  32   87.9
10320  30   84.2
10321  32   86.9
10322  31   87.8
10323  32   88.8
10324  31   88.8
10325  32   88.5
10326  32   84.9
10327  31   86.2
10328  32   85.7
10329  32   85.1
10330  31   88.3
10331  31   88.3
10332  12   81.5
10333  12   83.4
10334  13   79.1
10335  13   82.2
10336  13   80.8
10337  13   79.9
10338  13   82.2
10339  32   89.3
10340  31   87.0
10341  31   85.7
10342  31   85.0
10343  31   81.4
10344  31   84.6
10345  31   86.8
10346  31   89.0
10347  32   88.7
10348  31   90.4
10349  31   85.3
10350  32   87.5
10351  31   89.4
10352  31   88.8
10353  31   88.1
10354  31   84.4
10355  31   85.1
10356  31   87.9
10357  32   89.1
10358  30   88.7
10359  31   90.2
10360  31   90.6
10361  31   86.8
10362  32   82.6
10363  31   91.7
10364  31   88.2
10365  31   88.7
11001  31   88.0
11002  31   89.6
11003  31   88.6
11004  31   89.3
11005  31   89.9
11006  31   87.0
11007  31   86.5
11008  31   88.0
11009  31   86.9
11010  31   89.1
11011  30   90.9
11012  31   92.1
11013  31   88.4
11014  31   85.3
11015  31   88.4
11016  31   89.2
11017  31   87.9
11018  32   82.8
11019  31   87.7
11020  30   88.0
11021  31   86.7
11022  32   88.5
11023  31   89.7
11024  31   89.9
11025  31   89.9
11026  30   87.8
11027  31   89.7
11028  31   92.1
11029  31   88.3
11030  32   89.8
11031  31   89.9
11032  32   87.9
11033  31   87.1
11034  31   88.8
11035  31   88.8
11036  31   87.8
11037  31   87.5
11038  32   85.4
11039  30   84.7
11040  31   86.9
11041  32   80.9
11042  31   89.5
11043  31   87.9
11044  30   91.0
11045  31   88.9
11046  31   86.6
11047  31   88.8
11048  31   87.6
11049  31   90.4
11050  31   87.0
11051  30   87.9
11052  31   88.8
11053  32   87.0
11054  32   87.9
11055  31   89.4
11056  31   87.6
11057  31   88.1
11058  31   85.3
11059  31   88.1
11060  32   87.6
11061  31   87.5
11062  31   84.9
11063  31   88.9
11064  31   88.5
11065  31   86.4
11066  31   89.6
11067  31   90.0
11068  31   86.4
11069  31   86.5
11070  31   88.6
11071  31   88.1
11072  31   86.5
11073  31   88.0
11074  31   87.8
11075  33   87.8
11076  30   89.5
11077  31   86.9
11078  31   89.9
11079  31   89.7
11080  31   89.1
11081  31   90.1
11082  31   86.5
11083  31   89.2
11084  31   87.9
11085  31   87.5
11086  31   87.5
11087  31   85.6
11088  31   88.1
11089  31   89.0
11090  31   85.3
11091  31   89.2
11092  31   88.7
11093  31   88.3
11094  31   91.4
11095  31   85.1
11096  31   89.8
11097  31   86.7
11098  31   87.6
11099  31   87.9
11100  31   90.8
11101  31   89.4
11102  31   89.8
11103  32   84.8
11104  32   86.0
11105  31   88.9
11106  32   88.7
11107  31   88.1
11108  31   89.4
11109  31   85.5
11110  31   82.5
11111  31   86.9
11112  31   86.4
11113  31   87.6
11114  32   86.2
11115  31   90.5
11116  31   91.2
11117  31   89.6
11118  32   86.3
11119  30   87.9
11120  31   88.5
11121  31   87.2
11122  31   88.6
11123  31   88.1
11124  31   87.6
11125  31   84.1
11126  31   88.5
11127  31   88.0
11128  31   88.5
11129  32   90.7
11130  29   88.1
11131  31   87.4
11132  31   87.3
11133  31   90.4
11134  31   87.9
11135  31   88.4
11136  31   89.9
11137  32   85.2
11138  31   87.4
11139  31   86.5
11140  31   84.2
11141  31   84.1
11142  31   85.0
11143  31   86.0
11144  31   85.4
11145  31   85.9
11146  31   82.2
11147  31   85.9
11148  31   87.4
11149  31   88.2
11150  31   84.5
11151  31   77.7
11152  31   89.1
11153  31   89.0
11154  30   86.5
11155  31   86.9
11156  31   82.7
11157  30   84.5
11158  31   85.1
11159  31   87.5
11160  31   88.4
11161  32   87.6
11162  31   88.2
11163  31   87.7
11164  31   87.7
11165  31   86.7
11166  30   86.8
11167  31   84.0
11168  31   85.1
11169  31   87.8
11170  30   88.6
11171  31   88.2
11172  31   86.1
11173  31   83.2
11174  31   82.8
11175  31   84.8
11176  31   88.9
11177  31   88.9
11178  31   85.3
11179  31   76.9
11180  31   81.3
11181  31   86.6
11182  31   85.6
11183  31   86.4
11184  31   84.3
11185  31   85.4
11186  31   84.8
11187  31   86.6
11188  31   82.8
11189  30   85.0
11190  31   83.8
11191  31   86.2
11192  32   86.8
11193  31   82.2
11194  31   80.9
11195  31   83.8
11196  31   83.1
11197  30   86.0
11198  31   82.9
11199  31   84.8
11200  31   85.3
11201  32   86.1
11202  30   82.3
11203  31   84.2
11204  31   85.5
11205  32   86.3
11206  31   84.8
11207  32   83.2
11208  31   82.7
11209  31   82.1
11210  31   87.1
11211  32   86.8
11212  31   87.0
11213  31   86.3
11214  42   82.7
11215  43   81.0
11216  43   81.5
11217  31   82.0
11218  31   84.3
11219  31   84.7
11220  31   84.8
11221  31   86.3
11222  31   88.8
11223  30   85.3
11224  30   89.3
11225  30   86.4
11226  31   86.3
11227  31   85.1
11228  30   86.0
11229  31   86.7
11230  31   84.2
11231  31   84.9
11232  30   85.1
11233  32   77.8
11234  13   79.6
11235  14   76.2
11236  12   75.0
11237  13   74.8
11238  11   73.3
11239  11   75.1
11240  30   87.1
11241  31   87.1
11242  29   87.1
11243  31   88.6
11244  31   85.7
11245  31   85.4
11246  31   83.2
11247  31   82.0
11248  32   76.6
11249  31   87.1
11250  32   84.9
11251  31   86.7
11252  31   89.3
11253  30   88.4
11254  11   74.5
11255  10   75.9
11256  11   78.0
11257  13   81.5
11258  31   83.6
11259  31   86.8
11260  31   85.5
11261  30   88.0
11262  32   88.8
11263  32   85.4
11264  31   88.8
11265  31   86.9
11266  31   88.3
11267  31   83.5
11268  31   85.0
11269  31   84.8
11270  32   84.9
11271  31   87.3
11272  31   87.3
11273  31   87.8
11274  31   88.9
11275  31   87.7
11276  30   87.8
11277  32   84.5
11278  32   87.6
11279  32   87.4
11280  32   85.7
11281  32   84.9
11282  32   87.1
11283  31   84.1
11284  31   86.6
11285  31   86.4
11286  31   88.1
11287  32   84.0
11288  32   83.3
11289  31   85.7
11290  31   79.5
11291  31   85.4
11292  31   82.9
11293  32   84.2
11294  31   88.3
11295  31   84.7
11296  32   87.2
11297  32   82.7
11298  32   84.2
11299  32   82.4
11300  31   84.2
11301  32   83.5
11302  31   83.9
11303  32   84.9
11304  31   84.4
11305  31   83.8
11306  30   74.4
11307  31   80.6
11308  31   80.9
11309  32   82.7
11310  31   83.4
11311  32   81.3
11312  32   85.4
11313  32   82.3
11314  32   80.3
11315  31   81.8
11316  32   80.0
11317  31   83.1
11318  31   81.3
11319  31   86.6
11320  32   81.2
11321  32   85.3
11322  31   90.0
11323  31   85.2
11324  32   85.5
11325  32   85.8
11326  32   86.2
11327  32   87.6
11328  16   72.4
11329  15   75.3
11330  16   75.6
11331  17   79.8
11332  17   78.9
11333  17   79.7
11334  17   79.2
11335  16   76.5
11336  16   75.9
11337  32   82.7
11338  32   81.8
11339  32   82.3
11340  32   81.9
11341  30   83.1
11342  30   77.2
11343  32   78.0
11344  32   81.7
11345  31   82.9
11346  32   79.9
11347  32   77.6
11348  33   82.6
11349  33   79.0
11350  33   87.4
11351  33   83.4
11352  33   87.2
11353  33   85.4
11354  32   88.1
11355  32   83.8
11356  33   86.6
11357  32   89.7
11358  32   85.5
11359  33   82.4
11360  32   86.1
11361  33   85.1
11362  34   86.5
11363  33   82.1
11364  33   85.5
11365  32   85.9
12001  28   85.4
12002  33   79.1
12003  33   83.3
12004  33   81.3
12005  33   82.9
12006  33   83.5
12007  32   83.4
12008  33   81.0
12009  33   84.0
12010  32   87.5
12011  33   83.7
12012  32   83.9
12013  32   84.5
12014  31   88.2
12015  31   88.7
12016  32   84.4
12017  31   85.9
12018  32   85.3
12019  32   84.7
12020  32   84.3
12021  32   84.4
12022  32   85.5
12023  32   85.2
12024  32   86.6
12025  32   85.3
12026  31   83.2
12027  33   83.7
12028  33   84.8
12029  32   87.7
12030  32   88.2
12031  32   88.0
12032  33   91.8
12033  31   88.2
12034  32   88.1
12035  32   86.0
12036  32   86.6
12037  32   85.2
12038  32   87.1
12039  32   87.9
12040  32   88.8
12041  33   86.5
12042  32   88.1
12043  33   86.6
12044  32   87.8
12045  32   86.3
12046  32   86.2
12047  31   86.3
12048  32   87.2
12049  32   87.5
12050  32   84.4
12051  32   85.6
12052  32   87.4
12053  32   89.9
12054  32   80.9
12055  32   87.3
12056  31   85.2
12057  32   87.6
12058  32   87.6
12059  32   87.4
12060  32   83.1
12061  33   82.2
12062  33   84.7
12063  33   89.1
12064  33   89.1
12065  31   85.1
12066  32   81.9
12067  31   83.2
12068  31   85.8
12069  32   86.0
12070  31   82.9
12071  31   84.3
12072  30   88.0
12073  31   83.6
12074  31   80.8
12075  30   85.2
12076  31   87.0
12077  30   84.4
12078  30   86.1
12079  30   86.6
12080  31   87.0
12081  31   87.1
12082  31   83.9
12083  31   84.5
12084  31   85.4
12085  31   86.6
12086  31   87.4
12087  31   84.1
12088  31   87.8
12089  31   81.0
12090  31   85.5
12091  31   85.7
12092  31   84.9
12093  31   85.0
12094  32   82.6
12095  33   84.7
12096  32   82.7
12097  33   84.9
12098  32   84.0
12099  32   86.4
12100  31   86.5
12101  32   85.8
12102  32   86.5
12103  31   86.1
12104  30   86.2
12105  32   87.4
12106  28   86.6
12107  31   85.5
12108  30   84.9
12109  30   85.5
12110  13   82.1
12111  30   87.5
12112  30   85.5
12113  31   83.5
12114  31   81.7
12115  31   85.9
12116  31   87.2
12117  30   83.7
12118  28   88.0
12119  30   85.3
12120  31   82.3
12121  32   85.7
12122  32   84.1
12123  32   82.9
12124  32   82.8
12125  31   82.3
12126  31   85.7
12127  31   85.8
12128  31   87.6
12129  30   84.3
12130  30   86.0
12131  30   85.2
12132  30   81.6
12133  31   84.4
12134  31   83.9
12135  31   84.2
12136  31   84.5
12137  31   83.2
12138  31   87.2
12139  31   83.9
12140  31   84.4
12141  32   87.6
12142  31   81.8
12143  31   74.1
12144  29   75.4
12145  29   78.8
12146  28   81.7
12147  29   83.9
12148  29   85.1
12149  29   82.7
12150  28   77.9
12151  29   81.0
12152  29   78.2
12153  30   83.4
12154  30   83.4
12155  30   82.4
12156  30   80.3
12157  30   83.6
12158  30   81.7
12159  27   82.6
12160  28   84.1
12161  29   77.0
12162  30   81.8
12163  29   85.0
12164  28   82.8
12165  30   79.5
12166  30   82.9
12167  28   86.4
12168  29   84.2
12169  28   85.5
12170  29   84.1
12171  28   85.1
12172  28   85.6
12173  28   80.9
12174  29   80.6
12175  27   85.8
12176  28   83.5
12177  26   81.9
12178  30   82.1
12179  26   84.5
12180  28   83.1
12181  30   79.1
12182  29   76.1
12183  28   73.7
12184  28   78.7
12185  28   81.6
12186  28   80.3
12187  28   78.8
12188  30   82.7
12189  29   77.9
12190  28   82.7
12191  28   82.3
12192  28   82.3
12193  29   83.3
12194  29   86.3
12195  29   82.2
12196  30   79.2
12197  31   81.9
12198  30   86.2
12199  30   83.6
12200  30   79.1
12201  31   81.1
12202  30   82.0
12203  30   83.5
12204  31   83.0
12205  31   83.2
12206  30   85.1
12207  30   83.4
12208  31   81.2
12209  31   82.1
12210  30   82.7
12211  20   80.7
12212  20   79.7
12213  20   86.4
12214  19   79.4
12215  21   78.5
12216  21   79.7
12217  23   79.3
12218  30   82.8
12219  30   82.8
12220  30   83.2
12221  30   85.2
12222  30   86.6
12223  30   84.4
12224  30   87.4
12225  30   85.8
12226  29   82.7
12227  30   84.4
12228  30   80.3
12229  30   80.3
12230  30   81.0
12231  30   79.7
12232  30   82.7
12233  30   79.2
12234  31   80.1
12235  31   77.5
12236  31   80.0
12237  31   79.7
12238  31   81.6
12239  31   84.2
12240  30   83.6
12241  31   81.2
12242  31   88.0
12243  31   83.0
12244  31   86.3
12245  31   84.4
12246  31   86.5
12247  31   82.6
12248  31   80.5
12249  31   81.7
12250  45   83.2
12251  45   74.6
12252  47   79.4
12253  15   78.3
12254  34   76.8
12255  45   80.6
12256  45   82.3
12257  45   84.3
12258  45   83.1
12259  45   85.6
12260  45   85.4
12261  45   83.7
12262  45   83.7
12263  45   81.7
12264  45   84.7
12265  45   84.7
12266  45   82.3
12267  45   82.7
12268  45   82.5
12269  45   83.6
12270  45   80.7
12271  45   82.1
12272  45   82.1
12273  46   79.5
12274  46   78.1
12275  48   76.4
12276  46   79.9
12277  46   80.8
12278  46   80.5
12279  46   82.6
12280  46   82.9
12281  46   82.5
12282  45   76.0
12283  46   79.8
12284  46   82.1
12285  46   78.8
12286  45   81.8
12287  45   79.5
12288  46   83.1
12289  46   81.5
12290  46   80.1
12291  46   80.1
12292  46   70.4
12293  45   78.3
12294  44   81.4
12295  46   80.6
12296  45   78.1
12297  46   80.5
12298  46   81.4
12299  46   78.7
12300  46   82.3
12301  45   81.5
12302  45   79.5
12303  46   78.4
12304  46   81.6
12305  46   80.4
12306  46   79.5
12307  46   77.6
12308  46   81.5
12309  46   80.5
12310  46   79.1
12311  45   79.4
12312  45   75.8
12313  45   76.8
12314  46   82.3
12315  45   79.2
12316  46   78.5
12317  46   78.0
12318  46   78.3
12319  46   78.4
12320  46   80.2
12321  46   78.3
12322  46   79.0
12323  46   78.3
12324  46   78.8
12325  46   80.4
12326  46   81.8
12327  46   69.8
12328  46   79.1
12329  46   79.3
12330  46   80.4
12331  46   80.4
12332  46   80.0
12333  46   78.4
12334  46   76.6
12335  46   79.6
12336  46   79.9
12337  46   77.8
12338  46   76.8
12339  46   77.9
12340  46   80.5
12341  46   79.6
12342  46   83.4
12343  46   82.4
12344  45   80.9
12345  44   79.9
12346  44   83.1
12347  44   83.9
12348  44   79.3
12349  45   84.6
12350  45   80.5
12351  45   80.7
12352  45   76.7
12353  45   78.7
12354  46   83.8
12355  45   79.2
12356  44   82.5
12357  44   81.4
12358  44   80.4
12359  44   82.2
12360  44   81.8
12361  44   84.3
12362  44   78.4
12363  44   81.2
12364  44   79.7
12365  44   82.0
12366  44   81.8
13001  45   82.2
13002  46   82.6
13003  46   80.5
13004  46   79.5
13005  46   78.4
13006  46   79.2
13007  46   77.0
13008  46   81.0
13009  46   77.1
13010  45   75.5
13011  46   77.8
13012  46   80.5
13013  46   82.4
13014  46   79.0
13015  46   80.2
13016  46   81.9
13017  46   75.5
13018  46   80.4
13019  46   81.7
13020  46   82.0
13021  46   82.3
13022  46   82.7
13023  46   80.7
13024  46   79.1
13025  45   84.2
13026  45   83.7
13027  45   79.8
13028  45   77.5
13029  45   83.0
13030  45   80.1
13031  45   78.6
13032  45   82.1
13033  45   79.4
13034  45   81.5
13035  45   81.2
13036  45   78.2
13037  45   83.8
13038  45   82.8
13039  45   84.4
13040  46   82.2
13041  46   83.5
13042  46   78.6
13043  46   81.1
13044  46   83.6
13045  46   79.5
13046  46   80.4
13047  46   82.5
13048  46   83.4
13049  46   82.2
13050  46   81.7
13051  46   81.2
13052  48   70.2
13053  46   73.5
13054  46   81.8
13055  46   84.5
13056  46   80.9
13057  46   82.5
13058  46   79.9
13059  46   75.1
13060  46   76.3
13061  45   79.3
13062  45   80.8
13063  46   79.9
13064  46   85.2
13065  46   78.8
13066  46   80.0
13067  46   81.8
13068  46   80.8
13069  46   78.9
13070  46   79.3
13071  46   80.9
13072  46   77.9
13073  46   81.8
13074  45   81.9
13075  45   83.2
13076  45   82.4
13077  46   77.5
13078  46   81.5
13079  46   80.4
13080  46   70.4
13081  46   80.2
13082  46   80.7
13083  46   81.8
13084  46   79.7
13085  46   82.2
13086  46   82.4
13087  46   80.3
13088  46   78.7
13089  46   79.5
13090  46   77.9
13091  46   79.7
13092  46   79.9
13093  46   81.4
13094  45   80.9
13095  45   81.1
13096  45   82.0
13097  45   82.6
13098  45   80.8
13099  45   81.7
13100  45   67.1
13101  45   68.8
13102  45   79.9
13103  45   81.6
13104  45   82.3
13105  46   80.1
13106  46   80.6
13107  46   82.2
13108  46   79.7
13109  46   80.5
13110  45   84.5
13111  46   80.1
13112  46   82.1
13113  46   80.8
13114  46   81.9
13115  46   68.8
13116  46   82.1
13117  46   79.8
13118  46   78.9
13119  46   79.5
13120  46   72.5
13121  46   79.0
13122  45   81.7
13123  46   78.8
13124  46   82.2
13125  46   81.0
13126  46   79.5
13127  46   79.5
13128  46   76.6
13129  46   77.1
13130  46   81.6
13131  46   78.9
13132  46   78.4
13133  46   80.5
13134  46   80.1
13135  46   80.7
13136  46   77.7
13137  46   77.4
13138  46   79.4
13139  46   79.9
13140  46   79.9
13141  46   82.3
13142  46   81.8
13143  46   81.1
13144  46   82.1
13145  46   79.7
13146  46   80.2
13147  46   80.6
13148  46   80.1
13149  45   82.4
13150  45   77.8
13151  45   78.7
13152  45   79.3
13153  45   79.7
13154  45   80.5
13155  43   76.0
13156  45   76.4
13157  45   78.3
13158  45   78.6
13159  45   79.3
13160  45   77.2
13161  45   76.9
13162  45   79.3
13163  45   76.9
13164  44   72.4
13165  45   76.0
13166  45   75.8
13167  45   76.6
13168  45   75.6
13169  45   72.3
13170  45   73.9
13171  45   72.9
13172  45   77.6
13173  45   75.2
13174  45   72.5
13175  45   73.4
13176  45   80.2
13177  45   78.8
13178  45   77.7
13179  45   74.1
13180  45   76.1
13181  45   78.7
13182  45   78.5
13183  44   79.6
13184  45   75.8
13185  44   81.5
13186  45   78.0
13187  45   76.4
13188  45   75.7
13189  45   76.2
13190  45   78.1
13191  44   75.0
13192  45   77.4
13193  45   79.1
13194  45   77.0
13195  45   76.1
13196  45   76.1
13197  45   75.4
13198  45   75.0
13199  45   76.1
13200  45   75.3
13201  45   77.5
13202  45   76.3
13203  45   72.3
13204  45   73.1
13205  45   73.6
13206  45   72.5
13207  45   71.4
13208  45   71.4
13209  45   72.9
13210  45   72.7
13211  45   71.8
13212  45   74.8
13213  45   72.6
13214  45   72.1
13215  45   68.2
13216  45   71.5
13217  45   71.2
13218  45   67.6
13219  45   72.8
13220  45   77.6
13221  45   78.4
13222  45   77.2
13223  45   76.7
13224  45   77.0
13225  44   76.1
13226  45   77.5
13227  45   74.2
13228  45   76.7
13229  45   76.2
13230  45   75.6
13231  45   75.3
13232  44   78.2
13233  45   78.1
13234  45   76.1
13235  45   77.6
13236  45   77.5
13237  45   77.0
13238  45   77.2
13239  45   79.1
13240  45   76.4
13241  45   78.4
13242  45   77.2
13243  45   76.3
13244  45   78.6
13245  45   79.3
13246  45   77.2
13247  44   82.0
13248  45   78.7
13249  45   76.3
13250  45   76.7
13251  45   78.5
13252  45   77.6
13253  45   78.2
13254  45   78.5
13255  45   75.8
13256  45   79.1
13257  45   78.4
13258  45   75.4
13259  46   75.1
13260  46   78.4
13261  46   72.8
13262  46   71.7
13263  46   77.6
13264  46   80.4
13265  46   79.0
13266  46   78.7
13267  47   77.1
13268  46   77.6
13269  45   77.5
13270  45   75.7
13271  46   77.7
13272  46   78.2
13273  45   79.6
13274  46   77.5
13275  46   76.7
13276  46   77.0
13277  46   73.8
13278  46   78.9
13279  45   78.1
13280  46   75.3
13281  45   77.5
13282  45   77.9
13283  46   73.0
13284  46   79.0
13285  14   69.2
13286  15   67.2
13287  46   77.9
13288  46   80.5
13289  46   76.6
13290  46   78.1
13291  45   79.0
13292  45   76.8
13293  46   77.9
13294  45   77.6
13295  46   76.0
13296  45   79.6
13297  45   82.9
13298  45   73.8
13299  45   73.9
13300  46   73.2
13301  46   74.7
13302  45   74.1
13303  45   75.5
13304  46   76.4
13305  46   74.8
13306  46   74.2
13307  46   75.7
13308  46   74.9
13309  45   73.8
13310  45   76.4
13311  48   69.0
13312  46   76.1
13313  46   72.1
13314  46   75.6
13315  46   74.6
13316  46   73.0
13317  46   73.7
13318  46   68.5
13319  46   73.9
13320  46   71.4
13321  46   72.8
13322  45   74.9
13323  46   77.1
13324  46   76.2
13325  46   73.8
13326  45   77.2
13327  46   78.4
13328  46   74.1
13329  45   77.6
13330  46   78.3
13331  46   77.3
13332  46   75.9
13333  46   74.8
13334  46   73.5
13335  46   72.5
13336  46   80.0
13337  46   80.6
13338  46   78.0
13339  46   76.1
13340  46   69.4
13341  46   75.0
13342  46   75.1
13343  46   70.2
13344  46   73.6
13345  46   75.9
13346  46   69.0
13347  46   75.4
13348  46   74.2
13349  46   73.5
13350  46   74.6
13351  46   73.6
13352  46   74.4
13353  46   73.5
13354  46   73.4
13355  46   73.1
13356  46   72.6
13357  46   71.3
13358  46   74.1
13359  45   75.0
13360  46   72.7
13361  45   72.3
13362  46   71.2
13363  46   73.4
13364  46   77.9
13365  46   76.5
14001  46   75.3
14002  46   73.8
14003  46   71.0
14004  46   72.2
14005  46   80.0
14006  46   75.4
14007  46   76.7
14008  45   73.3
14009  46   76.7
14010  46   73.8
14011  46   78.6
14012  46   78.6
14013  46   76.8
14014  45   75.6
14015  46   71.6
14016  46   68.9
14017  45   69.0
14018  46   74.7
14019  42   78.3
14020  46   78.0
14021  46   72.2
14022  46   73.4
14023  46   77.3
14024  45   72.2
14025  46   76.5
14026  46   74.3
14027  46   72.1
14028  46   75.2
14029  46   77.2
14030  46   77.6
14031  46   73.9
14032  46   77.2
14033  46   76.5
14034  45   77.6
14035  46   78.6
14036  46   75.5
14037  46   74.2
14038  46   74.0
14039  46   74.4
14040  46   76.1
14041  46   78.1
14042  46   76.4
14043  46   75.6
14044  46   75.0
14045  46   77.0
14046  46   73.6
14047  46   74.9
14048  46   72.6
14049  46   79.7
14050  46   72.3
14051  46   72.2
14052  46   74.1
14053  46   75.7
14054  46   80.0
14055  45   80.4
14056  45   75.3
14057  45   71.1
14058  45   73.7
14059  45   73.5
14060  45   77.8
14061  46   75.7
14062  45   73.9
14063  46   75.1
14064  46   75.7
14065  46   78.7
14066  46   75.0
14067  46   73.3
14068  46   74.0
14069  46   75.1
14070  46   75.5
14071  46   75.9
14072  46   65.2
14073  46   76.8
14074  46   70.3
14075  46   73.6
14076  46   75.7
14077  46   74.3
14078  46   74.8
14079  46   78.2
14080  46   74.0
14081  46   76.0
14082  46   76.7
14083  46   77.5
14084  45   76.5
14085  45   76.8
14086  45   77.3
14087  45   77.4
14088  45   75.1
14089  46   79.1
14090  46   75.9
14091  46   82.3
14092  45   82.4
14093  45   73.1
14094  46   75.7
14095  46   76.4
14096  46   74.8
14097  46   76.1
14098  46   72.9
14099  46   74.8
14100  46   76.8
14101  45   77.1
14102  45   76.5
14103  45   74.9
14104  45   76.1
14105  45   76.1
14106  46   75.8
14107  45   76.4
14108  46   75.9
14109  46   77.0
14110  46   75.4
14111  46   77.6
14112  46   80.4
14113  46   73.0
14114  46   65.9
14115  45   75.3
14116  46   72.9
14117  46   78.8
14118  46   74.3
14119  46   75.5
14120  45   73.3
14121  45   75.2
14122  46   75.6
14123  46   77.0
14124  46   76.6
14125  46   74.7
14126  47   72.3
14127  45   76.0
14128  46   69.7
14129  46   74.3
14130  46   75.5
14131  46   75.9
14132  46   77.0
14133  46   77.6
14134  46   76.4
14135  46   76.9
14136  46   77.7
14137  46   77.7
14138  46   76.5
14139  46   75.4
14140  45   77.2
14141  44   72.4
14142  45   73.0
14143  45   74.0
14144  45   76.1
14145  45   74.3
14146  45   73.5
14147  45   74.2
14148  46   74.7
14149  46   76.0
14150  45   75.7
14151  46   74.1
14152  46   74.5
14153  46   75.4
14154  45   74.9
14155  46   73.7
14156  46   70.1
14157  46   73.2
14158  46   73.7
14159  46   70.5
14160  46   71.7
14161  46   68.4
14162  46   68.1
14163  46   67.6
14164  46   71.4
14165  46   73.3
14166  46   73.6
14167  46   76.0
14168  46   72.4
14169  43   76.4
14170  45   71.2
14171  45   70.2
14172  46   74.7
14173  46   72.7
14174  46   71.9
14175  46   72.4
14176  46   69.8
14177  46   74.1
14178  45   74.7
14179  46   72.5
14180  46   74.5
14181  45   73.2
14182  45   74.7
14183  44   69.0
14184  46   73.0
14185  46   73.5
14186  46   73.4
14187  46   71.1
14188  46   69.2
14189  46   75.3
14190  46   71.2
14191  45   74.0
14192  46   72.2
14193  46   70.7
14194  46   72.2
14195  46   72.5
14196  45   73.6
14197  44   74.1
14198  44   70.8
14199  44   72.1
14200  44   72.7
14201  45   72.0
14202  45   74.6
14203  45   66.3
14204  44   70.2
14205  46   69.3
14206  46   71.1
14207  46   75.0
14208  46   75.0
14209  46   71.0
14210  46   73.8
14211  45   74.9
14212  45   74.0
14213  45   72.8
14214  46   70.4
14215  46   70.8
14216  46   70.5
14217  46   67.8
14218  45   74.5
14219  45   73.0
14220  45   73.1
14221  45   72.4
14222  45   72.3
14223  45   70.9
14224  45   74.2
14225  45   72.7
14226  45   73.2
14227  45   73.4
14228  45   72.1
14229  45   75.7
14230  45   73.5
14231  45   73.3
14232  44   73.6
14233  45   75.4
14234  46   75.4
14235  46   71.0
14236  46   74.9
14237  46   75.4
14238  46   73.6
14239  46   71.2
14240  45   76.2
14241  46   73.2
14242  46   70.6
14243  46   73.6
14244  46   74.9
14245  46   71.5
14246  46   75.0
14247  45   75.6
14248  46   71.9
14249  45   72.5
14250  44   71.8
14251  44   75.8
14252  45   73.3
14253  46   75.4
14254  45   73.7
14255  45   75.6
14256  45   67.7
14257  45   73.7
14258  45   74.0
14259  45   73.7
14260  45   69.5
14261  46   67.6
14262  45   72.6
14263  46   68.9
14264  46   70.5
14265  46   70.7
14266  46   73.3
14267  46   71.2
14268  46   71.7
14269  46   73.9
14270  44   70.7
14271  46   73.8
14272  46   71.9
14273  46   69.9
14274  46   69.5
14275  46   71.9
14276  46   74.6
14277  46   74.1
14278  46   73.0
14279  46   72.5
14280  46   74.3
14281  46   72.8
14282  46   73.2
14283  45   72.7
14284  45   73.6
14285  44   73.8
14286  45   71.9
14287  45   71.5
14288  44   70.9
14289  45   63.8
14290  45   73.9
14291  45   75.2
14292  46   73.6
14293  45   70.8
14294  44   69.5
14295  44   73.2
14296  45   72.7
14297  45   74.4
14298  45   72.2
14299  45   72.9
14300  45   74.6
14301  45   69.3
14302  45   69.5
14303  44   70.4
14304  46   72.8
14305  46   73.4
14306  46   74.0
14307  46   70.8
14308  45   72.7
14309  46   69.0
14310  44   74.4
14311  45   69.3
14312  46   70.2
14313  46   70.7
14314  46   73.1
14315  45   73.6
14316  45   68.0
14317  46   71.8
14318  46   75.0
14319  46   70.8
14320  46   71.6
14321  46   72.1
14322  46   71.9
14323  46   72.4
14324  46   70.9
14325  45   72.9
14326  45   68.6
14327  45   69.4
14328  45   69.3
14329  45   66.0
14330  45   68.4
14331  45   68.9
14332  45   65.7
14333  45   71.4
14334  45   73.6
14335  44   67.3
14336  45   72.9
14337  45   70.3
14338  45   73.0
14339  45   70.5
14340  44   71.5
14341  45   70.2
14342  45   72.0
14343  45   73.7
14344  45   67.6
14345  45   61.9
14346  45   66.8
14347  46   66.8
14348  46   70.2
14349  45   63.8
14350  46   67.4
14351  46   69.3
14352  46   61.3
14353  45   68.5
14354  46   67.6
14355  46   69.9
14356  46   64.9
14357  46   69.2
14358  46   69.0
14359  46   71.0
14360  46   70.4
14361  46   70.9
14362  46   73.5
14363  46   74.1
14364  46   72.7
14365  45   71.1
15001  46   71.7
15002  46   69.7
15003  46   69.0
15004  46   70.4
15005  46   72.0
15006  46   73.0
15007  46   70.0
15008  46   69.7
15009  46   69.1
15010  46   68.2
15011  46   71.9
15012  46   71.0
15013  46   71.2
15014  46   70.4
15015  46   68.4
15016  46   70.8
15017  46   71.5
15018  46   69.0
15019  46   69.2
15020  46   72.0
15021  46   72.2
15022  46   65.7
15023  46   72.4
15024  46   72.6
15025  46   71.8
15026  46   71.9
15027  46   70.5
15028  46   70.4
15029  46   71.6
15030  46   70.2
15031  46   70.2
15032  46   72.5
15033  46   70.8
15034  45   68.3
15035  45   65.5
15036  46   71.7
15037  44   72.9
15038  45   72.1
15039  45   70.0
15040  45   70.8
15041  44   69.6
15042  44   73.1
15043  45   67.7
15044  44   73.1
15045  45   70.7
15046  45   69.5
15047  45   71.9
15048  45   69.9
15049  45   69.7
15050  45   73.0
15051  45   67.8
15052  45   67.1
15053  44   68.6
15054  44   67.2
15055  44   69.5
15056  45   69.5
15057  45   72.1
15058  45   72.9
15059  44   71.8
15060  45   69.5
15061  44   67.5
15062  44   70.1
15063  45   68.3
15064  45   59.3
15065  46   60.2
15066  45   69.9
15067  48   66.2
15068  45   68.3
15069  46   69.1
15070  45   69.1
15071  44   69.9
15072  45   72.4
15073  45   70.0
15074  45   71.2
15075  45   69.4
15076  46   64.0
15077  45   71.8
15078  46   72.3
15079  46   71.8
15080  46   71.1
15081  46   72.7
15082  46   69.3
15083  46   73.2
15084  46   71.6
15085  46   70.5
15086  46   71.6
15087  46   70.1
15088  46   68.6
15089  45   70.4
15090  45   68.8
15091  45   71.0
15092  45   70.1
15093  44   70.8
15094  44   72.3
15095  44   73.4
15096  44   74.2
15097  44   75.8
15098  44   75.0
15099  44   73.2
15100  44   70.3
15101  44   73.5
15102  44   71.5
15103  45   72.7
15104  45   70.9
15105  45   72.9
15106  45   70.8
15107  45   73.8
15108  45   74.6
15109  45   73.3
15110  45   73.4
15111  45   69.1
15112  45   73.1
15113  45   71.7
15114  45   72.6
15115  45   72.0
15116  45   70.9
15117  45   70.5
15118  45   65.6
15119  45   73.4
15120  45   67.0
15121  45   74.5
15122  45   72.9
15123  45   71.2
15124  45   70.2
15125  45   73.1
15126  45   70.5
15127  45   72.7
15128  45   74.5
15129  45   69.4
15130  45   69.6
15131  44   65.3
15132  45   67.5
15133  45   65.7
15134  45   67.9
15135  45   71.6
15136  45   68.8
15137  45   71.5
15138  45   67.0
15139  45   67.7
15140  45   68.4
15141  45   70.3
15142  45   70.8
15143  45   74.7
15144  45   71.8
15145  45   69.4
15146  45   71.8
15147  45   72.5
15148  45   70.3
15149  45   68.6
15150  45   71.2
15151  45   71.0
15152  45   70.7
15153  45   67.6
15154  45   68.9
15155  45   70.4
15156  45   70.7
15157  45   68.3
15158  45   67.8
15159  45   69.4
15160  45   70.3
15161  45   70.4
15162  45   69.9
15163  45   67.8
15164  45   66.9
15165  45   67.9
15166  45   70.1
15167  45   68.5
15168  45   67.3
15169  45   59.7
15170  45   71.1
15171  45   73.3
15172  45   70.2
15173  45   68.4
15174  45   67.5
15175  44   74.3
15176  44   65.8
15177  44   68.4
15178  44   68.0
15179  45   67.8
15180  45   70.4
15181  45   71.8
15182  45   71.9
15183  45   68.1
15184  45   67.2
15185  45   60.8
15186  45   61.6
15187  45   63.0
15188  45   60.9
15189  45   60.4
15190  45   67.9
15191  45   68.0
15192  45   66.3
15193  45   65.4
15194  45   69.4
15195  44   69.6
15196  45   66.7
15197  45   56.6
15198  45   62.9
15199  45   68.3
15200  45   69.0
15201  44   64.5
15202  44   67.4
15203  44   60.1
15204  44   57.8
15205  45   58.8
15206  45   66.3
15207  44   71.4
15208  44   67.4
15209  44   65.6
15210  44   67.5
15211  44   69.2
15212  44   70.2
15213  44   68.9
15214  44   72.2
15215  44   73.2
15216  45   70.0
15217  45   71.3
15218  44   67.2
15219  45   64.7
15220  45   65.6
15221  45   67.4
15222  45   66.3
15223  45   67.4
15224  12   51.9
15225  42   53.5
15226  43   70.9
15227  42   68.7
15228  42   73.0
15229  42   65.6
15230  43   70.3
15231  44   68.4
15232  45   68.2
15233  45   63.1
15234  45   68.3
15235  45   66.3
15236  45   63.6
15237  45   65.4
15238  45   71.7
15239  45   68.4
15240  45   69.2
15241  45   71.0
15242  44   68.5
15243  44   69.2
15244  45   68.8
15245  45   67.6
15246  45   69.4
15247  45   68.0
15248  45   70.0
15249  45   70.5
15250  45   70.3
15251  45   69.7
15252  45   68.9
15253  45   71.1
15254  44   70.3
15255  45   70.6
15256  45   71.8
15257  45   66.3
15258  44   72.6
15259  44   71.3
15260  45   67.3
15261  45   71.1
15262  44   69.3
15263  44   72.2
15264  45   70.9
15265  45   69.5
15266  45   71.2
15267  45   72.7
15268  45   69.4
15269  45   70.0
15270  45   64.2
15271  45   73.4
15272  45   71.5
15273  45   68.3
15274  45   70.8
15275  44   69.8
15276  42   70.4
15277  44   70.5
15278  43   68.1
15279  43   67.2
15280  45   68.2
15281  45   71.4
15282  45   72.8
15283  45   73.5
15284  45   70.0
15285  45   73.3
15286  45   69.6
15287  45   69.6
15288  45   72.2
15289  45   72.3
15290  46   68.7
15291  46   70.6
15292  45   71.4
15293  44   71.7
15294  46   72.6
15295  45   54.4
15296  44   67.9
15297  44   69.9
15298  44   69.6
15299  44   72.2
15300  44   70.5
15301  44   69.7
15302  44   70.7
15303  44   67.4
15304  44   71.6
15305  44   74.7
15306  44   74.4
15307  44   67.6
15308  45   67.0
15309  43   70.2
15310  44   69.8
15311  43   67.0
15312  43   67.3
15313  44   63.8
15314  44   66.9
15315  44   66.9
15316  44   68.8
15317  45   68.0
15318  45   66.1
15319  44   69.0
15320  45   65.0
15321  45   65.4
15322  46   68.1
15323  44   60.0
15324  45   70.7
15325  45   68.2
15326  45   69.3
15327  45   70.3
15328  45   70.3
15329  45   69.1
15330  45   71.6
15331  45   69.6
15332  45   68.8
15333  45   68.6
15334  45   68.7
15335  45   68.9
15336  45   69.8
15337  44   70.1
15338  45   70.4
15339  45   70.2
15340  45   72.5
15341  45   68.9
15342  45   69.0
15343  44   69.3
15344  44   70.2
15345  43   68.7
15346  44   70.5
15347  44   72.8
15348  40   70.3
15349  42   66.8
15350  43   65.5
15351  45   66.2
15352  45   70.9
15353  45   69.5
15354  45   70.4
15355  45   65.9
15356  44   66.4
15357  45   69.6
15358  45   66.2
15359  45   68.2
15360  45   67.1
15361  45   67.8
15362  45   68.0
15363  45   70.3
15364  45   64.8
15365  44   65.5
16001  45   62.0
16002  45   66.2
16003  45   69.1
16004  45   66.5
16005  45   64.9
16006  45   69.4
16007  45   68.6
16008  44   70.5
16009  45   66.0
16010  45   70.0
16011  45   57.1
16012  45   63.0
16013  45   65.7
16014  45   67.2
16015  45   65.7
16016  45   70.8
16017  45   66.6
16018  44   67.9
16019  45   69.8
16020  44   67.7
16021  45   64.8
16022  45   71.3
16023  45   70.6
16024  45   70.3
16025  45   69.5
16026  45   69.2
16027  45   68.5
16028  44   66.7
16029  44   67.9
16030  44   66.6
16031  44   70.4
16032  41   68.5
16033  41   67.7
16034  40   69.0
16035  41   70.2
16036  40   69.8
16037  41   71.0
16038  41   72.2
16039  41   68.4
16040  41   68.8
16041  41   72.0
16042  41   71.4
16043  41   68.7
16044  41   66.1
16045  41   69.3
16046  41   68.2
16047  41   70.0
16048  40   69.4
16049  40   68.7
16050  40   72.7
16051  40   69.6
16052  40   71.7
16053  40   71.2
16054  40   61.2
16055  40   67.8
16056  39   66.3
16057  39   69.7
16058  40   72.7
16059  40   71.2
16060  40   70.9
16061  39   71.6
16062  40   69.6
16063  41   63.8
16064  41   70.4
16065  41   69.7
16066  41   69.0
16067  41   73.1
16068  41   73.0
16069  41   74.2
16070  41   69.9
16071  41   72.0
16072  41   71.1
16073  41   72.2
16074  41   70.2
16075  42   68.5
16076  42   71.2
16077  42   70.7
16078  42   66.4
16079  42   71.3
16080  42   70.4
16081  42   71.4
16082  42   73.9
16083  42   72.3
16084  41   71.5
16085  41   72.4
16086  42   72.7
16087  42   71.2
16088  42   69.7
16089  42   68.7
16090  42   72.1
16091  42   70.4
16092  42   73.4
16093  42   69.8
16094  42   69.9
16095  41   70.9
16096  41   69.8
16097  42   66.9
16098  42   70.2
16099  42   71.3
16100  42   70.5
16101  42   73.4
16102  42   70.7
16103  42   68.2
16104  42   68.7
16105  42   72.3
16106  42   71.7
16107  42   71.0
16108  41   72.5
16109  42   74.1
16110  42   73.3
16111  42   73.3
16112  42   63.2
16113  42   57.9
16114  41   72.6
16115  42   72.3
16116  42   72.2
16117  42   72.9
16118  42   72.5
16119  42   70.3
16120  42   70.1
16121  42   72.5
16122  42   70.8
16123  42   72.0
16124  42   69.7
16125  42   69.7
16126  42   69.3
16127  42   72.4
16128  42   73.5
16129  42   69.0
16130  42   71.4
16131  41   68.8
16132  41   67.7
16133  41   70.1
16134  41   68.3
16135  41   69.7
16136  41   71.3
16137  41   72.4
16138  41   70.4
16139  41   72.7
16140  40   73.4
16141  40   72.2
16142  40   72.5
16143  40   70.9
16144  40   67.7
16145  40   74.1
16146  40   70.9
16147  40   69.5
16148  40   65.4
16149  41   68.7
16150  41   62.5
16151  41   69.8
16152  41   67.6
16153  40   69.1
16154  39   72.1
16155  40   71.8
16156  41   68.3
16157  41   70.7
16158  41   63.0
16159  41   68.2
16160  41   67.5
16161  41   69.4
16162  41   71.6
16163  41   70.5
16164  37   72.8
16165  37   73.2
16166  36   62.5
16167  37   73.7
16168  37   72.6
16169  37   71.0
16170  37   73.5
16171  37   72.7
16172  37   70.8
16173  37   73.5
16174  37   73.9
16175  37   73.0
16176  37   67.8
16177  37   66.9
16178  37   70.9
16179  37   64.1
16180  37   71.2
16181  37   72.2
16182  37   70.1
16183  37   69.7
16184  37   66.2
16185  37   71.1
16186  37   73.4
16187  37   70.6
16188  37   70.5
16189  37   71.6
16190  35   70.6
16191  37   71.3
16192  37   70.9
16193  37   67.8
16194  37   72.0
16195  37   71.2
16196  37   67.6
16197  37   73.8
16198  37   71.0
16199  37   69.8
16200  37   71.3
16201  37   72.4
16202  36   73.5
16203  37   51.6
16204  36   63.9
16205  37   70.9
16206  37   71.1
16207  37   70.5
16208  31   73.4
16209  37   68.5
16210  37   71.9
16211  31   71.6
16212  37   66.6
16213  37   70.6
16214  37   71.7
16215  37   71.9
16216  37   70.2
16217  37   67.4
16218  37   69.1
16219  37   66.7
16220  37   71.0
16221  38   71.3
16222  37   69.0
16223  37   73.2
16224  37   74.4
16225  37   67.9
16226  37   71.9
16227  37   70.1
16228  37   71.2
16229  36   70.5
16230  37   68.0
16231  37   69.4
16232  37   70.6
16233  37   69.3
16234  37   71.5
16235  37   70.8
16236  37   71.5
16237  37   78.5
16238  37   75.5
16239  37   72.2
16240  37   70.1
16241  37   68.5
16242  37   69.2
16243  37   73.3
16244  37   72.1
16245  37   70.4
16246  36   72.3
16247  37   68.8
16248  37   70.6
16249  37   68.6
16250  37   72.9
16251  37   73.1
16252  37   74.1
16253  37   72.9
16254  37   70.9
16255  37   69.2
16256  37   72.5
16257  37   69.6
16258  37   72.1
16259  30   65.5
16260  37   69.8
16261  37   74.3
16262  37   72.6
16263  37   74.2
16264  37   74.4
16265  37   72.4
16266  23   69.4
16267  37   72.9
16268  37   74.6
16269  37   74.7
16270  37   73.5
16271  37   72.2
16272  37   74.7
16273  37   73.9
16274  37   72.0
16275  37   73.4
16276  37   74.5
16277  37   73.8
16278  37   77.6
16279  37   74.3
16280  37   77.2
16281  37   73.5
16282  37   71.9
16283  36   78.3
16284  37   76.4
16285  37   72.4
16286  37   74.9
16287  37   65.7
16288  37   74.1
16289  37   72.5
16290  37   74.0
16291  37   76.0
16292  37   76.1
16293  37   69.2
16294  37   74.0
16295  36   71.5
16296  37   75.5
16297  37   74.3
16298  37   58.3
16299  37   72.4
16300  37   72.8
16301  37   70.8
16302  37   71.6
16303  37   72.4
16304   9   73.1
16305   9   72.4
