04015  43   94.9
04016  43   95.6
04017  36   94.7
04018  41   95.0
04019  42   95.4
04020  43   92.8
04021  45   94.6
04022  43   94.4
04023  41   95.6
04024  42   95.4
04025  41   96.9
04026  43   95.1
04027  46   92.5
04028  45   95.5
04029  45   96.2
04030  45   96.8
04031  46   96.4
04032  40   94.5
04033  45   95.1
04034  45   95.7
04035  48   94.1
04036  47   93.6
04037  48   93.5
04038  47   96.8
04039  46   96.1
04040  48   93.8
04041  45   95.7
04042  45   94.8
04043  46   95.0
04045  44   93.2
04046  44   97.4
04047  45   94.9
04048  47   96.8
04049  44   95.4
04050  45   96.0
04051  46   95.7
04052  45   95.5
04053  44   94.5
04054  44   96.2
04055  48   94.8
04056  48   94.3
04057  47   94.8
04058  44   95.4
04060  45   97.2
04061  44   96.0
04062  47   97.8
04063  45   97.7
04064  47   97.4
04065  49   96.2
04066  48   96.6
04067  45   96.4
04068  48   96.9
04069  47   96.5
04071  49   96.1
04072  45   95.6
04073  43   95.4
04074  42   95.4
04075  48   95.6
04076  48   95.3
04077  48   93.3
04079  48   94.7
04080  46   94.7
04081  44   97.0
04082  49   94.4
04083  48   95.8
04084  50   95.4
04085  51   96.9
04086  49   95.8
04087  44   96.0
04088  44   96.7
04089  46   95.7
04090  44   96.9
04091  45   96.6
04092  45   96.0
04093  45   97.5
04094  46   93.9
04095  44   97.1
04096  45   91.6
04097  47   95.4
04098  47   96.7
04099  48   96.7
04100  47   96.0
04101  46   96.5
04102  45   96.8
04103  46   97.0
04104  45   96.1
04105  44   97.0
04106  47   96.9
04107  47   96.5
04108  45   97.1
04109  44   97.2
04110  48   96.4
04111  44   95.8
04112  48   96.5
04113  45   96.9
04119  46   96.7
04120  49   97.5
04121  45   96.3
04122  43   95.7
04123  44   97.1
04124  46   96.5
04125  48   96.0
04126  47   97.3
04127  46   97.2
04128  47   96.9
04129  47   97.3
04130  42   98.2
04131  44   96.6
04132  45   96.0
04133  46   96.5
04134  45   96.6
04135  46   96.3
04136  45   96.9
04137  44   96.4
04138  45   96.5
04139  45   97.1
04140  46   96.8
04141  46   97.7
04142  44   96.2
04144  42   94.9
04145  47   96.2
04146  44   95.2
04147  43   95.1
04148  42   94.6
04149  43   96.0
04150  44   96.1
04151  42   96.1
04152  42   94.9
04153  44   95.5
04154  43   96.2
04155  42   97.0
04156  44   97.4
04157  45   96.2
04158  41   96.4
04159  40   97.0
04160  47   96.5
04161  45   95.9
04162  46   96.0
04163  45   95.9
04164  46   96.2
04165  42   95.9
04166  45   95.2
04167  47   93.9
04168  48   96.4
04169  49   96.1
04170  49   96.3
04171  47   97.2
04172  47   96.8
04173  46   96.5
04174  46   95.5
04175  44   94.3
04176  49   92.2
04177  29   93.8
04178  29   93.8
04179  28   95.5
04180  28   94.9
04181  29   94.8
04182  28   96.1
04183  29   95.7
04184  29   95.7
04185  28   97.1
04186  29   96.6
04187  28   96.4
04188  27   97.6
04189  29   96.9
04190  29   95.3
04191  29   96.5
04192  29   95.9
04193  28   95.8
04194  27   96.2
04195  29   96.8
04196  29   96.7
04197  27   96.6
04198  29   96.1
04199  29   96.5
04200  29   96.5
04201  26   96.3
04203  29   95.9
04204  29   95.1
04205  29   95.9
04206  28   95.0
04207  27   95.8
04208  28   97.2
04209  28   97.1
04210  29   97.5
04211  28   98.5
04212  29   96.9
04215  29   97.6
04216  29   96.8
04217  29   95.4
04218  28   96.8
04219  28   97.2
04220  10   94.5
04221  10   94.8
04222  28   97.4
04223  28   97.1
04224  29   97.3
04225  28   96.3
04226  29   97.7
04227  29   97.4
04228  28   97.7
04229  28   97.0
04230  29   96.5
04231  29   97.5
04232  29   96.1
04233  28   95.3
04234  28   96.5
04235  29   96.9
04236  29   96.2
04237  29   97.3
04238  29   96.3
04239  29   96.3
04240  29   96.6
04241  28   97.7
04242  29   94.3
04243  29   96.8
04244  28   98.0
04245  29   97.8
04246  29   97.1
04247  29   98.0
04250  29   96.9
04251  28   97.8
04252  28   98.7
04253  29   97.6
04254  29   96.9
04255  28   96.0
04256  29   96.6
04257  28   96.6
04258  28   96.9
04259  28   95.3
04260  29   96.4
04261  28   97.3
04262  28   97.3
04263  29   96.7
04264  28   98.1
04265  29   96.3
04266  29   96.3
04267  29   96.0
04268  28   97.1
04269  28   96.7
04270  29   96.8
04271  29   97.5
04272  28   97.0
04273  29   97.4
04274  29   97.3
04275  29   96.9
04276  28   97.4
04277  27   96.9
04278  28   98.0
04279  29   97.5
04280  28   98.3
04281  29   97.0
04282  29   96.8
04283  29   95.7
04284  28   96.3
04285  29   94.6
04286  28   96.1
04287  29   94.7
04288  29   94.9
04289  29   96.6
04290  29   98.6
04291  29   98.3
04292  28   96.9
04293  28   96.8
04294  29   95.5
04295  29   95.4
04296  28   96.5
04297  29   95.3
04298  27   92.4
04300  28   93.5
04301  29   94.4
04302  28   94.6
04303  28   93.9
04304  29   95.5
04305  29   94.3
04306  28   96.3
04307  29   96.4
04308  29   96.7
04309  28   94.4
04310  29   95.1
04311  29   96.7
04312  28   94.6
04313  27   97.1
04314  28   94.8
04315  29   96.0
04316  29   97.7
04317  28   97.1
04318  28   97.1
04319  29   96.1
04320  29   95.4
04321  29   96.0
04328  28   96.3
04329  28   95.4
04330  29   94.1
04331  28   96.3
04332  28   96.5
04333  29   97.7
04334  28   97.5
04335  29   96.6
04336  29   92.7
04337  28   96.7
04338  28   96.6
04339  29   96.7
04340  29   97.3
04341  27   95.4
04342  28   94.6
04343  29   92.0
04344  29   93.0
04345  28   95.0
04346  27   96.1
04347  27   94.5
04348  28   93.9
04349  29   93.8
04350  29   96.3
04351  29   95.7
04352  29   94.9
04353  29   92.8
04354  29   96.2
04355  28   95.8
04356  28   95.8
04357  28   97.3
04358  28   96.8
04359  29   91.9
04360  29   91.6
04361  28   93.2
04362  28   96.9
04363  27   95.2
04364  29   92.7
04365  29   93.6
04366  28   92.3
05001  29   94.6
05002  29   96.4
05003  28   97.1
05004  29   97.0
05005  29   95.2
05006  29   95.9
05007  29   95.9
05008  28   97.3
05009  28   97.5
05010  27   95.9
05011  28   96.9
05012  27   94.4
05013  29   92.9
05014  29   96.1
05015  28   95.8
05016  29   96.4
05017  28   93.0
05018  29   95.4
05019  29   97.0
05020  28   95.2
05021  29   92.0
05022  27   98.0
05023  28   96.5
05024  28   95.6
05025  28   92.9
05026  29   96.6
05027  29   95.6
05028  29   95.0
05029  29   95.2
05030  29   96.2
05031  29   97.2
05032  29   97.2
05033  28   96.6
05034  27   96.3
05035  27   98.2
05036  29   97.6
05037  28   96.0
05038  29   95.8
05039  28   97.6
05040  28   96.4
05041  29   95.4
05042  29   95.5
05043  28   95.5
05044  28   96.6
05045  28   96.3
05046  29   95.7
05047  29   96.8
05048  29   96.5
05049  29   95.4
05050  29   95.1
05051  29   96.6
05052  28   97.5
05053  29   97.5
05054  28   98.7
05055  28   97.3
05056  29   96.5
05057  28   97.8
05058  29   97.8
05059  29   97.8
05060  29   96.6
05061  27   98.3
05062  28   97.8
05063  29   98.0
05064  29   94.7
05065  28   98.5
05066  29   97.6
05067  28   97.4
05068  28   97.4
05069  28   98.5
05070  29   96.7
05071  29   97.3
05072  28   97.8
05073  29   97.0
05074  28   97.4
05075  29   96.3
05076  29   96.2
05077  27   96.4
05078  29   96.9
05079  29   98.0
05080  29   96.5
05081  28   97.1
05082  28   96.9
05083  28   95.2
05084  29   97.9
05085  29   98.2
05086  27   98.8
05087  29   97.7
05088  28   99.1
05089  29   96.8
05090  28   95.8
05091  28   97.1
05092  28   98.4
05093  27   97.7
05094  29   97.0
05095  28   98.2
05096  27   97.5
05097  29   95.9
05098  28   98.5
05099  29   97.7
05100  29   96.7
05101  29   97.6
05102  29   94.7
05103  28   95.6
05104   8   92.5
05105  29   96.8
05106  28   98.3
05107  27   98.5
05108  28   97.4
05109  29   98.1
05110  28   98.7
05111  28   97.7
05112  29   98.5
05113  29   98.6
05114  29   98.6
05115  29   98.7
05117  29   97.4
05118  29   97.7
05120  29   97.6
05121  29   97.4
05122  29   97.5
05123  29   96.8
05124  29   97.2
05125   9   94.4
05126  28   95.6
05128  24   97.1
05129  27   98.9
05130  25   98.2
05131  28   97.9
05132  28   98.4
05133  28   98.3
05134  29   97.5
05135  29   96.3
05136  29   97.3
05137  28   98.6
05138  23   97.1
05139  28   97.6
05140  28   95.7
05141  28   97.4
05142  27   97.6
05143  27   96.8
05144  28   98.8
05145  29   97.8
05146  29   97.9
05147  29   95.4
05148  29   96.5
05149  29   96.6
05150  30   91.8
05151  28   97.4
05152  28   96.6
05153  28   97.3
05154  27   97.7
05155  28   97.1
05156  28   97.6
05157  27   97.5
05158  27   97.5
05159  27   97.3
05160  27   96.9
05161  27   96.6
05162  27   96.5
05163  27   93.2
05164  27   95.3
05165  27   97.1
05166  27   96.5
05167  27   97.2
05168  27   97.9
05169  27   97.6
05170  27   97.6
05171  27   98.0
05172  27   97.8
05173  27   96.8
05174  27   95.9
05175  27   97.3
05176  26   96.8
05177  24   97.9
05178  27   98.4
05179  27   96.4
05180  27   94.5
05181  27   97.0
05182  27   95.3
05183  27   97.4
05184  27   97.7
05185  27   95.5
05186  27   96.7
05187  27   95.3
05188  27   96.5
05189  27   92.8
05190  27   96.4
05191  26   95.9
05192  27   97.1
05193  27   97.7
05194  27   96.4
05195  27   97.0
05196  27   96.8
05197  27   96.1
05198  24   97.0
05199  25   96.8
05200  27   97.6
05201  27   98.4
05202  27   97.5
05203  27   97.2
05204  27   97.7
05205  27   97.8
05206  28   96.5
05207  27   97.2
05208  28   97.8
05209  28   97.6
05210  28   95.3
05212  28   96.5
05213  27   97.6
05214  28   97.8
05215  27   95.6
05216  29   96.5
05217  29   97.5
05218  29   97.7
05219  26   98.1
05220  30   98.5
05221  30   96.3
05222  30   98.0
05223  30   97.1
05224  30   97.6
05225  29   98.0
05226  29   97.5
05227  28   97.9
05228  28   98.1
05229  12   97.3
05230  28   98.2
05231  27   97.8
05232  26   97.5
05233  25   97.4
05234  28   98.3
05235  29   97.7
05236  29   96.6
05237  29   97.2
05238  29   98.1
05239  29   96.4
05240  29   98.4
05241  29   97.7
05242  29   96.2
05243  28   95.0
05244  29   98.1
05245  29   96.2
05246  28   97.6
05247  28   97.0
05248  28   98.6
05249  28   98.7
05250  28   98.9
05251  29   97.4
05252  29   96.4
05253  29   98.1
05254  27   97.4
05255  29   97.6
05256  29   98.3
05257  29   97.6
05258  29   97.5
05259  30   97.3
05260  29   98.0
05261  28   99.0
05262  29   98.4
05263  29   97.5
05264  28   97.4
05265  29   98.0
05266  27   97.9
05267  27   98.0
05268  29   98.0
05272  28   97.7
05273  28   98.4
05274  30   98.6
05275  29   98.1
05276  29   97.7
05277  29   96.4
05278  30   97.6
05279  29   97.6
05280  29   98.1
05281  29   96.5
05282  29   97.2
05283  26   98.1
05284  27   97.0
05285  30   96.7
05286  28   97.9
05287  29   98.4
05288  29   98.1
05289  29   97.9
05290  29   96.0
05291  28   96.1
05292  29   95.9
05293  29   97.2
05294  29   96.4
05295  30   96.3
05296  28   97.5
05297  29   97.3
05298  28   95.9
05299  29   97.6
05300  28   98.2
05301  26   98.4
05302  27   97.7
05303  27   97.4
05304  28   97.3
05305  28   97.4
05306  29   97.0
05307  30   96.8
05308  29   98.0
05309  28   97.4
05310  27   97.1
05311  29   96.7
05312  28   98.1
05313  30   96.1
05314  29   97.8
05315  28   98.4
05316  29   96.3
05317  28   95.7
05318  28   97.5
05319  28   97.9
05320  28   98.1
05321  28   97.6
05322  28   97.0
05323  28   97.8
05324  28   98.1
05325  28   97.9
05326  30   98.7
05327  28   96.8
05328  28   96.5
05329  28   97.4
05330  29   97.4
05331  29   98.1
05332  31   97.1
05333  30   97.9
05334  31   96.2
05335  31   95.5
05336  30   95.3
05337  30   95.2
05338  30   96.6
05339  30   97.1
05340  29   97.3
05341  28   97.4
05342  28   97.5
05343  28   95.8
05344  28   93.7
05345  27   96.9
05346  26   96.7
05347  26   95.0
05348  31   97.4
05349  28   96.2
05350  27   95.2
05351  26   95.4
05352  27   94.4
05353  27   94.1
05355  30   95.0
05356  30   95.8
05357  26   97.1
05358  25   96.3
05359  26   95.6
05360  25   95.6
05361  25   95.5
05362  25   96.3
05363  25   95.1
05364  25   95.1
05365  25   94.2
06001  28   92.7
06002  28   94.4
06003  28   96.3
06004  28   95.6
06005  28   96.4
06006  31   93.2
06007  14   94.4
06008  12   92.0
06009  30   96.1
06010  28   95.6
06011  28   96.4
06012  28   95.7
06013  28   96.6
06014  28   95.8
06015  28   95.6
06016  28   93.2
06017  29   93.9
06018  28   94.9
06019  28   93.7
06020  14   93.5
06021  30   96.4
06022  30   96.6
06023  30   96.7
06024  30   96.5
06025  30   95.2
06026  30   95.5
06027  30   95.8
06028  30   95.2
06029  28   95.8
06030  28   96.5
06031  27   97.1
06032  30   95.9
06033  30   96.2
06034  18   96.4
06035  29   96.3
06036  30   95.6
06037  30   93.4
06038  29   95.9
06039  28   95.6
06040  29   96.4
06041  28   96.5
06042  29   96.6
06043  29   96.3
06044  28   96.4
06045  29   97.5
06046  29   95.5
06047  29   93.3
06048  29   94.2
06049  29   95.3
06050  28   94.0
06051  29   94.9
06052  30   94.4
06053  30   95.0
06054  30   96.1
06055  30   97.0
06056  30   96.8
06057  30   96.2
06058  29   96.2
06059  29   95.6
06060  29   96.0
06061  28   96.0
06062  29   96.6
06063  28   96.0
06064  25   96.6
06065  25   94.4
06066  28   96.3
06067  29   96.6
06068  29   95.5
06069  29   96.7
06070  27   97.0
06071  26   96.9
06072  27   96.4
06073  31   95.8
06074  30   96.1
06075  28   95.8
06076  28   96.6
06077  28   96.8
06078  28   97.0
06079  29   96.4
06080  28   96.8
06081  28   95.7
06082  28   97.1
06083  28   96.3
06084  28   96.4
06085  28   96.4
06086  27   95.9
06087  28   96.7
06088  29   96.6
06089  29   96.7
06090  29   96.7
06091  29   96.6
06092  28   96.7
06093  28   96.6
06094  30   97.0
06095  29   97.0
06096  29   95.6
06097  29   95.2
06098  29   96.5
06099  26   96.5
06100  26   94.7
06101  29   96.0
06102  28   96.1
06103  29   96.6
06104  29   95.1
06105  29   96.0
06106  28   97.0
06107  28   96.3
06108  29   96.7
06109  29   97.3
06110  29   96.5
06111  31   96.2
06112  28   96.7
06113  28   96.4
06114  28   96.2
06115  28   96.6
06116  28   96.6
06117  28   96.3
06118  28   96.0
06119  29   96.8
06120  25   95.8
06121  25   96.4
06122  27   96.0
06123  29   96.8
06124  28   96.4
06125  28   93.8
06126  26   94.8
06127  26   96.5
06128  28   96.8
06129  29   95.8
06130  29   96.3
06131  29   95.9
06132  29   96.1
06133  29   96.6
06134  29   97.0
06135  29   96.3
06136  30   94.6
06137  29   95.8
06139  28   96.1
06140  28   95.9
06141  28   96.9
06142  28   95.4
06143  28   95.6
06144  28   95.2
06145  28   95.4
06146  28   95.0
06147  28   96.2
06148  28   96.1
06149  30   96.3
06150  28   95.3
06151  29   95.6
06152  31   94.6
06153  28   96.7
06154  28   94.9
06155  28   95.2
06156  28   95.3
06157  27   94.0
06158  28   95.3
06159  28   96.6
06160  28   96.0
06161  26   96.5
06162  25   96.4
06163  28   93.1
06164  28   94.3
06165  28   95.5
06166  28   95.2
06167  28   96.2
06168  28   95.9
06169  28   95.6
06170  28   94.6
06171  28   95.1
06172  28   94.9
06173  27   94.8
06174  27   96.0
06175  28   94.6
06176  28   94.6
06177  28   96.0
06178  27   93.3
06179  29   93.8
06180  29   95.1
06181  29   96.5
06182  30   95.3
06183  28   95.9
06184  28   92.9
06185  30   94.7
06186  30   95.5
06187  30   93.6
06188  29   96.3
06189  29   95.5
06190  29   93.5
06191  31   92.2
06192  30   94.5
06193  29   94.7
06194  30   94.5
06195  30   95.4
06196  30   96.4
06197  30   96.6
06198  29   95.3
06200  29   96.9
06201  29   95.7
06202  29   96.1
06203  29   95.4
06204  29   96.1
06205  28   96.7
06206  29   96.0
06207  30   95.2
06208  29   95.6
06209  28   93.7
06210  28   95.3
06211  27   94.6
06212  28   95.7
06213  29   96.9
06214  28   96.3
06215  28   96.2
06216  28   97.3
06217  28   96.5
06218  31   95.8
06219  28   95.5
06220  28   95.6
06221  29   96.5
06222  28   96.7
06223  28   95.9
06225  28   95.7
06226  28   96.1
06227  28   95.5
06228  28   96.0
06229  28   95.2
06230  28   95.2
06231  28   96.0
06232  28   96.0
06233  28   96.2
06234  28   97.3
06235  28   96.0
06236  28   96.2
06237  28   95.4
06238  26   95.8
06239  26   96.0
06240  27   95.5
06241  27   95.7
06242  27   96.0
06243  27   95.6
06244  27   96.5
06245  28   95.9
06246  27   95.7
06247  28   93.7
06248  28   93.8
06249  27   94.7
06250  28   95.5
06251  27   95.7
06252  28   96.4
06253  26   96.0
06254  28   95.5
06255  28   95.6
06256  28   94.0
06257  25   93.2
06258  27   93.3
06259  25   95.2
06260  26   91.6
06261  26   91.7
06262  24   91.0
06263  26   92.1
06264  26   95.6
06265  25   94.6
06266  26   95.1
06267  26   89.7
06268  26   93.8
06269  26   94.8
06270  28   95.2
06271  26   94.1
06272  27   91.3
06273  25   94.9
06274  26   90.8
06275  27   92.5
06276  25   95.1
06277  26   95.1
06278  26   95.5
06279  25   95.1
06280  27   95.8
06281  27   93.6
06282  25   94.9
06283  25   94.1
06284  27   93.9
06285  26   95.1
06286  26   92.7
06287  26   93.5
06288  26   93.0
06289  26   92.3
06290  26   93.6
06291  26   93.0
06292  26   93.6
06293  26   94.1
06294  27   92.6
06295  26   93.9
06296  26   92.8
06297  26   91.3
06298  26   89.0
06299  27   91.8
06300  26   94.3
06301  26   93.3
06302  27   93.5
06303  27   93.1
06304  27   92.9
06305  27   94.4
06306  27   93.1
06307  27   92.7
06308  26   94.0
06309  25   93.9
06310  26   89.5
06311  25   93.2
06312  26   92.5
06313  27   90.8
06314  27   90.3
06315  27   92.2
06316  26   88.6
06317  27   89.8
06318  28   91.6
06319  29   87.6
06320  28   88.9
06321  28   89.0
06322  28   93.1
06323  27   93.6
06324  27   89.6
06325  27   92.4
06326  27   91.5
06327  27   88.7
06328  27   89.2
06329  26   90.0
06330  26   91.3
06331  27   91.0
06332  27   92.2
06333  27   91.5
06334  28   87.3
06335  28   90.3
06336  27   92.9
06337  27   92.0
06338  28   91.5
06339  27   91.5
06340  27   90.0
06341  28   90.7
06342  28   91.7
06343  28   91.6
06344  27   92.7
06345  28   92.9
06346  28   89.9
06347  28   92.8
06348  27   91.9
06349  28   90.2
06350   9   91.4
06351   9   90.1
06352  28   90.5
06353  28   92.2
06354  28   90.4
06355  28   91.3
06356  28   93.2
06357  27   90.8
06358  27   91.2
06359  26   92.4
06360  27   91.4
06361  27   91.6
06362  27   92.1
06363  27   92.7
06364  27   93.2
06365  27   93.1
07001  27   92.3
07002  27   91.7
07003  28   90.9
07004  28   89.8
07005  27   90.5
07006  27   92.3
07007  27   92.7
07008  27   92.1
07009  27   91.5
07010  27   90.9
07011  26   90.4
07012  27   88.7
07013  26   91.3
07014  26   89.5
07015  27   91.3
07016  27   90.6
07017  27   91.9
07018  26   90.6
07019  27   90.7
07020  26   91.7
07021  26   91.0
07022  27   91.1
07023  27   92.5
07024  27   93.2
07025  27   92.4
07026  27   91.0
07027  27   93.2
07028  27   93.0
07029  27   91.3
07030  27   89.6
07031  27   92.7
07032  27   92.6
07033  27   90.9
07034  28   93.0
07035  28   92.5
07036  28   93.3
07037  28   93.8
07038  29   93.8
07039  27   91.7
07040  28   91.7
07041  28   92.9
07042  28   91.3
07043  28   86.2
07044  27   90.1
07045  28   90.2
07046  28   92.4
07047  28   92.1
07048  29   92.6
07049  28   92.6
07050  29   90.9
07051  28   86.7
07052  29   88.5
07053  29   91.7
07054  29   91.5
07055  28   91.6
07056  26   92.8
07057  29   91.8
07058  29   92.3
07059  27   91.3
07060  28   90.9
07061  28   92.6
07062  28   93.0
07063  28   92.5
07064  27   90.7
07065  28   91.3
07066  29   90.0
07067  30   89.5
07068  29   90.2
07069  28   90.6
07070  29   90.7
07071  30   88.9
07072  28   90.1
07073  28   91.0
07074  29   86.5
07075  30   88.7
07076  29   92.5
07077  29   92.6
07078  29   93.0
07079  28   92.6
07080  28   91.0
07081  29   90.7
07082  29   92.5
07083  29   92.3
07084  29   92.2
07085  29   92.2
07086  29   92.3
07087  29   91.9
07088  29   93.4
07089  30   93.0
07090  30   93.3
07091  29   92.2
07092  29   91.3
07093  30   88.0
07094  30   84.3
07095  29   90.5
07096  29   92.2
07097  29   91.7
07098  29   92.1
07099  29   92.7
07100  30   90.6
07101  29   91.9
07102  29   89.7
07103  30   90.5
07104  29   92.0
07105  30   92.0
07106  30   91.9
07107  30   90.0
07108  30   91.2
07109  29   92.0
07110  30   92.0
07111  29   92.1
07112  29   91.2
07113  29   88.4
07114  27   92.0
07115  30   92.2
07116  29   90.8
07117  29   92.2
07118  30   91.7
07119  29   91.8
07120  30   92.2
07121  28   92.2
07122  30   90.1
07123  29   91.0
07124  28   91.8
07125  29   91.8
07126  28   89.9
07127  29   92.1
07128  29   88.5
07129  30   92.0
07130  29   89.9
07131  29   91.5
07132  29   91.1
07133  29   89.3
07134  30   90.0
07135  29   90.1
07136  29   90.2
07137  29   92.1
07138  29   90.7
07139  29   90.5
07140  29   91.9
07141  29   90.8
07142  28   90.6
07143  28   89.8
07144  26   91.0
07145  28   91.8
07146  28   93.0
07147  27   93.5
07148  28   92.6
07149  28   92.7
07150  27   91.6
07151  30   88.7
07152  29   89.9
07153  28   91.0
07154  28   91.0
07155  29   89.7
07156  30   89.0
07157  31   90.9
07158  28   90.7
07159  30   90.1
07160  30   89.2
07161  30   89.3
07162  30   89.8
07163  27   88.0
07164  29   88.8
07165  29   88.0
07166  28   91.5
07167  28   90.4
07168  28   92.2
07169  28   92.1
07170  29   91.3
07171  28   91.0
07172  30   90.7
07173  27   91.8
07174  29   92.0
07175  28   90.8
07176  28   91.5
07177  28   91.5
07178  29   90.5
07179  29   91.6
07180  29   91.1
07181  30   89.6
07182  30   91.0
07183  28   92.4
07184  29   90.9
07185  29   90.9
07186  29   91.6
07187  28   91.1
07188  29   91.6
07189  29   90.6
07190  30   90.1
07191  30   91.6
07192  30   88.0
07193  29   91.0
07194  29   89.0
07195  29   90.3
07196  30   91.9
07197  29   90.4
07198  31   87.1
07199  30   91.2
07200  30   91.1
07201  31   87.7
07202  12   88.2
07203  12   89.7
07204  30   90.6
07205  30   92.4
07206  30   92.6
07207  30   89.9
07208  29   91.3
07209  30   91.6
07210  30   91.7
07211  30   91.0
07212  30   90.2
07213  30   88.9
07214  30   90.9
07215  30   91.2
07216  30   90.4
07217  29   89.7
07218  30   89.3
07219  30   90.7
07220  28   90.2
07221  30   91.3
07222  29   90.8
07223  30   91.5
07224  30   91.5
07225  30   89.5
07226  30   92.3
07227  30   92.0
07228  30   84.9
07229  30   88.0
07230  29   90.0
07231  29   89.6
07232  30   90.4
07233  29   92.1
07234  30   90.7
07235  28   91.1
07236  29   92.3
07237  29   91.9
07238  29   91.2
07239  27   92.0
07240  27   91.4
07241  28   91.2
07242  27   91.8
07243  27   92.3
07244  29   92.2
07245  29   92.0
07246  27   92.4
07247  27   92.2
07248  28   91.7
07249  27   92.4
07250  28   91.9
07251  28   92.7
07252  29   93.1
07253  29   92.9
07254  28   92.5
07255  29   92.8
07256  31   92.3
07257  29   92.3
07258  30   92.9
07259  31   91.6
07260  28   92.1
07261  29   92.2
07262  29   91.9
07263  29   90.6
07264  30   91.9
07265  29   91.8
07266  29   91.9
07267  29   91.4
07268  29   92.3
07269  29   92.9
07270  29   92.4
07271  29   93.3
07272  28   93.3
07273  29   92.1
07274  30   91.4
07275  30   92.1
07276  29   92.7
07277  29   92.4
07278  29   92.8
07279  29   92.6
07280  29   92.8
07281  29   88.4
07282  28   94.0
07283  29   93.4
07284  29   93.4
07285  29   93.0
07286  29   93.5
07287  30   92.4
07288  29   93.2
07289  29   92.9
07290  29   89.5
07291  29   90.0
07292  29   92.6
07293  29   91.6
07294  29   93.1
07295  29   92.6
07296  29   92.5
07297  29   92.4
07298  29   92.0
07299  29   91.8
07300  29   91.8
07301  29   91.8
07302  30   91.1
07303  29   90.5
07304  29   88.6
07305  29   90.3
07306  29   91.0
07307  29   90.2
07308  24   92.3
07309  28   90.7
07310  28   91.1
07311  29   91.2
07312  26   91.0
07313  28   91.1
07314  29   91.4
07315  28   91.5
07316  28   91.6
07317  28   89.5
07318  28   89.4
07319  28   89.6
07320  28   90.4
07321  28   91.6
07322  29   91.6
07323  29   91.9
07324  28   90.2
07325  28   91.1
07326  29   92.6
07327  28   92.9
07328  28   91.2
07329  27   92.0
07330  28   88.6
07331  27   91.8
07332  29   92.6
07333  28   92.2
07334  29   92.0
07335  26   92.0
07336  26   90.7
07337  26   89.8
07338  29   90.9
07339  27   89.7
07340  27   90.4
07341  28   89.6
07342  28   89.1
07343  28   89.2
07344  29   88.7
07345  30   89.3
07346  27   88.6
07347  26   90.8
07348  28   87.6
07349  27   88.4
07350  26   89.3
07351  26   88.4
07352  27   88.0
07353  27   87.3
07354  28   89.0
07355  27   89.8
07356  27   91.3
07357  28   90.7
07358  27   91.4
07359  27   91.2
07360  28   90.9
07361  27   89.6
07362  27   88.9
07363  27   91.4
07364  27   90.6
07365  27   90.0
08001  27   91.6
08002  27   89.4
08003  27   88.9
08004  27   88.9
08005  28   83.9
08006  27   86.9
08007  30   86.7
08008  27   86.9
08009  27   89.7
08010  27   87.6
08011  28   90.0
08012  28   90.3
08013  28   91.0
08014  28   91.1
08015  28   90.1
08016  28   85.4
08017  27   91.8
08018  28   90.3
08019  28   89.5
08020  28   90.5
08021  28   87.4
08022  30   88.6
08023  29   84.9
08024  29   90.4
08025  29   90.0
08026  29   91.0
08027  29   89.2
08028  30   87.2
08029  29   87.0
08030   9   83.9
08031   9   85.3
08032  10   85.4
08033  10   87.6
08034  10   87.8
08035  11   87.4
08036  11   88.3
08037   8   83.3
08038   9   86.5
08039  10   87.1
08040  28   88.1
08041  29   88.7
08042  29   89.7
08043  28   88.1
08044  28   89.4
08045  28   89.1
08046  28   87.7
08047  29   88.9
08048  29   89.7
08049  29   88.9
08050  29   79.8
08051  29   88.3
08052  28   89.8
08053  28   85.7
08054  28   89.2
08055  27   89.3
08056  29   87.4
08057  32   87.0
08058  30   88.1
08059  29   87.5
08060  29   89.1
08061  30   87.3
08062  27   88.8
08063  29   89.8
08064  29   91.5
08065  29   85.3
08066  30   89.7
08067  29   89.0
08068  29   89.3
08069  29   89.5
08070  28   85.5
08071  29   90.1
08072  29   87.2
08073  30   82.2
08074  29   87.8
08075  29   89.7
08076  29   90.3
08077  29   90.3
08078  28   87.0
08079  29   89.6
08080  31   85.4
08081  31   86.9
08082  29   90.0
08083  29   88.8
08084  28   89.1
08085  30   83.0
08086  30   83.3
08087  30   85.0
08088  31   88.4
08089  29   88.5
08090  29   88.5
08091  29   88.4
08092  30   87.9
08093  30   84.5
08094  30   86.3
08095  30   88.6
08096  30   89.5
08097  31   89.4
08098  30   89.3
08099  31   89.8
08100  30   89.5
08101  29   89.1
08102  30   89.0
08103  30   89.5
08104  30   88.7
08105  30   89.2
08106  30   79.0
08107  29   88.7
08108  30   89.2
08109  30   89.0
08110  30   89.5
08111  30   89.9
08112  30   89.8
08113  32   85.8
08114  31   87.2
08115  30   86.6
08116  31   85.2
08117  31   88.6
08118  28   88.6
08119  28   85.6
08120  28   89.3
08121  30   84.3
08122  31   85.4
08123  30   90.2
08124  30   89.6
08125  29   88.9
08126  30   88.2
08127  30   88.6
08128  29   82.8
08129  30   89.0
08130  30   89.5
08131  30   90.0
08132  29   89.9
08133  29   90.0
08134  31   89.5
08135  32   89.0
08136  31   89.2
08137  30   89.5
08138  31   89.8
08139  30   89.7
08140  31   83.1
08141  31   84.1
08142  30   81.6
08143  30   88.9
08144  30   88.4
08145  30   89.8
08146  30   87.6
08147  31   86.8
08148  31   88.3
08149  30   89.1
08150  29   89.8
08151  29   89.2
08152  29   89.6
08153  29   88.6
08154  30   88.6
08155  28   89.6
08156  28   89.9
08157  28   88.8
08158  30   87.8
08159  27   89.1
08160  26   90.0
08161  28   89.7
08162  28   89.3
08163  29   84.8
08164  28   87.5
08165  28   89.8
08166  30   88.1
08167  28   87.4
08168  30   87.0
08169  31   88.1
08170  29   88.8
08171  30   88.8
08172  30   89.1
08173  30   90.2
08174  30   88.6
08175  30   88.8
08176  30   88.7
08177  30   88.0
08178  29   88.9
08179  32   86.7
08180  29   89.7
08181  30   88.6
08182  31   83.6
08183  30   88.5
08184  30   88.9
08185  31   87.7
08186  30   89.1
08187  30   87.2
08188  29   86.2
08189  30   87.4
08190  30   89.8
08191  30   89.7
08192  30   88.4
08193  30   87.8
08194  30   87.7
08195  30   88.9
08196  29   84.4
08197  30   86.1
08198  30   89.0
08199  30   89.6
08200  30   88.7
08201  30   88.4
08202  30   88.9
08203  30   87.8
08204  13   82.5
08205  12   87.9
08206  11   85.6
08207  12   88.3
08208  13   87.6
08209  30   89.3
08210  30   88.9
08211  30   89.7
08212  30   89.5
08213  31   88.5
08214  30   89.7
08215  30   89.4
08216  30   89.1
08217  31   87.8
08218  32   86.6
08219  30   88.3
08220  30   88.2
08221  31   86.2
08222  28   88.0
08223  29   89.5
08224  29   87.2
08225  30   87.9
08226  30   83.6
08227  28   89.5
08228  29   89.2
08229  29   89.1
08230  29   87.4
08231  28   88.2
08232  29   81.7
08233  28   88.8
08234  28   89.1
08235  29   88.9
08236  30   89.0
08237  29   87.5
08238  28   89.8
08239  29   90.0
08240  28   88.9
08241  28   88.0
08242  28   88.8
08243  29   88.6
08244  30   87.9
08245  29   88.3
08246  29   89.0
08247  29   88.2
08248  29   83.7
08249  29   85.5
08250  29   87.3
08251  28   88.0
08252  29   87.8
08253  29   87.4
08254  30   83.2
08255  28   87.9
08256  28   88.2
08257  26   87.1
08258  28   87.6
08259  28   87.7
08260  29   87.9
08261  30   89.3
08262  28   89.1
08263  30   88.9
08264  30   89.2
08265  30   89.3
08266  28   84.2
08267  29   88.1
08268  30   87.4
08269  27   88.1
08270  26   89.7
08271  27   88.2
08272  28   89.5
08273  29   87.5
08274  29   88.5
08275  29   88.7
08276  29   87.9
08277  28   88.4
08278  28   88.9
08279  28   87.8
08280  28   88.0
08281  29   86.9
08282  29   88.6
08283  29   88.8
08284  29   89.3
08285  29   88.7
08286  29   89.3
08287  30   88.9
08288  29   87.3
08289  29   89.5
08290  29   84.6
08291  29   89.2
08292  30   86.0
08293  30   86.0
08294  29   89.1
08295  30   89.4
08296  30   89.1
08297  30   87.9
08298  30   88.8
08299  30   89.2
08300  30   87.0
08301  30   87.6
08302  30   80.7
08303  30   80.2
08304  30   87.7
08305  29   87.8
08306  29   87.8
08307  29   88.7
08308  30   83.3
08309  30   88.8
08310  29   84.1
08311  30   80.4
08312  29   89.4
08313  30   85.4
08314  29   85.0
08315  30   88.0
08316  30   88.3
08317  30   87.3
08318  31   79.1
08319  31   85.6
08320  30   88.8
08321  30   84.1
08322  30   86.1
08323  30   83.4
08324  30   88.2
08325  30   87.3
08326  31   84.8
08327  30   88.0
08328  29   88.8
08329  30   87.4
08330  30   87.0
08331  30   86.7
08332  30   87.5
08333  31   87.8
08334  30   88.2
08335  30   89.0
08336  30   88.8
08337  30   88.9
08338  30   85.9
08339  31   85.3
08340  30   88.2
08341  30   87.5
08342  29   89.5
08343  30   89.0
08344  30   89.2
08345  30   88.4
08346  31   82.2
08347  30   82.5
08348  30   88.7
08349  30   88.9
08350  30   87.4
08351  30   88.0
08352  30   88.1
08353  30   87.5
08354  30   87.8
08355  31   87.0
08356  31   85.6
08357  30   88.3
08358  30   88.9
08359  30   88.2
08360  29   89.0
08361  29   88.7
08362  29   87.9
08363  29   88.4
08364  29   83.3
08365  29   86.5
08366  10   83.5
09001  12   84.7
09002  30   85.4
09003  30   88.2
09004  28   89.2
09005  30   87.5
09006  30   86.8
09007  30   88.5
09008  30   89.3
09009  30   89.0
09010  30   88.9
09011  30   88.7
09012  30   82.1
09013  30   81.6
09014  31   74.6
09015  30   85.9
09016  30   85.8
09017  30   89.2
09018  31   88.1
09019  31   86.4
09020  30   87.9
09021  31   83.6
09022  30   88.7
09023  30   88.5
09024  30   88.2
09025  30   88.4
09026  29   87.4
09027  30   88.3
09028  30   85.7
09029  30   82.0
09030  30   79.9
09031  30   88.4
09032  30   87.8
09033  30   80.5
09034  31   84.9
09035  30   86.4
09036  30   88.1
09037  31   85.7
09038  30   87.8
09039  30   88.5
09040  30   87.9
09041  31   84.9
09042  31   80.6
09043  30   78.7
09044  31   87.8
09045  30   86.1
09046  31   87.6
09047  31   88.1
09048  30   88.6
09049  30   89.8
09050  30   89.2
09051  30   88.7
09052  31   85.5
09053  30   87.4
09054  31   85.7
09055  30   88.9
09056  30   80.8
09057  31   87.2
09058  30   87.7
09059  30   87.9
09060  28   87.6
09061  29   87.9
09062  29   88.8
09063  30   88.5
09064  29   88.3
09065  29   88.8
09066  29   88.6
09067  29   88.5
09068  29   89.0
09069  29   88.4
09070  29   88.1
09071  29   85.2
09072  29   88.6
09073  29   89.5
09074  29   88.9
09075  29   89.1
09076  29   89.7
09077  31   86.9
09078  31   87.1
09079  30   90.1
09080  31   87.4
09081  31   87.3
09082  30   89.0
09083  31   85.3
09084  32   77.8
09085  30   88.7
09086  31   86.8
09087  30   88.9
09088  30   89.4
09089  31   83.3
09090  30   88.3
09091  30   88.2
09092  30   86.7
09093  30   87.3
09094  30   87.8
09095  30   88.1
09096  30   89.3
09097  30   88.0
09098  31   88.5
09099  30   88.2
09100  30   88.8
09101  29   89.0
09102  30   88.9
09103  30   88.1
09104  30   89.4
09105  29   89.1
09106  30   90.0
09107  30   89.9
09108  30   88.5
09109  30   89.2
09110  30   89.4
09111  30   80.4
09112  30   88.9
09113  32   86.7
09114  31   84.9
09115  30   89.1
09116  30   89.4
09117  30   89.0
09118  30   87.1
09119  30   88.5
09120  30   88.9
09121  30   89.1
09122  30   89.4
09123  30   88.1
09124  30   89.6
09125  30   87.6
09126  30   88.1
09127  30   89.0
09128  30   88.5
09129  30   88.9
09130  30   89.1
09131  30   88.9
09132  30   88.8
09133  30   88.1
09134  30   88.3
09135  30   88.5
09136  30   88.7
09137  30   87.7
09138  31   84.2
09139  29   87.8
09140  30   88.2
09141  30   88.8
09142  30   88.4
09143  30   89.5
09144  30   89.4
09145  30   88.3
09146  30   86.2
09147  30   83.4
09148  30   88.5
09149  30   81.7
09150  31   87.9
09151  31   87.4
09152  30   88.0
09153  30   87.9
09154  30   86.9
09155  30   88.7
09156  31   85.8
09157  31   86.5
09158  29   86.0
09159  30   87.1
09160  31   85.2
09161  30   87.4
09162  30   87.7
09163  30   86.9
09164  31   84.2
09165  30   84.0
09166  30   87.4
09167  30   87.9
09168  30   80.1
09169  31   84.9
09170  31   82.9
09171  30   85.2
09172  30   87.7
09173  30   87.7
09174  30   85.6
09175  31   86.1
09176  30   88.1
09177  29   88.0
09178  29   88.1
09179  29   88.1
09180  29   87.6
09181  30   86.8
09182  30   87.6
09183  30   86.6
09184  30   84.8
09185  29   86.4
09186  29   86.8
09187  31   86.9
09188  30   86.8
09189  30   86.7
09190  30   87.7
09191  30   86.3
09192  30   86.8
09193  30   87.7
09194  30   85.9
09195  30   86.5
09196  30   85.6
09197  30   84.0
09198  31   85.3
09199  31   84.7
09200  31   84.8
09201  30   79.1
09202  30   87.3
09203  30   84.6
09204  30   85.5
09205  30   87.4
09206  30   86.9
09207  29   87.3
09208  30   87.9
09209  30   87.6
09210  30   86.7
09211  30   77.8
09212  30   83.5
09213  30   86.2
09214  30   86.9
09215  30   86.6
09216  30   86.2
09217  30   85.5
09218  30   83.5
09219  30   86.3
09220  30   87.4
09221  30   87.2
09222  31   82.2
09223  30   87.1
09224  30   78.5
09225  30   87.2
09226  30   82.7
09227  30   87.4
09228  30   86.4
09229  30   87.6
09230  30   88.9
09231  30   87.6
09232  30   88.7
09233  30   88.6
09234  29   88.1
09235  30   86.1
09236  28   87.6
09237  29   86.8
09238  29   86.9
09239  29   87.0
09240  30   87.5
09241  30   87.4
09242  30   86.6
09243  30   84.7
09244  30   84.7
09245  32   83.2
09246  31   82.4
09247  31   82.3
09248  30   86.9
09249  30   88.0
09250  30   86.3
09251  31   86.2
09252  30   87.0
09253  30   86.2
09254  30   78.0
09255  30   87.0
09256  30   86.2
09257  30   88.8
09258  30   87.7
09259  30   86.5
09260  29   85.2
09261  30   86.4
09262  30   86.9
09263  30   87.4
09264  30   86.4
09265  29   85.4
09266  30   86.4
09267  30   87.3
09268  31   87.5
09269  30   86.4
09270  29   84.7
09271  29   87.1
09272  29   88.7
09273  20   87.3
09274  26   86.6
09275  30   81.1
09276  30   87.6
09277  30   87.6
09278  30   79.9
09279  30   87.7
09280  29   87.0
09281  32   81.0
09282  30   87.1
09283  30   86.7
09284  30   86.8
09285  30   86.4
09286  31   83.8
09287  31   76.4
09288  30   77.0
09289  30   86.5
09290  31   85.4
09291  30   86.0
09292  31   86.5
09293  30   85.8
09294  29   83.6
09295  30   76.6
09296  30   82.1
09297  30   85.8
09298  29   86.2
09299  30   85.8
09300  30   87.0
09301  30   86.9
09302  30   83.5
09303  30   77.5
09304  30   85.2
09305  30   86.7
09306  30   85.5
09307  30   84.7
09308  29   84.9
09309  30   85.7
09310  29   87.5
09311  31   87.4
09312  30   87.3
09313  30   86.1
09314  30   86.7
09315  31   86.1
09316  31   84.2
09317  30   79.6
09318  31   85.9
09319  31   86.0
09320  31   86.9
09321  31   85.3
09322  31   83.0
09323  31   85.3
09324  31   85.5
09325  31   86.1
09326  31   87.7
09327  31   85.5
09328  31   86.9
09329  31   86.0
09330  31   85.6
09331  31   86.9
09332  31   88.4
09333  31   88.1
09334  31   88.2
09335  31   87.1
09336  31   86.3
09337  31   87.9
09338  31   87.1
09339  31   86.4
09340  31   87.0
09341  31   85.9
09342  31   77.6
09343  31   77.8
09344  31   75.3
09345  31   76.7
09346  31   84.1
09347  31   82.6
09348  31   83.6
09349  31   84.3
09350  31   86.2
09351  31   86.7
09352  31   85.1
09353  30   86.9
09354  31   86.6
09355  31   86.7
09356  30   85.6
09357  31   87.2
09358  31   85.7
09359  30   87.5
09360  30   85.7
09361  30   85.8
09362  31   78.4
09363  31   86.8
09364  31   83.6
09365  31   86.9
10001  31   86.7
10002  31   86.6
10003  31   86.0
10004  31   85.7
10005  31   86.6
10006  30   87.2
10007  31   87.4
10008  31   85.8
10009  31   83.3
10010  31   86.5
10011  31   86.3
10012  31   86.4
10013  31   77.2
10014  31   84.0
10015  31   87.0
10016  31   85.2
10017  31   86.2
10018  30   81.4
10019  30   86.6
10020  31   85.3
10021  30   87.1
10022  30   86.0
10023  31   86.0
10024  31   86.3
10025  31   86.6
10026  31   77.5
10027  30   86.7
10028  31   87.1
10029  31   85.4
10030  31   86.5
10031  31   88.0
10032  30   81.6
10033  32   85.0
10034  31   88.0
10035  31   86.3
10036  31   84.4
10037  31   86.5
10038  31   87.9
10039  31   84.4
10040  31   85.4
10041  31   85.9
10042  30   86.8
10043  30   86.8
10044  31   86.9
10045  31   86.7
10046  32   76.4
10047  31   83.9
10048  31   83.6
10049  31   81.8
10050  31   78.6
10051  31   85.8
10052  31   85.8
10053  31   84.1
10054  31   85.5
10055  31   84.9
10056  31   83.8
10057  31   84.9
10058  31   85.9
10059  31   85.2
10060  31   86.5
10061  31   84.4
10062  31   86.4
10063  31   85.4
10064  31   84.7
10065  31   86.1
10066  31   85.7
10067  31   85.3
10068  31   84.0
10069  31   85.4
10070  31   86.8
10071  31   78.1
10072  31   86.2
10073  31   82.5
10074  31   80.9
10075  31   84.4
10076  31   83.2
10077  31   85.2
10078  31   85.6
10079  31   85.6
10080  31   84.4
10081  30   84.5
10082  31   75.2
10083  30   83.9
10084  29   82.1
10085  29   84.6
10086  29   85.7
10087  30   85.9
10088  29   85.3
10089  31   85.5
10090  31   85.7
10091  32   80.8
10092  31   86.1
10093  32   61.6
10094  20   66.4
10095  23   65.0
10096  30   81.3
10097  32   77.7
10098  31   78.1
10099  31   84.3
10100  31   87.3
10101  31   87.9
10102  31   88.5
10103  31   87.7
10104  31   85.1
10105  31   86.2
10106  31   78.9
10107  31   87.7
10108  31   87.1
10109  31   87.4
10110  32   85.8
10111  31   84.3
10112  31   76.7
10113  31   85.1
10114  32   85.3
10115  31   88.3
10116  30   88.0
10117  31   86.7
10118  31   87.4
10119  31   87.0
10120  31   86.7
10121  31   87.4
10122  31   86.5
10123  31   83.3
10124  31   87.0
10125  31   87.3
10126  31   87.5
10127  31   85.7
10128  31   87.3
10129  31   86.8
10130  31   86.1
10131  31   86.9
10132  31   85.9
10133  31   86.3
10134  31   86.9
10135  31   85.5
10136  31   86.4
10137  31   80.1
10138  31   87.3
10139  31   87.3
10140  31   86.9
10141  31   86.0
10142  31   87.6
10143  31   87.0
10144  31   86.6
10145  31   84.9
10146  31   84.6
10147  31   84.8
10148  31   84.6
10149  31   87.5
10150  31   87.7
10151  31   86.4
10152  31   86.0
10153  31   87.4
10154  31   86.8
10155  30   88.3
10156  30   86.6
10157  30   87.3
10158  30   88.2
10159  29   86.7
10160  30   71.6
10161  29   84.6
10162  30   78.3
10163  29   86.7
10164  31   86.7
10165  30   86.7
10166  30   86.6
10167  31   86.1
10168  31   87.6
10169  30   87.4
10170  31   86.8
10171  42   85.9
10172  43   83.6
10173  31   86.8
10174  31   82.4
10175  31   83.2
10176  31   86.3
10177  30   84.9
10178  30   87.0
10179  30   86.9
10180  31   85.9
10181  29   88.1
10182  30   86.8
10183  30   87.4
10184  30   86.0
10185  30   84.4
10186  30   83.8
10187  31   87.4
10188  31   87.6
10189  30   88.1
10190  30   86.3
10191  30   85.9
10192  30   85.7
10193  30   84.7
10194  30   85.6
10195  30   85.5
10196  30   79.4
10197  30   85.6
10198  30   85.9
10199  28   86.1
10200  30   81.0
10201  30   85.5
10202  30   84.4
10203  30   82.8
10204  30   83.8
10205  30   87.0
10206  30   87.5
10207  30   75.1
10208  30   85.0
10209  31   85.6
10210  32   77.6
10211  32   86.4
10212  31   87.0
10213  30   84.4
10214  31   83.5
10215  31   83.7
10216  31   76.3
10217  31   85.0
10218  32   85.2
10219  31   86.3
10220  31   85.9
10221  31   82.2
10222  31   79.9
10223  31   85.5
10224  31   81.3
10225  31   77.0
10226  32   85.0
10227  31   85.6
10228  31   86.1
10229  31   85.6
10230  31   77.5
10231  31   86.4
10232  31   82.0
10233  31   85.9
10234  31   85.6
10235  31   85.3
10236  31   85.0
10237  31   86.0
10238  31   83.8
10239  31   85.9
10240  31   87.0
10241  31   86.2
10242  32   85.8
10243  31   86.8
10244  32   85.1
10245  31   86.3
10246  31   87.1
10247  31   86.8
10248  31   86.2
10249  31   83.9
10250  31   85.2
10251  32   74.5
10252  31   84.9
10253  31   84.6
10254  31   86.6
10255  31   86.7
10256  31   83.2
10257  31   84.1
10258  31   86.3
10259  31   76.7
10260  31   80.0
10261  31   86.7
10262  31   83.5
10263  31   84.8
10264  31   84.5
10265  31   82.6
10266  32   83.6
10267  31   82.8
10268  32   84.7
10269  32   86.7
10270  32   85.0
10271  32   84.2
10272  31   82.3
10273  31   87.6
10274  31   86.5
10275  31   84.9
10276  29   85.5
10277  31   86.2
10278  30   79.7
10279  31   84.6
10280  31   85.1
10281  31   86.1
10282  29   86.1
10283  30   85.2
10284  31   84.3
10285  31   85.8
10286  31   85.1
10287  32   84.2
10288  32   75.5
10289  31   84.0
10290  31   85.5
10291  31   85.2
10292  31   84.5
10293  31   82.2
10294  31   85.3
10295  31   84.3
10296  31   85.1
10297  31   81.7
10298  32   84.6
10299  31   83.5
10300  31   84.1
10301  31   83.9
10302  31   81.1
10303  32   84.6
10304  31   84.3
10305  31   84.4
10306  31   83.2
10307  31   82.2
10308  31   79.5
10309  31   85.5
10310  31   86.1
10311  32   85.6
10312  32   85.5
10313  34   77.1
10314  31   84.3
10315  31   83.6
10316  31   82.2
10317  31   82.0
10318  31   82.0
10319  32   82.2
10320  30   78.2
10321  32   81.8
10322  31   82.5
10323  32   83.6
10324  31   82.0
10325  32   83.2
10326  32   77.0
10327  31   77.7
10328  32   79.6
10329  32   78.5
10330  31   82.6
10331  31   83.4
10332  12   81.0
10333  12   81.3
10334  13   77.5
10335  13   80.8
10336  13   78.3
10337  13   79.7
10338  13   81.6
10339  32   85.9
10340  31   79.2
10341  31   84.1
10342  31   82.5
10343  31   77.8
10344  31   79.6
10345  31   81.5
10346  31   83.7
10347  32   83.3
10348  31   81.8
10349  31   77.2
10350  32   79.9
10351  31   82.7
10352  31   82.6
10353  31   82.6
10354  31   73.3
10355  31   80.5
10356  31   83.7
10357  32   84.7
10358  30   83.6
10359  31   82.9
10360  31   83.4
10361  31   79.2
10362  32   75.7
10363  31   84.0
10364  31   82.9
10365  31   83.3
11001  31   80.0
11002  31   83.4
11003  31   81.1
11004  31   83.7
11005  31   83.7
11006  31   83.1
11007  31   82.2
11008  31   82.6
11009  31   81.7
11010  31   83.8
11011  30   85.4
11012  31   86.3
11013  31   84.1
11014  31   80.6
11015  31   85.6
11016  31   85.4
11017  31   82.8
11018  32   72.9
11019  31   84.2
11020  30   83.6
11021  31   83.6
11022  32   84.8
11023  31   85.6
11024  31   84.2
11025  31   83.8
11026  30   83.6
11027  31   83.5
11028  31   85.9
11029  31   84.2
11030  32   86.6
11031  31   83.7
11032  32   84.8
11033  31   83.1
11034  31   84.7
11035  31   82.8
11036  31   83.0
11037  31   83.6
11038  32   82.6
11039  30   78.1
11040  31   81.0
11041  32   69.5
11042  31   83.5
11043  31   82.2
11044  30   84.1
11045  31   82.7
11046  31   75.0
11047  31   82.2
11048  31   80.4
11049  31   84.4
11050  31   83.1
11051  30   81.7
11052  31   82.6
11053  32   79.7
11054  32   83.0
11055  31   84.6
11056  31   83.5
11057  31   83.3
11058  31   82.1
11059  31   83.3
11060  32   82.2
11061  31   82.2
11062  31   75.1
11063  31   83.5
11064  31   82.7
11065  31   82.2
11066  31   84.1
11067  31   82.0
11068  31   78.4
11069  31   73.3
11070  31   84.8
11071  31   85.5
11072  31   83.9
11073  31   83.2
11074  31   83.2
11075  33   81.1
11076  30   82.9
11077  31   82.5
11078  31   84.9
11079  31   83.6
11080  31   80.4
11081  31   83.2
11082  31   81.8
11083  31   80.6
11084  31   80.7
11085  31   81.2
11086  31   84.7
11087  31   82.6
11088  31   83.7
11089  31   83.9
11090  31   80.2
11091  31   81.2
11092  31   81.4
11093  31   81.8
11094  31   83.8
11095  31   78.6
11096  31   84.0
11097  31   83.0
11098  31   83.8
11099  31   81.8
11100  31   81.2
11101  31   81.4
11102  31   85.1
11103  32   73.8
11104  32   80.2
11105  31   83.3
11106  32   84.1
11107  31   82.1
11108  31   83.1
11109  31   72.0
11110  31   76.2
11111  31   81.5
11112  31   83.8
11113  31   83.9
11114  32   83.4
11115  31   82.6
11116  31   83.5
11117  31   83.2
11118  32   81.3
11119  30   85.2
11120  31   86.7
11121  31   84.2
11122  31   85.4
11123  31   84.5
11124  31   83.4
11125  31   74.8
11126  31   85.0
11127  31   84.5
11128  31   84.6
11129  32   83.8
11130  29   83.5
11131  31   81.6
11132  31   82.9
11133  31   84.3
11134  31   84.1
11135  31   83.2
11136  31   83.4
11137  32   75.5
11138  31   84.0
11139  31   84.1
11140  31   83.1
11141  31   80.5
11142  31   83.0
11143  31   82.4
11144  31   82.5
11145  31   80.9
11146  31   79.4
11147  31   81.7
11148  31   84.2
11149  31   83.7
11150  31   84.1
11151  31   77.7
11152  31   84.7
11153  31   83.7
11154  30   83.0
11155  31   83.2
11156  31   82.4
11157  30   82.6
11158  31   82.6
11159  31   84.2
11160  31   82.3
11161  32   84.2
11162  31   84.0
11163  31   84.3
11164  31   83.6
11165  31   84.5
11166  30   83.5
11167  31   82.6
11168  31   83.3
11169  31   85.5
11170  30   85.0
11171  31   84.4
11172  31   83.5
11173  31   75.6
11174  31   82.5
11175  31   82.9
11176  31   86.0
11177  31   83.9
11178  31   82.5
11179  31   69.8
11180  31   81.3
11181  31   83.2
11182  31   77.9
11183  31   83.9
11184  31   81.6
11185  31   84.0
11186  31   82.7
11187  31   82.7
11188  31   81.8
11189  30   82.7
11190  31   82.5
11191  31   83.2
11192  32   81.5
11193  31   78.2
11194  31   81.0
11195  31   82.2
11196  31   81.7
11197  30   82.5
11198  31   78.7
11199  31   82.3
11200  31   82.2
11201  32   81.7
11202  30   82.9
11203  31   83.1
11204  31   83.4
11205  32   82.9
11206  31   81.6
11207  32   82.7
11208  31   77.1
11209  31   76.3
11210  31   82.0
11211  32   82.4
11212  31   84.8
11213  31   82.3
11214  42   80.4
11215  43   80.9
11216  43   81.5
11217  31   80.7
11218  31   78.8
11219  31   81.1
11220  31   83.0
11221  31   84.4
11222  31   84.2
11223  30   72.7
11224  30   84.9
11225  30   83.8
11226  31   82.9
11227  31   80.3
11228  30   81.2
11229  31   82.8
11230  31   80.4
11231  31   82.9
11232  30   81.1
11233  32   74.4
11234  13   78.3
11235  14   77.1
11236  12   76.1
11237  13   74.7
11238  11   77.8
11239  11   78.3
11240  30   83.9
11241  31   83.5
11242  29   84.5
11243  31   83.3
11244  31   82.7
11245  31   84.0
11246  31   79.5
11247  31   82.8
11248  32   70.3
11249  31   84.1
11250  32   83.3
11251  31   82.4
11252  31   84.6
11253  30   85.9
11254  11   78.0
11255  10   76.2
11256  11   80.7
11257  13   79.8
11258  31   68.4
11259  31   82.9
11260  31   82.9
11261  30   83.7
11262  32   83.2
11263  32   81.6
11264  31   83.7
11265  31   81.4
11266  31   82.6
11267  31   81.6
11268  31   82.6
11269  31   82.0
11270  32   81.5
11271  31   80.1
11272  31   81.6
11273  31   80.7
11274  31   83.2
11275  31   81.2
11276  30   82.3
11277  32   75.8
11278  32   81.2
11279  32   80.7
11280  32   82.2
11281  32   80.2
11282  32   82.9
11283  31   79.2
11284  31   82.8
11285  31   83.6
11286  31   83.3
11287  32   78.6
11288  32   77.3
11289  31   80.6
11290  31   76.6
11291  31   82.0
11292  31   72.1
11293  32   78.6
11294  31   81.5
11295  31   78.4
11296  32   79.9
11297  32   78.7
11298  32   79.4
11299  32   77.6
11300  31   78.8
11301  32   79.9
11302  31   80.5
11303  32   80.9
11304  31   78.9
11305  31   76.8
11306  30   61.6
11307  31   77.3
11308  31   73.0
11309  32   77.7
11310  31   79.1
11311  32   76.6
11312  32   80.0
11313  32   77.9
11314  32   75.3
11315  31   76.6
11316  32   75.7
11317  31   79.3
11318  31   76.4
11319  31   80.9
11320  32   70.9
11321  32   78.3
11322  31   82.8
11323  31   78.9
11324  32   80.8
11325  32   80.9
11326  32   82.1
11327  32   82.0
11328  16   68.1
11329  15   73.7
11330  16   74.3
11331  17   78.2
11332  17   74.6
11333  17   75.7
11334  17   74.5
11335  16   73.2
11336  16   73.3
11337  32   79.1
11338  32   77.9
11339  32   80.1
11340  32   77.2
11341  30   80.3
11342  30   74.7
11343  32   75.9
11344  32   78.9
11345  31   79.5
11346  32   73.7
11347  32   67.3
11348  33   72.2
11349  33   73.1
11350  33   82.6
11351  33   79.7
11352  33   80.4
11353  33   81.8
11354  32   81.7
11355  32   79.1
11356  33   81.1
11357  32   85.2
11358  32   80.2
11359  33   75.8
11360  32   81.4
11361  33   81.5
11362  34   81.8
11363  33   75.7
11364  33   82.1
11365  32   81.9
12001  28   80.4
12002  33   76.2
12003  33   80.2
12004  33   79.6
12005  33   81.6
12006  33   82.3
12007  32   81.6
12008  33   79.0
12009  33   81.4
12010  32   83.3
12011  33   71.1
12012  32   81.6
12013  32   80.5
12014  31   83.2
12015  31   83.8
12016  32   80.2
12017  31   82.0
12018  32   81.9
12019  32   82.8
12020  32   81.8
12021  32   81.5
12022  32   83.8
12023  32   83.4
12024  32   82.1
12025  32   73.3
12026  31   70.1
12027  33   77.6
12028  33   79.0
12029  32   82.1
12030  32   82.5
12031  32   83.1
12032  33   85.1
12033  31   82.6
12034  32   80.9
12035  32   79.8
12036  32   81.9
12037  32   80.1
12038  32   82.9
12039  32   83.9
12040  32   84.9
12041  33   81.8
12042  32   84.2
12043  33   81.1
12044  32   82.9
12045  32   82.1
12046  32   83.7
12047  31   82.0
12048  32   84.3
12049  32   85.2
12050  32   81.4
12051  32   81.5
12052  32   83.7
12053  32   85.5
12054  32   72.2
12055  32   82.9
12056  31   83.8
12057  32   83.0
12058  32   82.6
12059  32   85.5
12060  32   81.4
12061  33   79.1
12062  33   83.4
12063  33   83.4
12064  33   84.6
12065  31   83.8
12066  32   78.1
12067  31   79.3
12068  31   82.2
12069  32   80.9
12070  31   78.7
12071  31   80.1
12072  30   83.4
12073  31   82.8
12074  31   73.5
12075  30   83.3
12076  31   87.2
12077  30   81.1
12078  30   83.8
12079  30   85.6
12080  31   83.0
12081  31   84.0
12082  31   81.5
12083  31   82.5
12084  31   84.5
12085  31   83.6
12086  31   84.1
12087  31   80.7
12088  31   84.4
12089  31   71.9
12090  31   83.6
12091  31   84.3
12092  31   84.1
12093  31   82.5
12094  32   81.6
12095  33   82.1
12096  32   78.6
12097  33   80.7
12098  32   80.6
12099  32   83.0
12100  31   82.6
12101  32   84.1
12102  32   83.3
12103  31   82.4
12104  30   82.5
12105  32   83.6
12106  28   84.1
12107  31   79.9
12108  30   81.5
12109  30   84.0
12110  13   81.7
12111  30   83.9
12112  30   82.9
12113  31   83.1
12114  31   78.5
12115  31   84.2
12116  31   81.8
12117  30   75.0
12118  28   85.1
12119  30   81.3
12120  31   82.3
12121  32   84.7
12122  32   82.7
12123  32   83.7
12124  32   80.3
12125  31   82.9
12126  31   85.6
12127  31   85.1
12128  31   85.1
12129  30   81.5
12130  30   84.2
12131  30   84.7
12132  30   80.4
12133  31   82.8
12134  31   82.1
12135  31   81.2
12136  31   83.1
12137  31   82.6
12138  31   84.7
12139  31   83.3
12140  31   83.1
12141  32   83.7
12142  31   80.6
12143  31   71.9
12144  29   82.2
12145  29   82.2
12146  28   81.2
12147  29   82.2
12148  29   84.3
12149  29   83.2
12150  28   79.5
12151  29   79.3
12152  29   79.6
12153  30   82.8
12154  30   83.8
12155  30   81.5
12156  30   80.9
12157  30   83.9
12158  30   81.8
12159  27   83.0
12160  28   84.6
12161  29   75.9
12162  30   80.1
12163  29   82.2
12164  28   83.4
12165  30   73.8
12166  30   80.1
12167  28   82.8
12168  29   83.7
12169  28   85.3
12170  29   82.9
12171  28   84.7
12172  28   84.4
12173  28   81.3
12174  29   82.6
12175  27   83.2
12176  28   82.9
12177  26   80.3
12178  30   83.7
12179  26   81.8
12180  28   80.6
12181  30   80.4
12182  29   79.8
12183  28   75.2
12184  28   78.3
12185  28   82.0
12186  28   79.2
12187  28   81.9
12188  30   82.6
12189  29   81.5
12190  28   84.3
12191  28   82.5
12192  28   84.5
12193  29   82.7
12194  29   84.5
12195  29   83.5
12196  30   81.6
12197  31   81.4
12198  30   84.2
12199  30   81.7
12200  30   74.3
12201  31   73.3
12202  30   80.0
12203  30   83.1
12204  31   82.0
12205  31   80.5
12206  30   82.1
12207  30   83.0
12208  31   80.8
12209  31   82.2
12210  30   83.3
12211  20   82.1
12212  20   78.8
12213  20   85.4
12214  19   80.0
12215  21   79.9
12216  21   84.0
12217  23   80.9
12218  30   83.2
12219  30   82.7
12220  30   83.3
12221  30   83.8
12222  30   85.3
12223  30   83.7
12224  30   85.1
12225  30   84.2
12226  29   83.2
12227  30   83.4
12228  30   80.4
12229  30   79.3
12230  30   84.5
12231  30   80.3
12232  30   83.1
12233  30   83.1
12234  31   82.4
12235  31   76.3
12236  31   80.7
12237  31   82.8
12238  31   83.0
12239  31   84.0
12240  30   82.3
12241  31   79.8
12242  31   85.0
12243  31   83.3
12244  31   84.3
12245  31   83.1
12246  31   84.2
12247  31   81.3
12248  31   77.6
12249  31   81.9
12250  45   83.5
12251  45   72.1
12252  47   75.9
12253  15   73.9
12254  34   67.2
12255  45   83.2
12256  45   82.9
12257  45   82.2
12258  45   71.6
12259  45   84.1
12260  45   82.7
12261  45   83.5
12262  45   83.0
12263  45   80.0
12264  45   82.3
12265  45   81.6
12266  45   82.2
12267  45   80.7
12268  45   81.6
12269  45   81.8
12270  45   80.4
12271  45   83.1
12272  45   82.0
12273  46   80.0
12274  46   80.3
12275  48   70.5
12276  46   79.4
12277  46   77.2
12278  46   80.9
12279  46   81.5
12280  46   80.6
12281  46   81.6
12282  45   73.2
12283  46   79.2
12284  46   80.7
12285  46   77.5
12286  45   80.1
12287  45   79.0
12288  46   80.8
12289  46   79.9
12290  46   78.6
12291  46   79.0
12292  46   63.1
12293  45   76.1
12294  44   79.4
12295  46   80.3
12296  45   78.2
12297  46   77.4
12298  46   79.3
12299  46   78.5
12300  46   80.7
12301  45   78.5
12302  45   79.4
12303  46   78.9
12304  46   81.2
12305  46   79.5
12306  46   79.5
12307  46   79.2
12308  46   79.2
12309  46   82.1
12310  46   80.6
12311  45   80.2
12312  45   75.9
12313  45   76.8
12314  46   82.1
12315  45   80.6
12316  46   80.7
12317  46   77.9
12318  46   76.5
12319  46   80.2
12320  46   79.5
12321  46   78.6
12322  46   78.3
12323  46   78.0
12324  46   79.0
12325  46   80.1
12326  46   79.7
12327  46   59.1
12328  46   76.1
12329  46   79.0
12330  46   80.7
12331  46   80.3
12332  46   80.8
12333  46   79.6
12334  46   77.4
12335  46   81.1
12336  46   80.3
12337  46   78.7
12338  46   77.2
12339  46   80.4
12340  46   80.4
12341  46   80.2
12342  46   80.8
12343  46   81.2
12344  45   81.4
12345  44   80.3
12346  44   80.2
12347  44   81.4
12348  44   70.8
12349  45   82.9
12350  45   80.6
12351  45   80.9
12352  45   77.6
12353  45   77.8
12354  46   82.3
12355  45   80.1
12356  44   82.7
12357  44   81.4
12358  44   82.9
12359  44   82.2
12360  44   81.3
12361  44   83.8
12362  44   80.2
12363  44   81.9
12364  44   78.0
12365  44   80.8
12366  44   79.4
13001  45   80.9
13002  46   81.6
13003  46   80.7
13004  46   81.3
13005  46   81.1
13006  46   81.9
13007  46   77.3
13008  46   80.2
13009  46   77.3
13010  45   77.2
13011  46   78.6
13012  46   80.1
13013  46   82.3
13014  46   76.9
13015  46   79.4
13016  46   80.2
13017  46   69.1
13018  46   79.0
13019  46   81.5
13020  46   80.8
13021  46   81.9
13022  46   81.3
13023  46   81.2
13024  46   78.3
13025  45   83.0
13026  45   81.4
13027  45   79.6
13028  45   72.2
13029  45   83.8
13030  45   82.9
13031  45   81.4
13032  45   81.6
13033  45   76.9
13034  45   80.4
13035  45   80.8
13036  45   79.4
13037  45   82.5
13038  45   81.7
13039  45   81.4
13040  46   80.4
13041  46   81.0
13042  46   77.6
13043  46   80.2
13044  46   81.1
13045  46   79.6
13046  46   81.1
13047  46   81.8
13048  46   80.2
13049  46   81.1
13050  46   80.4
13051  46   81.5
13052  48   65.2
13053  46   65.4
13054  46   81.5
13055  46   82.0
13056  46   80.4
13057  46   81.1
13058  46   79.2
13059  46   69.9
13060  46   76.4
13061  45   79.1
13062  45   78.7
13063  46   79.4
13064  46   81.8
13065  46   78.5
13066  46   77.5
13067  46   80.0
13068  46   80.3
13069  46   80.0
13070  46   79.1
13071  46   77.6
13072  46   74.5
13073  46   79.4
13074  45   79.8
13075  45   81.0
13076  45   81.0
13077  46   78.6
13078  46   82.9
13079  46   82.7
13080  46   67.7
13081  46   81.3
13082  46   82.4
13083  46   83.3
13084  46   79.5
13085  46   83.3
13086  46   82.0
13087  46   80.9
13088  46   81.5
13089  46   81.1
13090  46   80.0
13091  46   79.1
13092  46   79.9
13093  46   81.0
13094  45   80.8
13095  45   79.7
13096  45   79.3
13097  45   80.3
13098  45   77.9
13099  45   80.5
13100  45   64.5
13101  45   64.6
13102  45   81.8
13103  45   81.9
13104  45   81.4
13105  46   79.6
13106  46   82.0
13107  46   82.7
13108  46   81.9
13109  46   82.4
13110  45   84.4
13111  46   81.0
13112  46   82.5
13113  46   81.7
13114  46   82.3
13115  46   66.5
13116  46   82.5
13117  46   82.0
13118  46   78.9
13119  46   80.1
13120  46   70.3
13121  46   81.0
13122  45   83.9
13123  46   80.4
13124  46   81.7
13125  46   83.0
13126  46   81.4
13127  46   80.4
13128  46   78.8
13129  46   82.1
13130  46   81.4
13131  46   81.1
13132  46   79.3
13133  46   81.1
13134  46   81.6
13135  46   81.8
13136  46   80.0
13137  46   80.3
13138  46   78.7
13139  46   80.5
13140  46   80.4
13141  46   82.4
13142  46   81.6
13143  46   81.6
13144  46   81.0
13145  46   80.6
13146  46   80.2
13147  46   82.7
13148  46   81.3
13149  45   82.1
13150  45   78.1
13151  45   81.7
13152  45   81.0
13153  45   81.2
13154  45   82.2
13155  43   78.5
13156  45   79.7
13157  45   80.7
13158  45   80.5
13159  45   80.6
13160  45   78.9
13161  45   78.6
13162  45   80.8
13163  45   80.4
13164  44   66.8
13165  45   80.8
13166  45   80.3
13167  45   79.2
13168  45   77.0
13169  45   78.4
13170  45   79.1
13171  45   80.0
13172  45   80.4
13173  45   79.6
13174  45   80.2
13175  45   75.4
13176  45   80.8
13177  45   80.6
13178  45   78.4
13179  45   77.4
13180  45   80.3
13181  45   81.3
13182  45   80.1
13183  44   81.6
13184  45   79.1
13185  44   82.5
13186  45   80.3
13187  45   79.3
13188  45   80.9
13189  45   80.8
13190  45   80.6
13191  44   79.8
13192  45   79.8
13193  45   80.5
13194  45   81.2
13195  45   80.7
13196  45   81.9
13197  45   78.9
13198  45   80.1
13199  45   80.6
13200  45   81.0
13201  45   81.2
13202  45   79.4
13203  45   74.8
13204  45   79.2
13205  45   79.1
13206  45   75.8
13207  45   79.1
13208  45   79.4
13209  45   78.9
13210  45   78.6
13211  45   76.8
13212  45   79.6
13213  45   79.1
13214  45   79.0
13215  45   76.8
13216  45   79.3
13217  45   79.9
13218  45   77.6
13219  45   78.3
13220  45   82.2
13221  45   80.5
13222  45   80.3
13223  45   79.1
13224  45   80.3
13225  44   80.8
13226  45   81.2
13227  45   75.5
13228  45   80.3
13229  45   81.3
13230  45   80.2
13231  45   80.0
13232  44   80.7
13233  45   81.6
13234  45   79.7
13235  45   81.7
13236  45   81.6
13237  45   81.0
13238  45   80.8
13239  45   82.1
13240  45   80.7
13241  45   82.5
13242  45   81.3
13243  45   81.5
13244  45   81.3
13245  45   81.6
13246  45   79.3
13247  44   81.6
13248  45   82.3
13249  45   80.4
13250  45   81.4
13251  45   81.7
13252  45   81.4
13253  45   81.0
13254  45   81.1
13255  45   79.5
13256  45   81.4
13257  45   82.4
13258  45   78.8
13259  46   80.4
13260  46   81.8
13261  46   74.9
13262  46   67.8
13263  46   81.0
13264  46   81.8
13265  46   81.3
13266  46   80.7
13267  47   78.4
13268  46   81.4
13269  45   82.6
13270  45   77.8
13271  46   81.1
13272  46   81.6
13273  45   79.5
13274  46   81.2
13275  46   75.1
13276  46   80.4
13277  46   77.7
13278  46   80.8
13279  45   80.2
13280  46   78.4
13281  45   80.9
13282  45   81.3
13283  46   68.6
13284  46   80.4
13285  14   68.7
13286  15   62.8
13287  46   78.3
13288  46   83.6
13289  46   80.2
13290  46   80.8
13291  45   79.6
13292  45   79.7
13293  46   79.0
13294  45   79.8
13295  46   78.5
13296  45   79.7
13297  45   83.2
13298  45   76.9
13299  45   75.5
13300  46   78.1
13301  46   79.0
13302  45   77.6
13303  45   77.2
13304  46   78.1
13305  46   76.7
13306  46   75.9
13307  46   77.5
13308  46   74.4
13309  45   74.5
13310  45   78.0
13311  48   68.6
13312  46   77.5
13313  46   71.6
13314  46   76.7
13315  46   74.0
13316  46   74.7
13317  46   77.6
13318  46   71.4
13319  46   74.7
13320  46   72.1
13321  46   74.0
13322  45   74.4
13323  46   74.3
13324  46   77.3
13325  46   74.6
13326  45   79.1
13327  46   77.7
13328  46   74.6
13329  45   77.9
13330  46   77.3
13331  46   78.1
13332  46   78.9
13333  46   75.5
13334  46   75.9
13335  46   73.4
13336  46   81.0
13337  46   77.7
13338  46   77.7
13339  46   77.6
13340  46   73.7
13341  46   79.9
13342  46   75.2
13343  46   70.7
13344  46   74.1
13345  46   77.8
13346  46   64.7
13347  46   78.0
13348  46   75.5
13349  46   76.4
13350  46   75.8
13351  46   75.0
13352  46   75.8
13353  46   74.9
13354  46   75.4
13355  46   74.3
13356  46   77.7
13357  46   75.3
13358  46   75.2
13359  45   77.5
13360  46   76.3
13361  45   77.5
13362  46   74.8
13363  46   76.1
13364  46   78.5
13365  46   76.9
14001  46   76.3
14002  46   75.1
14003  46   75.7
14004  46   74.1
14005  46   79.0
14006  46   79.0
14007  46   78.4
14008  45   74.2
14009  46   77.4
14010  46   75.4
14011  46   80.1
14012  46   79.4
14013  46   77.8
14014  45   79.0
14015  46   73.1
14016  46   63.5
14017  45   67.2
14018  46   76.6
14019  42   80.2
14020  46   79.4
14021  46   76.0
14022  46   73.9
14023  46   77.6
14024  45   72.8
14025  46   76.8
14026  46   75.9
14027  46   75.0
14028  46   77.8
14029  46   80.1
14030  46   80.4
14031  46   76.6
14032  46   79.0
14033  46   77.0
14034  45   78.2
14035  46   77.9
14036  46   75.4
14037  46   73.7
14038  46   74.0
14039  46   75.8
14040  46   77.0
14041  46   80.3
14042  46   78.1
14043  46   77.5
14044  46   78.8
14045  46   80.2
14046  46   75.5
14047  46   76.4
14048  46   74.7
14049  46   79.6
14050  46   72.5
14051  46   72.5
14052  46   77.2
14053  46   76.4
14054  46   77.5
14055  45   78.4
14056  45   74.8
14057  45   68.5
14058  45   74.0
14059  45   74.3
14060  45   77.3
14061  46   76.7
14062  45   74.8
14063  46   76.5
14064  46   75.2
14065  46   78.4
14066  46   74.5
14067  46   73.1
14068  46   75.6
14069  46   76.7
14070  46   74.8
14071  46   76.7
14072  46   63.3
14073  46   76.3
14074  46   70.5
14075  46   75.5
14076  46   78.2
14077  46   75.3
14078  46   73.9
14079  46   77.1
14080  46   73.7
14081  46   75.4
14082  46   76.7
14083  46   78.9
14084  45   77.8
14085  45   78.5
14086  45   77.2
14087  45   77.2
14088  45   73.9
14089  46   78.6
14090  46   76.3
14091  46   74.0
14092  45   74.6
14093  45   72.2
14094  46   77.1
14095  46   78.8
14096  46   75.7
14097  46   78.7
14098  46   75.4
14099  46   77.2
14100  46   79.2
14101  45   77.3
14102  45   78.6
14103  45   76.1
14104  45   80.0
14105  45   78.7
14106  46   77.7
14107  45   78.3
14108  46   76.7
14109  46   79.5
14110  46   77.8
14111  46   80.9
14112  46   81.3
14113  46   77.2
14114  46   67.7
14115  45   80.6
14116  46   80.5
14117  46   80.4
14118  46   72.3
14119  46   77.5
14120  45   77.2
14121  45   78.8
14122  46   81.0
14123  46   78.3
14124  46   79.6
14125  46   76.9
14126  47   63.3
14127  45   78.8
14128  46   56.2
14129  46   79.0
14130  46   80.6
14131  46   79.9
14132  46   80.3
14133  46   80.5
14134  46   80.5
14135  46   79.9
14136  46   80.8
14137  46   80.5
14138  46   79.6
14139  46   79.5
14140  45   80.3
14141  44   75.1
14142  45   79.9
14143  45   78.0
14144  45   81.4
14145  45   80.6
14146  45   80.9
14147  45   79.3
14148  46   77.6
14149  46   80.1
14150  45   79.5
14151  46   80.3
14152  46   79.0
14153  46   80.1
14154  45   80.0
14155  46   80.5
14156  46   77.4
14157  46   79.6
14158  46   79.6
14159  46   78.7
14160  46   80.3
14161  46   78.6
14162  46   77.4
14163  46   79.5
14164  46   78.9
14165  46   79.7
14166  46   75.2
14167  46   79.4
14168  46   77.0
14169  43   79.6
14170  45   80.7
14171  45   77.3
14172  46   79.7
14173  46   79.8
14174  46   79.0
14175  46   80.2
14176  46   76.1
14177  46   79.8
14178  45   79.6
14179  46   78.0
14180  46   79.6
14181  45   79.6
14182  45   77.5
14183  44   62.4
14184  46   77.1
14185  46   79.1
14186  46   78.8
14187  46   77.7
14188  46   76.3
14189  46   80.0
14190  46   75.4
14191  45   80.2
14192  46   79.9
14193  46   77.9
14194  46   79.9
14195  46   81.3
14196  45   81.2
14197  44   81.1
14198  44   81.1
14199  44   81.0
14200  44   81.8
14201  45   81.6
14202  45   82.4
14203  45   78.6
14204  44   81.3
14205  46   79.3
14206  46   79.9
14207  46   81.6
14208  46   81.2
14209  46   79.8
14210  46   81.3
14211  45   81.6
14212  45   80.1
14213  45   79.1
14214  46   79.7
14215  46   78.4
14216  46   79.4
14217  46   75.1
14218  45   80.4
14219  45   80.4
14220  45   79.9
14221  45   80.5
14222  45   79.9
14223  45   80.0
14224  45   81.3
14225  45   80.3
14226  45   79.4
14227  45   81.1
14228  45   80.5
14229  45   80.6
14230  45   80.1
14231  45   80.4
14232  44   78.3
14233  45   80.9
14234  46   80.0
14235  46   77.1
14236  46   80.8
14237  46   79.4
14238  46   79.5
14239  46   77.7
14240  45   80.4
14241  46   78.8
14242  46   80.4
14243  46   81.3
14244  46   81.1
14245  46   78.6
14246  46   80.5
14247  45   80.2
14248  46   77.6
14249  45   79.0
14250  44   78.9
14251  44   80.5
14252  45   79.1
14253  46   79.7
14254  45   79.1
14255  45   79.0
14256  45   75.6
14257  45   79.6
14258  45   79.4
14259  45   79.4
14260  45   74.1
14261  46   66.9
14262  45   79.0
14263  46   76.9
14264  46   77.2
14265  46   78.7
14266  46   78.2
14267  46   76.5
14268  46   79.1
14269  46   78.5
14270  44   76.4
14271  46   78.1
14272  46   77.2
14273  46   74.4
14274  46   77.9
14275  46   76.8
14276  46   78.8
14277  46   77.8
14278  46   77.4
14279  46   78.7
14280  46   79.2
14281  46   77.5
14282  46   78.8
14283  45   75.6
14284  45   76.5
14285  44   77.3
14286  45   77.4
14287  45   77.3
14288  44   75.4
14289  45   67.0
14290  45   78.7
14291  45   78.2
14292  46   79.0
14293  45   75.7
14294  44   78.7
14295  44   77.4
14296  45   77.9
14297  45   75.7
14298  45   77.1
14299  45   75.7
14300  45   76.6
14301  45   71.9
14302  45   73.3
14303  44   75.6
14304  46   77.0
14305  46   77.2
14306  46   77.4
14307  46   76.1
14308  45   75.8
14309  46   71.8
14310  44   77.5
14311  45   71.7
14312  46   74.1
14313  46   73.5
14314  46   76.7
14315  45   75.7
14316  45   67.3
14317  46   72.4
14318  46   77.8
14319  46   75.6
14320  46   74.1
14321  46   75.4
14322  46   73.5
14323  46   73.6
14324  46   73.0
14325  45   76.9
14326  45   73.8
14327  45   76.0
14328  45   75.6
14329  45   70.5
14330  45   73.9
14331  45   72.7
14332  45   70.4
14333  45   76.3
14334  45   77.5
14335  44   73.3
14336  45   75.8
14337  45   72.9
14338  45   75.7
14339  45   73.1
14340  44   74.4
14341  45   73.4
14342  45   77.6
14343  45   76.1
14344  45   70.8
14345  45   62.9
14346  45   70.8
14347  46   72.1
14348  46   73.8
14349  45   69.0
14350  46   72.2
14351  46   73.7
14352  46   66.5
14353  45   74.9
14354  46   73.1
14355  46   73.7
14356  46   72.4
14357  46   74.3
14358  46   73.5
14359  46   76.5
14360  46   74.6
14361  46   75.1
14362  46   77.4
14363  46   75.8
14364  46   76.4
14365  45   74.7
15001  46   75.3
15002  46   76.5
15003  46   74.7
15004  46   76.6
15005  46   77.3
15006  46   78.6
15007  46   74.8
15008  46   77.2
15009  46   76.1
15010  46   76.0
15011  46   77.3
15012  46   75.9
15013  46   76.3
15014  46   75.5
15015  46   74.3
15016  46   75.5
15017  46   76.6
15018  46   77.3
15019  46   73.7
15020  46   76.1
15021  46   77.2
15022  46   70.0
15023  46   77.7
15024  46   76.5
15025  46   75.9
15026  46   74.8
15027  46   75.1
15028  46   75.0
15029  46   79.2
15030  46   77.4
15031  46   76.8
15032  46   76.5
15033  46   74.7
15034  45   73.8
15035  45   69.2
15036  46   75.9
15037  44   75.9
15038  45   76.5
15039  45   74.0
15040  45   75.5
15041  44   74.6
15042  44   77.6
15043  45   72.1
15044  44   75.7
15045  45   74.0
15046  45   74.4
15047  45   76.5
15048  45   74.3
15049  45   75.2
15050  45   75.4
15051  45   71.5
15052  45   70.4
15053  44   72.7
15054  44   73.5
15055  44   74.1
15056  45   74.9
15057  45   77.4
15058  45   77.2
15059  44   76.5
15060  45   77.0
15061  44   73.9
15062  44   78.0
15063  45   74.1
15064  45   61.3
15065  46   61.3
15066  45   74.4
15067  48   72.3
15068  45   74.1
15069  46   76.2
15070  45   76.0
15071  44   74.6
15072  45   77.2
15073  45   74.7
15074  45   75.7
15075  45   73.9
15076  46   67.0
15077  45   78.5
15078  46   78.4
15079  46   79.7
15080  46   78.3
15081  46   77.5
15082  46   74.2
15083  46   78.6
15084  46   77.5
15085  46   77.4
15086  46   78.0
15087  46   75.2
15088  46   74.7
15089  45   77.9
15090  45   78.0
15091  45   77.9
15092  45   78.1
15093  44   77.6
15094  44   78.9
15095  44   78.9
15096  44   78.9
15097  44   79.6
15098  44   78.0
15099  44   78.3
15100  44   74.0
15101  44   77.8
15102  44   75.6
15103  45   79.2
15104  45   75.9
15105  45   79.4
15106  45   75.4
15107  45   76.8
15108  45   78.5
15109  45   77.8
15110  45   78.0
15111  45   73.0
15112  45   79.1
15113  45   77.4
15114  45   77.4
15115  45   76.8
15116  45   74.9
15117  45   77.0
15118  45   65.7
15119  45   77.3
15120  45   66.5
15121  45   79.2
15122  45   77.0
15123  45   76.1
15124  45   76.6
15125  45   78.5
15126  45   77.7
15127  45   78.8
15128  45   80.1
15129  45   76.1
15130  45   76.4
15131  44   66.2
15132  45   74.7
15133  45   73.1
15134  45   76.0
15135  45   78.3
15136  45   76.5
15137  45   76.6
15138  45   74.6
15139  45   75.3
15140  45   73.1
15141  45   77.1
15142  45   76.1
15143  45   77.9
15144  45   78.2
15145  45   78.5
15146  45   78.1
15147  45   78.4
15148  45   77.0
15149  45   77.4
15150  45   77.0
15151  45   77.5
15152  45   77.9
15153  45   75.0
15154  45   74.7
15155  45   76.5
15156  45   77.4
15157  45   78.6
15158  45   77.4
15159  45   76.5
15160  45   78.1
15161  45   77.3
15162  45   76.8
15163  45   74.2
15164  45   74.1
15165  45   76.3
15166  45   76.5
15167  45   77.2
15168  45   72.6
15169  45   62.9
15170  45   77.3
15171  45   77.1
15172  45   77.0
15173  45   75.3
15174  45   75.1
15175  44   79.9
15176  44   74.1
15177  44   78.3
15178  44   78.0
15179  45   76.7
15180  45   79.7
15181  45   80.1
15182  45   78.6
15183  45   75.3
15184  45   76.5
15185  45   71.8
15186  45   73.6
15187  45   76.3
15188  45   74.0
15189  45   76.2
15190  45   76.0
15191  45   73.9
15192  45   75.1
15193  45   75.1
15194  45   75.8
15195  44   76.4
15196  45   76.7
15197  45   63.7
15198  45   72.8
15199  45   76.4
15200  45   79.4
15201  44   74.3
15202  44   78.3
15203  44   73.6
15204  44   66.4
15205  45   67.4
15206  45   76.3
15207  44   79.2
15208  44   78.3
15209  44   74.0
15210  44   78.9
15211  44   78.4
15212  44   78.1
15213  44   78.1
15214  44   80.2
15215  44   80.9
15216  45   79.5
15217  45   79.8
15218  44   76.5
15219  45   76.9
15220  45   77.1
15221  45   76.7
15222  45   78.6
15223  45   78.6
15224  12   63.3
15225  42   59.8
15226  43   79.8
15227  42   77.6
15228  42   80.1
15229  42   68.2
15230  43   76.9
15231  44   77.1
15232  45   75.5
15233  45   73.5
15234  45   77.8
15235  45   77.1
15236  45   73.7
15237  45   76.9
15238  45   79.4
15239  45   78.8
15240  45   79.9
15241  45   81.3
15242  44   80.1
15243  44   80.6
15244  45   80.7
15245  45   77.9
15246  45   79.0
15247  45   76.1
15248  45   78.0
15249  45   79.8
15250  45   77.9
15251  45   78.0
15252  45   78.0
15253  45   79.4
15254  44   77.1
15255  45   79.1
15256  45   80.2
15257  45   78.7
15258  44   80.2
15259  44   78.6
15260  45   79.1
15261  45   80.9
15262  44   77.8
15263  44   78.1
15264  45   77.1
15265  45   78.0
15266  45   78.9
15267  45   78.6
15268  45   77.8
15269  45   75.7
15270  45   67.1
15271  45   79.8
15272  45   77.0
15273  45   74.1
15274  45   78.2
15275  44   76.9
15276  42   77.0
15277  44   75.9
15278  43   76.2
15279  43   73.8
15280  45   73.0
15281  45   77.9
15282  45   78.5
15283  45   79.3
15284  45   76.2
15285  45   79.7
15286  45   77.2
15287  45   75.5
15288  45   78.1
15289  45   78.7
15290  46   74.0
15291  46   76.7
15292  45   76.8
15293  44   77.4
15294  46   78.8
15295  45   55.3
15296  44   74.6
15297  44   77.2
15298  44   78.0
15299  44   78.1
15300  44   76.5
15301  44   78.1
15302  44   76.2
15303  44   72.9
15304  44   77.3
15305  44   76.8
15306  44   77.4
15307  44   73.7
15308  45   73.6
15309  43   76.2
15310  44   77.4
15311  43   77.9
15312  43   78.5
15313  44   76.3
15314  44   78.1
15315  44   75.3
15316  44   75.9
15317  45   77.0
15318  45   74.6
15319  44   77.4
15320  45   74.4
15321  45   77.2
15322  46   77.0
15323  44   64.9
15324  45   77.3
15325  45   74.9
15326  45   75.8
15327  45   76.5
15328  45   76.5
15329  45   75.5
15330  45   77.8
15331  45   74.8
15332  45   77.2
15333  45   77.0
15334  45   76.3
15335  45   77.2
15336  45   76.4
15337  44   76.4
15338  45   78.7
15339  45   77.3
15340  45   78.4
15341  45   75.9
15342  45   76.2
15343  44   75.4
15344  44   74.9
15345  43   75.7
15346  44   76.6
15347  44   79.0
15348  40   76.8
15349  42   73.6
15350  43   74.0
15351  45   74.1
15352  45   78.0
15353  45   76.8
15354  45   77.1
15355  45   73.8
15356  44   75.8
15357  45   76.5
15358  45   73.0
15359  45   75.5
15360  45   74.1
15361  45   76.2
15362  45   75.2
15363  45   77.1
15364  45   71.5
15365  44   73.3
16001  45   66.4
16002  45   75.7
16003  45   76.6
16004  45   74.9
16005  45   73.4
16006  45   76.0
16007  45   75.6
16008  44   76.1
16009  45   73.5
16010  45   76.4
16011  45   62.8
16012  45   71.6
16013  45   75.4
16014  45   75.5
16015  45   75.4
16016  45   78.1
16017  45   74.0
16018  44   75.7
16019  45   75.3
16020  44   72.3
16021  45   71.1
16022  45   78.4
16023  45   78.0
16024  45   77.5
16025  45   76.1
16026  45   77.1
16027  45   75.3
16028  44   75.7
16029  44   74.9
16030  44   74.4
16031  44   77.3
16032  41   76.9
16033  41   77.0
16034  40   76.1
16035  41   76.5
16036  40   78.0
16037  41   77.8
16038  41   78.2
16039  41   77.2
16040  41   76.9
16041  41   78.9
16042  41   77.8
16043  41   73.7
16044  41   72.4
16045  41   74.6
16046  41   72.6
16047  41   73.6
16048  40   75.4
16049  40   73.3
16050  40   76.5
16051  40   73.7
16052  40   78.2
16053  40   77.8
16054  40   65.8
16055  40   74.2
16056  39   72.3
16057  39   74.8
16058  40   76.8
16059  40   75.9
16060  40   76.8
16061  39   76.3
16062  40   76.2
16063  41   69.3
16064  41   76.0
16065  41   76.8
16066  41   75.1
16067  41   76.8
16068  41   76.3
16069  41   77.8
16070  41   74.1
16071  41   75.8
16072  41   76.2
16073  41   76.8
16074  41   77.3
16075  42   74.2
16076  42   75.6
16077  42   74.9
16078  42   72.3
16079  42   75.9
16080  42   76.1
16081  42   77.7
16082  42   78.1
16083  42   76.7
16084  41   76.6
16085  41   76.8
16086  42   78.0
16087  42   76.4
16088  42   77.7
16089  42   77.0
16090  42   76.5
16091  42   77.6
16092  42   77.3
16093  42   74.6
16094  42   75.4
16095  41   76.8
16096  41   75.2
16097  42   74.8
16098  42   74.5
16099  42   75.9
16100  42   73.8
16101  42   77.7
16102  42   74.7
16103  42   74.3
16104  42   75.1
16105  42   75.7
16106  42   76.2
16107  42   77.3
16108  41   77.5
16109  42   77.0
16110  42   76.6
16111  42   77.2
16112  42   68.2
16113  42   61.1
16114  41   76.6
16115  42   77.2
16116  42   75.5
16117  42   77.8
16118  42   77.0
16119  42   74.6
16120  42   75.5
16121  42   77.6
16122  42   77.7
16123  42   78.2
16124  42   76.9
16125  42   75.2
16126  42   72.9
16127  42   75.6
16128  42   77.1
16129  42   73.2
16130  42   77.7
16131  41   77.2
16132  41   78.2
16133  41   78.1
16134  41   73.6
16135  41   75.7
16136  41   77.3
16137  41   77.4
16138  41   74.6
16139  41   78.4
16140  40   77.1
16141  40   76.1
16142  40   77.1
16143  40   75.4
16144  40   73.4
16145  40   78.9
16146  40   77.3
16147  40   76.5
16148  40   74.4
16149  41   77.3
16150  41   71.5
16151  41   75.8
16152  41   75.1
16153  40   77.9
16154  39   79.2
16155  40   79.4
16156  41   77.7
16157  41   77.8
16158  41   72.6
16159  41   78.8
16160  41   77.9
16161  41   78.9
16162  41   78.2
16163  41   77.9
16164  37   78.5
16165  37   77.8
16166  36   66.6
16167  37   79.0
16168  37   78.0
16169  37   75.4
16170  37   79.0
16171  37   78.1
16172  37   77.9
16173  37   80.1
16174  37   79.4
16175  37   79.4
16176  37   79.1
16177  37   77.8
16178  37   78.1
16179  37   70.8
16180  37   78.6
16181  37   79.9
16182  37   80.3
16183  37   79.7
16184  37   78.5
16185  37   79.7
16186  37   79.3
16187  37   78.2
16188  37   77.8
16189  37   78.8
16190  35   78.4
16191  37   79.2
16192  37   78.7
16193  37   78.7
16194  37   79.7
16195  37   78.8
16196  37   72.8
16197  37   78.6
16198  37   78.3
16199  37   79.3
16200  37   79.9
16201  37   79.7
16202  36   80.0
16203  37   57.4
16204  36   72.1
16205  37   80.2
16206  37   80.0
16207  37   81.1
16208  31   80.7
16209  37   78.5
16210  37   80.0
16211  31   78.9
16212  37   76.5
16213  37   78.2
16214  37   79.9
16215  37   80.4
16216  37   80.1
16217  37   79.1
16218  37   79.3
16219  37   78.3
16220  37   78.2
16221  38   79.9
16222  37   78.3
16223  37   80.9
16224  37   81.2
16225  37   75.7
16226  37   80.0
16227  37   78.2
16228  37   79.9
16229  36   79.3
16230  37   78.3
16231  37   79.6
16232  37   79.1
16233  37   78.8
16234  37   78.9
16235  37   78.5
16236  37   78.3
16237  37   79.8
16238  37   79.5
16239  37   78.1
16240  37   78.9
16241  37   78.6
16242  37   77.4
16243  37   76.7
16244  37   75.8
16245  37   79.3
16246  36   78.9
16247  37   77.9
16248  37   79.8
16249  37   78.1
16250  37   79.8
16251  37   79.6
16252  37   79.0
16253  37   80.8
16254  37   79.1
16255  37   78.3
16256  37   80.5
16257  37   79.3
16258  37   79.8
16259  30   77.0
16260  37   78.6
16261  37   81.9
16262  37   80.7
16263  37   79.5
16264  37   80.1
16265  37   79.6
16266  23   77.4
16267  37   76.3
16268  37   80.5
16269  37   79.8
16270  37   80.6
16271  37   78.8
16272  37   80.6
16273  37   80.9
16274  37   79.4
16275  37   79.7
16276  37   80.7
16277  37   80.3
16278  37   81.9
16279  37   80.1
16280  37   81.0
16281  37   79.3
16282  37   78.7
16283  36   81.5
16284  37   80.4
16285  37   76.7
16286  37   78.6
16287  37   64.9
16288  37   80.6
16289  37   78.8
16290  37   77.3
16291  37   79.0
16292  37   80.7
16293  37   76.2
16294  37   79.2
16295  36   77.0
16296  37   79.9
16297  37   79.1
16298  37   64.2
16299  37   79.9
16300  37   80.0
16301  37   78.5
16302  37   78.9
16303  37   79.7
16304   9   76.8
16305   9   77.5
