04015   1   44.4
04016   1   44.8
04017   1   32.0
04018   1   37.0
04019   1   31.0
04020   1   24.0
04021   1   38.7
04022   1   40.0
04023   1   23.1
04024   1   33.3
04025   1   30.0
04026   1   30.0
04027   1   12.5
04028   1   39.3
04029   1   36.0
04030   1   26.9
04031   1   42.9
04032   1   20.0
04033   1   25.0
04034   1   16.0
04035   1   12.9
04036   1   26.1
04037   1   25.0
04038   1   20.7
04039   1   26.5
04040   1    9.7
04041   1   32.1
04042   1   32.1
04043   1   38.7
04045   1   26.7
04046   1   43.9
04047   1   40.0
04048   1   63.3
04049   1   35.5
04050   1   38.5
04051   1   20.6
04052   1   28.6
04053   1   37.1
04054   1   37.5
04055   1   39.4
04056   1   33.3
04057   1   19.4
04058   1   36.7
04060   1   45.5
04061   1   36.0
04062   1   31.2
04063   1   63.3
04064   1   63.0
04065   1   44.4
04066   1   34.5
04067   1   30.3
04068   1   27.8
04069   1   31.4
04071   1   35.3
04072   1   26.9
04073   1   37.0
04074   1   57.1
04075   1   48.1
04076   1   29.3
04077   1   22.9
04079   1   37.5
04080   1   15.2
04081   1   25.0
04082   1   21.4
04083   1   25.9
04084   1   33.3
04085   1   33.3
04086   1   23.3
04087   1   47.2
04088   1   43.8
04089   1   35.7
04090   1   41.7
04091   1   39.3
04092   1   25.8
04093   1   60.0
04094   1   39.5
04095   1   44.1
04096   1   15.6
04097   1   32.0
04098   1   40.0
04099   1   38.2
04100   1   36.6
04101   1   32.4
04102   1   61.1
04103   1   48.6
04104   1   30.8
04105   1   32.3
04106   1   33.3
04107   1   42.4
04108   1   43.9
04109   1   51.5
04110   1   45.9
04111   1   47.5
04112   1   33.3
04113   1   31.0
04119   1   19.0
04120   1   23.1
04121   1   39.1
04122   1   29.2
04123   1   27.6
04124   1   55.6
04125   1   48.0
04126   1   35.0
04127   1   42.3
04128   1   37.0
04129   1   33.3
04130   1   57.1
04131   1   57.1
04132   1   29.4
04133   1   44.1
04134   1   46.2
04135   1   35.7
04136   1   28.6
04137   1   33.3
04138   1   44.0
04139   1   28.1
04140   1   17.6
04141   1   46.2
04142   1   25.0
04144   1   38.2
04145   1   55.6
04146   1   25.8
04147   1   28.6
04148   1   31.0
04149   1   67.7
04150   1   35.1
04151   1   31.4
04152   1   14.7
04153   1   12.9
04154   1   36.6
04155   1   35.1
04156   1   58.6
04157   1   57.1
04158   1   22.6
04159   1   40.5
04160   1   22.2
04161   1   19.4
04162   1   20.5
04163   1   18.2
04164   1   46.3
04165   1   28.1
04166   1   20.6
04167   1   22.2
04168   1   27.0
04169   1   25.0
04170   1   36.1
04171   1   43.2
04172   1   36.1
04173   1   21.9
04174   1   36.4
04175   1   28.2
04176   1   12.5
04177   1   20.0
04178   1   17.4
04179   1   25.6
04180   1   21.9
04181   1   41.9
04182   1   28.1
04183   1   36.1
04184   1   37.5
04185   1   36.6
04186   1   33.3
04187   1   25.0
04188   1   38.2
04189   1   35.3
04190   1   38.9
04191   1   30.3
04192   1   34.5
04193   1   43.6
04194   1   19.4
04195   1   34.3
04196   1   29.0
04197   1   44.4
04198   1   39.4
04199   1   36.8
04200   1   22.2
04201   1   24.2
04203   1   31.4
04204   1   25.0
04205   1   26.7
04206   1   37.5
04207   1   28.6
04208   1   34.4
04209   1   33.3
04210   1   20.7
04211   1   35.3
04212   1   23.5
04215   1   47.6
04216   1    0.0
04217   1   14.8
04218   1   41.4
04219   1   37.5
04220   1   42.4
04221   1   50.0
04222   1   55.6
04223   1   38.9
04224   1   37.1
04225   1   44.8
04226   1   51.5
04227   1   47.2
04228   1   42.9
04229   1   18.8
04230   1   29.6
04231   1   44.1
04232   1   32.1
04233   1   30.8
04234   1   40.0
04235   1   44.7
04236   1   44.4
04237   1   54.8
04238   1   14.3
04239   1   25.0
04240   1   32.4
04241   1   42.4
04242   1   20.5
04243   1   56.4
04244   1   65.7
04245   1   47.5
04246   1   33.3
04247   1   22.7
04250   1   34.6
04251   1   40.0
04252   1   14.3
04253   1   12.5
04254   1   32.1
04255   1   32.4
04256   1   37.5
04257   1   32.3
04258   1   55.9
04259   1   50.0
04260   1   28.2
04261   1   26.7
04262   1   32.0
04263   1   13.6
04264   1   21.1
04265   1   26.5
04266   1   36.8
04267   1   27.3
04268   1   50.0
04269   1   32.3
04270   1   38.2
04271   1   44.1
04272   1   25.0
04273   1   23.3
04274   1   28.6
04275   1   38.5
04276   1   36.4
04277   1   31.4
04278   1   42.4
04279   1   31.4
04280   1   66.7
04281   1   33.3
04282   1   36.8
04283   1   23.1
04284   1   30.6
04285   1   27.5
04286   1   26.7
04287   1   47.2
04288   1   30.0
04289   1    5.9
04290   1   11.1
04291   1   60.0
04292   1   21.2
04293   1   40.7
04294   1   18.5
04295   1   29.4
04296   1   25.9
04297   1   35.5
04298   1   17.6
04300   1   14.3
04301   1   23.3
04302   1   30.8
04303   1   23.5
04304   1   18.2
04305   1   25.8
04306   1   34.6
04307   1   27.0
04308   1   41.7
04309   1   50.0
04310   1   29.4
04311   1   40.0
04312   1   34.6
04313   1   43.5
04314   1   39.1
04315   1   24.1
04316   1   50.0
04317   1   60.7
04318   1   62.5
04319   1   62.1
04320   1   53.3
04321   1   50.0
04328   1    0.0
04329   1   25.0
04330   1   46.9
04331   1   36.1
04332   1   41.7
04333   1   60.5
04334   1   37.8
04335   1   57.1
04336   1   40.0
04337   1   48.3
04338   1   47.2
04339   1   48.6
04340   1   54.3
04341   1   24.3
04342   1   40.6
04343   1   28.9
04344   1   20.7
04345   1   23.1
04346   1   41.7
04347   1   38.5
04348   1   51.9
04349   1   24.4
04350   1   61.0
04351   1   45.9
04352   1   39.5
04353   1   40.4
04354   1   41.5
04355   1   39.0
04356   1   59.4
04357   1   54.1
04358   1   46.5
04359   1   31.7
04360   1   40.5
04361   1   33.3
04362   1   40.0
04363   1   28.6
04364   1   47.2
04365   1   40.7
04366   1   45.5
05001   1   73.5
05002   1   53.3
05003   1   61.3
05004   1   35.9
05005   1   54.2
05006   1   54.1
05007   1   32.3
05008   1   59.4
05009   1   25.9
05010   1   11.6
05011   1   55.6
05012   1   32.1
05013   1   38.5
05014   1   59.4
05015   1   71.4
05016   1   40.7
05017   1   23.7
05018   1   42.1
05019   1   67.6
05020   1   42.9
05021   1   32.3
05022   1   33.3
05023   1   64.0
05024   1   46.9
05025   1   27.8
05026   1   56.5
05027   1   60.0
05028   1   48.1
05029   1   22.7
05030   1   60.9
05031   1   41.4
05032   1   41.4
05033   1   43.3
05034   1   57.1
05035   1   54.2
05036   1   60.9
05037   1   32.3
05038   1   65.5
05039   1   69.0
05040   1   54.1
05041   1   41.2
05042   1   46.2
05043   1   53.8
05044   1   50.0
05045   1   62.9
05046   1   69.0
05047   1   50.0
05048   1   45.2
05049   1   46.2
05050   1   11.1
05051   1   60.0
05052   1   60.7
05053   1   52.2
05054   1   69.7
05055   1   79.5
05056   1   54.8
05057   1   73.5
05058   1   74.4
05059   1   48.3
05060   1   48.8
05061   1   73.3
05062   1   59.0
05063   1   44.1
05064   1   25.6
05065   1   61.5
05066   1   50.0
05067   1   42.9
05068   1   56.4
05069   1   65.8
05070   1   48.8
05071   1   42.1
05072   1   74.3
05073   1   57.1
05074   1   58.6
05075   1   51.0
05076   1   48.8
05077   1   54.3
05078   1   39.4
05079   1   76.3
05080   1   50.0
05081   1   45.9
05082   1   37.5
05083   1   34.1
05084   1   66.7
05085   1   68.8
05086   1   64.0
05087   1   19.0
05088   1   73.3
05089   1   41.7
05090   1   25.6
05091   1   41.2
05092   1   64.5
05093   1   52.6
05094   1   39.1
05095   1   64.0
05096   1   55.9
05097   1   31.8
05098   1   63.3
05099   1   63.6
05100   1   38.5
05101   1   68.6
05102   1   27.3
05103   1   34.1
05104   1   45.7
05105   1   33.3
05106   1   57.1
05107   1   70.6
05108   1   46.3
05109   1   70.6
05110   1   37.5
05111   1   65.7
05112   1   70.0
05113   1   56.2
05114   1   51.7
05115   1   62.1
05117   1   63.2
05118   1   71.1
05120   1   76.3
05121   1   64.1
05122   1   50.0
05123   1   47.2
05124   1   50.0
05125   2   62.0
05126   2   54.4
05128   1   33.3
05129   1   74.5
05130   1   63.6
05131   1   69.2
05132   1   71.4
05133   1   75.0
05134   2   76.9
05135   2   72.3
05136   2   75.7
05137   1   76.0
05138   2   66.7
05139   1   66.7
05140   1   49.2
05141   1   68.6
05142   1   57.9
05143   2   54.8
05144   1   64.1
05145   1   72.7
05146   1   73.7
05147   1   55.6
05148   1   50.0
05149   1    0.0
05150   2   34.1
05151   1   76.5
05152   1   75.9
05153   1   72.3
05154   1   70.4
05155   1   70.0
05156   1   76.1
05157   1   35.1
05158   1   60.5
05159   1   68.9
05160   1   68.2
05161   1   78.4
05162   1   73.3
05163   1   65.9
05164   1   80.4
05165   1   66.0
05166   1   53.3
05167   1   67.4
05168   1   78.4
05169   1   65.2
05170   1   67.7
05171   1   76.0
05172   1   78.2
05173   1   70.9
05174   1   72.5
05175   1   60.8
05176   1   59.0
05177   1   72.7
05178   1   69.8
05179   1   60.0
05180   1   50.0
05181   1   71.7
05182   1   59.1
05183   1   45.0
05184   1   67.9
05185   1   52.2
05186   1   71.2
05187   1   58.2
05188   1   70.1
05189   1   68.7
05190   1   60.8
05191   1   69.0
05192   1   63.5
05193   1   69.5
05194   1   63.9
05195   1   61.5
05196   1   65.3
05197   1   70.3
05198   1   67.3
05199   1   46.2
05200   1   65.5
05201   1   66.7
05202   1   71.7
05203   1   66.7
05204   1   61.0
05205   1   70.5
05206   2   62.5
05207   1   51.7
05208   1   59.3
05209   1   64.0
05210   1   34.7
05212   1   72.5
05213   1   44.4
05214   1   67.4
05215   1   42.2
05216   1   70.2
05217   1   59.5
05218   1   69.0
05219   1   56.9
05220   1   66.7
05221   1   35.6
05222   1   68.6
05223   1   69.4
05224   1   53.8
05225   1   72.2
05226   1   72.1
05227   1   76.1
05228   1   71.2
05229   1   70.0
05230   1   54.3
05231   1   68.8
05232   1   69.5
05233   1   58.3
05234   1   75.5
05235   1   67.9
05236   1   71.7
05237   1   63.0
05238   1   71.2
05239   1   72.5
05240   1   72.3
05241   1   68.0
05242   1   43.1
05243   1   52.3
05244   1   64.7
05245   1   59.6
05246   1   63.9
05247   1   60.5
05248   1   72.1
05249   1   72.7
05250   1   75.0
05251   1   58.5
05252   1   30.2
05253   1   70.0
05254   1   71.4
05255   1   71.7
05256   1   66.0
05257   1   77.6
05258   1   61.2
05259   2   51.8
05260   1   68.6
05261   1   54.3
05262   1   66.7
05263   1   64.6
05264   1   64.0
05265   1   64.6
05266   1   73.5
05267   1   66.7
05268   1   33.3
05272   1   40.9
05273   1   71.2
05274   1   72.5
05275   1   67.4
05276   1   75.6
05277   1   58.7
05278   1   71.4
05279   1   70.7
05280   1   61.4
05281   1   67.6
05282   1   67.6
05283   1   75.7
05284   1   70.3
05285   1   64.7
05286   1   68.6
05287   1   64.7
05288   1   73.0
05289   1   64.7
05290   1   35.0
05291   1   20.0
05292   1   20.0
05293   1   62.9
05294   1   51.2
05295   1   74.4
05296   1   63.2
05297   1   60.0
05298   1   45.7
05299   1   68.8
05300   1   69.7
05301   1   62.5
05302   1   64.3
05303   2   69.1
05304   1   66.7
05305   1   58.3
05306   2   61.1
05307   2   68.2
05308   2   70.0
05309   2   63.9
05310   1   60.6
05311   1   67.7
05312   1   46.2
05313   2   56.0
05314   1   69.7
05315   1   71.0
05316   1   64.9
05317   1   35.3
05318   1   64.1
05319   1   66.7
05320   1   54.3
05321   1   71.1
05322   1   63.9
05323   1   72.7
05324   1   58.6
05325   1   61.8
05326   1   62.9
05327   1   45.2
05328   1   66.7
05329   1   74.3
05330   2   73.7
05331   2   69.4
05332   2   60.6
05333   2   73.3
05334   2   64.1
05335   2   60.4
05336   1   65.7
05337   1   61.8
05338   1   70.0
05339   1   62.9
05340   1   61.1
05341   1   71.1
05342   1   71.0
05343   1   52.6
05344   1   70.3
05345   1   68.4
05346   1   73.0
05347   1   61.8
05348   1   67.6
05349   1   63.9
05350   1   71.9
05351   1   72.7
05352   1   32.5
05353   1   72.2
05355   1   71.4
05356   1   74.3
05357   1   63.6
05358   1   68.4
05359   1   70.6
05360   1   59.3
05361   1   73.3
05362   1   69.7
05363   1   76.5
05364   1   64.5
05365   1   63.9
06001   1   56.8
06002   1   74.2
06003   1   50.0
06004   1   75.0
06005   1   66.7
06006   1   67.9
06007   1   61.5
06008   1   58.1
06009   1   64.0
06010   1   70.8
06011   1   60.0
06012   1   66.7
06013   1   70.0
06014   1   75.8
06015   1   66.7
06016   1   71.0
06017   1   53.6
06018   1   54.2
06019   1   65.5
06020   1   61.5
06021   1   50.0
06022   1   65.5
06023   1   67.6
06024   1   48.1
06025   1   73.7
06026   1   75.6
06027   1   63.3
06028   1   60.0
06029   1   72.2
06030   1   64.3
06031   1   63.9
06032   1   66.7
06033   1   50.0
06034   1   68.6
06035   1   64.1
06036   1   61.3
06037   1   67.5
06038   1   71.8
06039   1   61.1
06040   1   43.3
06041   1   38.7
06042   1   77.1
06043   1   72.7
06044   1   69.0
06045   1   76.3
06046   1   48.5
06047   1   54.8
06048   1   58.6
06049   1   63.9
06050   1   70.3
06051   1   68.6
06052   1   25.0
06053   1   59.4
06054   1   63.4
06055   1   65.9
06056   1   70.0
06057   1   54.5
06058   1   67.9
06059   1   65.5
06060   1   67.6
06061   1   53.3
06062   1   64.3
06063   1   66.7
06064   1   75.0
06065   1   75.8
06066   1   48.6
06067   1   58.3
06068   1   55.6
06069   1   68.8
06070   1   59.4
06071   1   67.6
06072   1   73.5
06073   2   61.9
06074   1   75.6
06075   1   78.6
06076   1   73.0
06077   1   76.1
06078   1   80.0
06079   1   77.8
06080   1   72.2
06081   1   55.1
06082   1   80.5
06083   1   73.3
06084   1   67.3
06085   1   71.8
06086   1   58.1
06087   1   73.1
06088   1   48.4
06089   1   62.5
06090   1   77.4
06091   1   56.8
06092   1   64.7
06093   1   72.7
06094   1   62.5
06095   1   70.0
06096   1   65.4
06097   1   41.3
06098   1   66.7
06099   1   65.7
06100   1   64.4
06101   1   61.9
06102   1   74.4
06103   1   71.4
06104   1   63.9
06105   1   63.9
06106   1   60.0
06107   1   51.1
06108   1   66.7
06109   1   69.7
06110   1   73.2
06111   2   60.4
06112   1   30.0
06113   1   57.1
06114   1   48.3
06115   1   51.9
06116   1   60.0
06117   1   61.3
06118   2   69.7
06119   1   66.7
06120   1   60.9
06121   1   61.1
06122   1   48.5
06123   1   66.7
06124   1   64.3
06125   1   29.3
06126   1   71.4
06127   1   69.2
06128   1   63.4
06129   1   40.0
06130   1   52.8
06131   1   59.5
06132   1   32.5
06133   1   43.3
06134   1   68.6
06135   1   55.9
06136   2   46.2
06137   1   51.4
06139   1   44.2
06140   1   53.7
06141   1   51.4
06142   1   35.9
06143   1   47.1
06144   1   65.1
06145   1   67.4
06146   1   71.1
06147   1   69.8
06148   1   71.4
06149   1   65.8
06150   1   75.0
06151   1   69.8
06152   2   44.3
06153   1   65.0
06154   1   66.7
06155   1   59.0
06156   1   51.3
06157   1   69.4
06158   1   73.7
06159   1   66.7
06160   1   52.9
06161   1   59.5
06162   1   60.5
06163   2   50.7
06164   1   64.7
06165   1   54.1
06166   1   62.5
06167   1   51.3
06168   1   67.5
06169   1   57.1
06170   1   52.1
06171   1   46.3
06172   1   70.3
06173   1   50.0
06174   1   68.3
06175   1   61.2
06176   1   54.8
06177   1   67.4
06178   1   30.0
06179   1   31.6
06180   1   66.0
06181   1   72.7
06182   1   64.9
06183   1   68.2
06184   1   61.4
06185   1   43.6
06186   1   55.1
06187   1   48.6
06188   1   65.7
06189   1   66.7
06190   1   56.2
06191   2   30.2
06192   1   47.4
06193   1   52.5
06194   1   64.5
06195   1   58.1
06196   1   62.5
06197   1   66.7
06198   1   44.0
06200   1   30.8
06201   1   50.0
06202   1   54.1
06203   1   32.4
06204   1   48.4
06205   1   54.8
06206   1   58.8
06207   1   53.1
06208   1   42.1
06209   1   31.9
06210   1   52.9
06211   1   51.4
06212   1   26.8
06213   1   57.9
06214   1   63.2
06215   1   68.3
06216   1   53.8
06217   1   52.3
06218   1   48.6
06219   1   55.6
06220   1   55.6
06221   1   53.5
06222   1   53.5
06223   1   74.4
06225   1   63.2
06226   1   50.0
06227   2   54.9
06228   1   70.0
06229   1   60.5
06230   1   76.9
06231   1   55.8
06232   2   58.1
06233   2   69.7
06234   1   65.7
06235   1   62.2
06236   2   57.1
06237   2   46.1
06238   2   62.4
06239   2   57.1
06240   2   58.4
06241   2   46.9
06242   2   53.7
06243   2   57.0
06244   2   48.2
06245   2   44.1
06246   2   64.4
06247   2   46.7
06248   2   58.5
06249   2   56.5
06250   2   52.2
06251   2   51.9
06252   2   58.5
06253   2   54.2
06254   2   53.4
06255   2   43.2
06256   3   47.8
06257   3   52.1
06258   4   55.6
06259   4   64.0
06260   4   49.4
06261   4   54.2
06262   3   46.9
06263   4   61.0
06264   4   69.4
06265   4   64.4
06266   4   71.5
06267   4   60.0
06268   4   69.2
06269   4   62.0
06270   5   67.6
06271   4   63.8
06272   5   51.1
06273   5   61.0
06274   5   58.0
06275   5   54.1
06276   5   65.7
06277   5   61.7
06278   5   70.2
06279   5   61.1
06280   5   59.5
06281   5   53.7
06282   5   54.0
06283   5   57.4
06284   5   59.3
06285   5   55.3
06286   5   46.8
06287   5   60.6
06288   5   60.5
06289   5   56.5
06290   5   60.8
06291   5   48.6
06292   5   65.0
06293   5   72.0
06294   5   66.0
06295   5   56.2
06296   5   45.1
06297   5   35.5
06298   5   30.6
06299   5   45.7
06300   5   58.8
06301   5   52.9
06302   5   54.1
06303   5   60.6
06304   5   57.1
06305   5   50.7
06306   5   60.0
06307   5   56.8
06308   5   60.2
06309   5   58.2
06310   5   36.6
06311   6   49.1
06312   6   61.6
06313   7   42.9
06314   7   44.8
06315   7   61.4
06316   7   45.5
06317   7   52.2
06318   7   52.9
06319   7   28.5
06320   7   43.4
06321   7   42.4
06322   7   65.4
06323   7   65.4
06324   7   35.9
06325   7   53.0
06326   7   53.3
06327   7   47.7
06328   7   35.4
06329   7   53.9
06330   7   60.4
06331   7   48.5
06332   7   68.5
06333   7   58.0
06334   7   39.6
06335   7   44.6
06336   7   56.7
06337   7   52.6
06338   7   51.6
06339   7   44.5
06340   7   60.5
06341   7   47.7
06342   7   61.2
06343   7   60.8
06344   7   63.1
06345   7   53.5
06346   7   43.4
06347   7   56.1
06348   7   56.5
06349   7   56.0
06350   2   65.0
06351   2   46.0
06352   7   50.7
06353   7   53.4
06354   7   38.5
06355   6   46.7
06356   6   55.2
06357   6   54.8
06358   6   51.8
06359   5   65.8
06360   6   58.4
06361   6   51.9
06362   5   60.5
06363   6   64.0
06364   6   60.1
06365   6   61.0
07001   6   51.5
07002   6   50.3
07003   6   54.2
07004   6   59.3
07005   5   60.7
07006   5   47.2
07007   5   60.6
07008   5   52.1
07009   6   55.5
07010   6   50.8
07011   6   54.5
07012   6   37.0
07013   5   50.0
07014   5   29.0
07015   6   52.6
07016   6   56.1
07017   6   57.1
07018   5   41.4
07019   6   41.2
07020   5   48.0
07021   5   55.9
07022   6   40.9
07023   6   62.2
07024   6   61.9
07025   6   55.0
07026   6   54.7
07027   6   62.6
07028   6   58.2
07029   6   53.2
07030   6   63.7
07031   6   67.5
07032   6   65.8
07033   6   63.9
07034   6   65.8
07035   6   61.5
07036   6   69.5
07037   6   66.4
07038   6   63.1
07039   6   59.2
07040   6   52.1
07041   6   53.0
07042   6   61.4
07043   6   35.5
07044   5   44.8
07045   7   29.1
07046   7   57.4
07047   7   53.6
07048   8   58.9
07049   7   56.4
07050   8   56.9
07051   7   35.2
07052   8   46.2
07053   8   58.1
07054   8   66.7
07055   8   66.5
07056   6   61.9
07057   8   59.7
07058   8   60.6
07059   6   46.9
07060   8   54.8
07061   7   66.1
07062   7   67.0
07063   7   61.6
07064   7   51.7
07065   7   54.7
07066   8   52.8
07067   9   51.7
07068   8   46.6
07069   8   56.4
07070   8   51.2
07071   9   44.1
07072   8   45.2
07073   8   43.9
07074   9   33.7
07075   9   39.6
07076   8   60.0
07077   8   54.4
07078   8   65.8
07079   7   58.0
07080   7   49.4
07081   8   48.1
07082   8   58.7
07083   8   54.6
07084   8   57.2
07085   8   40.9
07086   8   48.7
07087   8   48.6
07088   8   52.8
07089   9   56.6
07090   9   55.2
07091   8   51.4
07092   8   51.3
07093   9   30.9
07094   9   22.6
07095   8   42.0
07096   8   47.5
07097   8   49.3
07098   8   55.5
07099   8   47.9
07100   9   47.4
07101   8   55.2
07102   8   39.8
07103   9   40.0
07104   8   49.5
07105   9   57.3
07106   9   48.1
07107   9   36.9
07108   9   43.5
07109   8   43.4
07110   9   45.0
07111   8   37.5
07112   8   46.7
07113   8   39.5
07114   8   48.9
07115   9   47.4
07116   8   48.3
07117   8   53.6
07118   9   49.0
07119   8   47.6
07120   9   56.2
07121   7   49.5
07122   9   40.5
07123   8   44.9
07124   8   52.2
07125   8   47.2
07126   7   41.8
07127   8   58.3
07128   8   37.9
07129   9   48.7
07130   8   37.2
07131   8   46.9
07132   8   52.4
07133   8   42.4
07134   9   48.1
07135   8   42.5
07136   8   42.5
07137   8   57.7
07138   8   41.4
07139   8   41.0
07140   8   49.3
07141   8   41.6
07142   8   47.9
07143   8   40.8
07144   7   45.6
07145   8   43.4
07146   8   44.5
07147   7   55.6
07148   8   53.3
07149   6   43.9
07150   7   49.7
07151   9   37.6
07152   9   46.5
07153   8   43.6
07154   8   42.7
07155   9   49.8
07156   9   45.4
07157   9   42.4
07158   8   49.8
07159   9   47.2
07160   9   46.7
07161   9   44.1
07162   9   45.1
07163   7   49.8
07164   8   47.0
07165   8   38.3
07166   8   57.4
07167   8   58.4
07168   8   48.4
07169   7   51.0
07170   8   52.7
07171   8   54.1
07172   9   46.0
07173   6   52.1
07174   8   53.1
07175   7   52.0
07176   7   46.8
07177   8   51.9
07178   8   50.2
07179   7   54.8
07180   8   45.5
07181   9   48.9
07182   9   45.2
07183   7   50.5
07184   8   50.0
07185   8   45.0
07186   8   57.5
07187   7   52.8
07188   8   49.8
07189   8   47.2
07190   9   53.0
07191   9   46.3
07192   9   41.2
07193   8   45.4
07194   8   42.4
07195   8   44.5
07196   9   51.8
07197   8   41.6
07198   9   37.6
07199   9   49.6
07200   9   42.7
07201   9   43.8
07202   4   46.8
07203   4   51.2
07204   9   46.6
07205   9   51.1
07206   9   51.3
07207   9   41.3
07208   8   46.2
07209   9   50.0
07210   9   55.5
07211   9   49.1
07212   9   49.2
07213   9   46.7
07214   9   50.7
07215   9   41.4
07216   9   48.9
07217   8   36.8
07218   9   39.6
07219   9   46.4
07220   8   52.3
07221   9   48.4
07222   8   48.1
07223   9   48.3
07224   9   40.9
07225   9   48.4
07226   9   49.4
07227   9   49.4
07228   9   25.8
07229   9   42.1
07230   8   37.9
07231   8   37.2
07232   9   48.1
07233   7   46.0
07234   8   34.7
07235   7   56.7
07236   9   52.0
07237   9   47.1
07238   9   40.7
07239   7   53.6
07240   7   47.2
07241   8   44.2
07242   7   48.3
07243   7   63.5
07244   9   59.8
07245   9   59.3
07246   6   50.8
07247   7   50.7
07248   8   47.7
07249   7   60.4
07250   8   52.7
07251   8   66.7
07252   9   60.8
07253   9   58.8
07254   8   47.8
07255   9   49.5
07256   9   51.2
07257   9   45.8
07258   9   50.3
07259   9   45.7
07260   8   52.5
07261   8   43.3
07262   8   42.7
07263   8   33.7
07264   9   46.9
07265   8   43.6
07266   8   41.7
07267   8   36.7
07268   8   41.1
07269   8   56.7
07270   8   45.8
07271   8   60.3
07272   7   53.9
07273   8   42.3
07274   9   37.4
07275   9   45.5
07276   8   50.0
07277   8   44.2
07278   8   50.6
07279   8   53.2
07280   8   52.2
07281   9   23.6
07282   8   60.1
07283   9   59.6
07284   8   56.4
07285   8   53.7
07286   8   59.0
07287   9   48.2
07288   8   52.0
07289   8   49.3
07290   8   39.4
07291   8   37.8
07292   8   59.3
07293   8   57.7
07294   8   64.8
07295   8   63.3
07296   8   63.6
07297   8   63.8
07298   8   62.6
07299   8   56.2
07300   8   58.0
07301   8   54.6
07302   9   52.7
07303   8   54.3
07304   8   48.3
07305   8   59.0
07306   8   55.6
07307   8   49.0
07308   4   66.9
07309   6   51.2
07310   6   57.4
07311   6   62.6
07312   3   50.0
07313   5   59.5
07314   5   57.2
07315   5   56.6
07316   5   59.2
07317   5   57.1
07318   5   56.3
07319   5   51.5
07320   5   52.8
07321   5   66.5
07322   5   64.2
07323   5   49.6
07324   5   60.4
07325   5   63.8
07326   5   68.3
07327   4   71.0
07328   4   62.8
07329   5   60.9
07330   6   54.4
07331   5   66.9
07332   5   61.9
07333   5   58.9
07334   5   62.3
07335   5   60.2
07336   5   62.6
07337   5   50.0
07338   5   55.8
07339   5   46.6
07340   5   55.6
07341   5   57.5
07342   5   64.7
07343   5   58.7
07344   5   55.6
07345   5   58.6
07346   5   49.0
07347   4   59.5
07348   5   53.8
07349   5   56.7
07350   5   60.8
07351   4   35.9
07352   5   38.4
07353   5   50.3
07354   5   45.5
07355   5   47.8
07356   5   58.7
07357   5   65.5
07358   5   76.3
07359   5   61.6
07360   5   56.4
07361   5   59.2
07362   5   50.0
07363   5   56.6
07364   5   61.3
07365   5   62.3
08001   5   68.5
08002   5   59.2
08003   5   56.1
08004   5   54.6
08005   6   30.8
08006   6   59.2
08007   7   51.0
08008   5   57.4
08009   5   55.5
08010   4   52.9
08011   5   60.1
08012   5   59.2
08013   5   58.3
08014   5   59.0
08015   5   61.1
08016   5   40.9
08017   5   70.0
08018   5   66.5
08019   5   54.5
08020   5   58.8
08021   6   47.7
08022   8   47.4
08023   7   41.7
08024   7   59.8
08025   6   64.0
08026   6   65.1
08027   7   54.8
08028   7   47.3
08029   6   48.4
08030   3   53.5
08031   3   63.6
08032   3   59.8
08033   3   58.1
08034   3   55.0
08035   3   62.6
08036   3   69.3
08037   3   57.8
08038   3   59.4
08039   3   46.6
08040   6   51.3
08041   6   55.0
08042   6   50.3
08043   6   52.9
08044   7   53.4
08045   8   60.7
08046   8   56.8
08047   8   57.0
08048   8   58.7
08049   8   57.7
08050   8   36.2
08051   8   51.2
08052   8   57.9
08053   8   55.4
08054   8   59.9
08055   8   55.9
08056   8   55.2
08057  10   57.9
08058  10   58.8
08059   9   59.0
08060   9   67.8
08061  10   67.6
08062   9   60.4
08063  10   62.9
08064  10   74.0
08065  10   55.9
08066  10   63.3
08067  10   60.0
08068  10   66.9
08069  10   63.1
08070   9   62.1
08071  10   68.4
08072  11   55.3
08073  12   44.8
08074  11   51.9
08075  11   49.2
08076  11   59.7
08077  11   64.0
08078  11   58.1
08079  12   67.0
08080  13   52.5
08081  13   53.2
08082  12   63.8
08083  12   63.4
08084  12   69.2
08085  13   47.7
08086  13   51.7
08087  13   51.7
08088  13   60.1
08089  12   57.8
08090  12   60.7
08091  12   62.7
08092  13   61.5
08093  13   48.2
08094  13   54.0
08095  13   63.3
08096  13   66.4
08097  13   62.1
08098  13   60.5
08099  13   61.4
08100  13   58.7
08101  12   57.3
08102  13   60.9
08103  13   63.4
08104  13   58.9
08105  13   55.0
08106  13   25.4
08107  13   60.3
08108  14   56.4
08109  14   57.9
08110  14   64.0
08111  14   62.9
08112  14   63.7
08113  14   48.3
08114  14   55.6
08115  15   52.8
08116  15   51.8
08117  15   61.9
08118  13   57.8
08119  13   53.5
08120  13   63.2
08121  14   47.0
08122  15   51.3
08123  15   61.2
08124  15   62.8
08125  15   58.7
08126  15   59.8
08127  15   62.4
08128  13   38.1
08129  15   53.8
08130  15   61.6
08131  15   62.5
08132  15   59.7
08133  15   61.4
08134  15   63.3
08135  15   58.3
08136  15   55.3
08137  15   56.3
08138  15   61.5
08139  14   58.6
08140  15   39.0
08141  15   44.4
08142  14   45.7
08143  15   61.6
08144  15   58.3
08145  15   60.8
08146  15   58.0
08147  15   51.3
08148  15   57.7
08149  15   62.7
08150  14   60.0
08151  14   57.6
08152  15   64.9
08153  15   58.7
08154  15   57.6
08155  13   59.4
08156  13   59.9
08157  13   60.7
08158  15   54.4
08159  12   64.3
08160  12   69.5
08161  13   65.4
08162  13   59.7
08163  13   40.6
08164  13   58.4
08165  13   63.3
08166  15   55.6
08167  13   63.4
08168  15   56.9
08169  15   58.9
08170  14   55.6
08171  15   50.8
08172  15   54.4
08173  15   60.4
08174  15   48.8
08175  15   54.1
08176  15   55.8
08177  15   49.4
08178  14   51.3
08179  15   40.9
08180  14   58.8
08181  15   54.7
08182  15   36.3
08183  15   55.6
08184  15   50.1
08185  15   45.9
08186  15   49.9
08187  15   50.1
08188  14   47.2
08189  15   49.5
08190  15   61.7
08191  15   58.7
08192  15   55.5
08193  15   47.1
08194  15   52.3
08195  15   58.0
08196  14   41.6
08197  15   47.6
08198  15   52.2
08199  15   58.6
08200  15   59.4
08201  15   49.6
08202  15   52.6
08203  15   55.7
08204   6   41.0
08205   5   56.6
08206   5   44.9
08207   5   39.7
08208   6   37.2
08209  15   51.3
08210  15   51.6
08211  15   52.1
08212  15   54.0
08213  15   48.8
08214  15   50.4
08215  15   59.0
08216  15   55.9
08217  15   48.4
08218  15   45.6
08219  15   51.1
08220  14   50.4
08221  14   45.2
08222  13   59.1
08223  13   58.2
08224  14   47.6
08225  15   49.2
08226  15   30.8
08227  13   60.4
08228  14   52.5
08229  14   55.0
08230  14   52.7
08231  13   55.9
08232  13   32.3
08233  13   55.3
08234  13   56.6
08235  14   53.3
08236  15   51.0
08237  14   48.0
08238  13   62.2
08239  14   59.0
08240  13   57.2
08241  13   51.1
08242  13   58.6
08243  14   58.1
08244  14   47.7
08245  14   55.5
08246  14   56.2
08247  14   52.6
08248  14   50.3
08249  14   45.7
08250  13   57.1
08251  14   53.7
08252  14   51.9
08253  14   51.1
08254  14   38.6
08255  13   51.1
08256  13   54.6
08257  11   48.6
08258  12   55.4
08259  13   60.5
08260  14   61.2
08261  15   58.7
08262  13   60.2
08263  15   57.4
08264  15   65.4
08265  15   64.2
08266  13   46.7
08267  14   53.4
08268  15   55.5
08269  12   59.3
08270  11   66.8
08271  12   62.7
08272  13   58.3
08273  14   55.5
08274  14   60.0
08275  14   54.4
08276  14   56.2
08277  13   60.5
08278  13   64.6
08279  13   55.8
08280  13   58.8
08281  14   51.3
08282  14   52.2
08283  14   60.7
08284  14   60.4
08285  14   58.7
08286  14   61.9
08287  14   62.5
08288  14   56.2
08289  14   60.1
08290  14   42.4
08291  14   58.8
08292  14   52.4
08293  14   48.2
08294  14   52.8
08295  15   58.0
08296  15   59.4
08297  15   55.6
08298  15   49.5
08299  15   50.6
08300  15   49.8
08301  15   51.7
08302  15   45.3
08303  15   46.1
08304  15   62.2
08305  14   52.7
08306  14   48.6
08307  14   49.9
08308  15   40.6
08309  15   51.7
08310  12   45.1
08311  13   44.9
08312  14   64.9
08313  14   49.9
08314  14   50.1
08315  15   57.1
08316  15   56.6
08317  15   55.6
08318  15   38.3
08319  15   53.5
08320  15   60.9
08321  15   57.8
08322  15   63.3
08323  15   48.5
08324  15   59.9
08325  15   61.4
08326  15   53.6
08327  15   64.7
08328  14   64.9
08329  15   56.6
08330  15   59.3
08331  15   58.1
08332  15   52.0
08333  14   58.7
08334  14   63.6
08335  14   65.2
08336  15   66.1
08337  15   65.1
08338  15   53.7
08339  15   53.1
08340  15   58.6
08341  15   60.2
08342  15   66.4
08343  15   66.5
08344  15   62.3
08345  15   62.7
08346  15   52.2
08347  15   53.3
08348  15   62.1
08349  15   65.6
08350  15   61.5
08351  15   64.3
08352  15   58.1
08353  15   60.4
08354  15   59.0
08355  15   59.9
08356  15   53.3
08357  15   59.3
08358  15   68.1
08359  15   64.1
08360  15   62.3
08361  15   60.6
08362  15   60.6
08363  15   62.3
08364  14   48.0
08365  13   58.2
08366   5   58.3
09001   5   52.6
09002  14   58.9
09003  15   66.3
09004  14   68.2
09005  15   65.6
09006  15   60.2
09007  15   64.4
09008  15   67.3
09009  15   61.7
09010  15   64.2
09011  15   59.6
09012  15   44.0
09013  15   41.9
09014  15   26.0
09015  15   57.5
09016  15   62.8
09017  15   67.5
09018  15   60.8
09019  14   55.9
09020  15   66.3
09021  15   49.5
09022  15   64.2
09023  15   63.3
09024  15   58.5
09025  15   62.5
09026  14   58.1
09027  15   61.8
09028  15   59.4
09029  15   53.4
09030  15   50.5
09031  15   66.0
09032  15   66.4
09033  14   47.3
09034  15   55.5
09035  15   58.3
09036  15   66.0
09037  15   59.6
09038  15   63.3
09039  15   64.6
09040  15   62.2
09041  15   49.0
09042  15   37.6
09043  15   44.8
09044  15   66.1
09045  14   62.2
09046  15   62.1
09047  15   68.3
09048  15   70.8
09049  15   67.9
09050  15   71.1
09051  15   73.7
09052  15   65.6
09053  14   69.2
09054  15   65.2
09055  15   73.7
09056  15   53.7
09057  15   73.6
09058  15   75.0
09059  15   72.2
09060  15   70.0
09061  15   69.0
09062  15   72.2
09063  15   70.6
09064  15   68.5
09065  15   67.7
09066  15   73.6
09067  15   66.6
09068  15   68.1
09069  15   70.7
09070  15   67.5
09071  15   59.0
09072  15   67.3
09073  15   70.5
09074  15   71.3
09075  15   71.1
09076  15   70.3
09077  13   65.3
09078  13   66.1
09079  15   74.3
09080  15   66.0
09081  15   66.4
09082  15   70.0
09083  15   59.1
09084  14   44.1
09085  15   71.1
09086  15   66.1
09087  15   71.8
09088  15   74.2
09089  15   63.1
09090  15   72.7
09091  15   65.7
09092  15   59.8
09093  15   66.7
09094  15   67.1
09095  15   66.1
09096  15   68.0
09097  15   66.8
09098  15   68.6
09099  15   70.5
09100  15   67.6
09101  14   69.0
09102  15   67.9
09103  15   66.9
09104  15   69.2
09105  14   66.3
09106  15   70.3
09107  15   74.6
09108  15   67.0
09109  15   69.2
09110  15   71.2
09111  15   55.9
09112  15   62.6
09113  15   62.6
09114  15   63.5
09115  15   72.2
09116  15   71.6
09117  15   65.1
09118  15   62.6
09119  15   71.0
09120  15   68.8
09121  15   63.4
09122  15   69.3
09123  15   60.9
09124  15   63.6
09125  15   65.9
09126  15   66.4
09127  15   66.5
09128  15   63.0
09129  15   66.6
09130  15   67.6
09131  15   65.8
09132  15   58.4
09133  15   67.6
09134  15   64.0
09135  15   70.2
09136  15   67.0
09137  15   61.8
09138  15   60.4
09139  14   70.7
09140  15   57.9
09141  15   64.8
09142  15   64.5
09143  15   65.4
09144  15   63.8
09145  15   61.7
09146  16   61.4
09147  16   51.5
09148  16   64.8
09149  16   46.8
09150  16   65.2
09151  16   57.4
09152  16   67.5
09153  16   68.0
09154  16   66.4
09155  16   65.7
09156  15   55.4
09157  16   65.4
09158  15   60.8
09159  16   65.4
09160  16   61.8
09161  16   67.6
09162  16   64.1
09163  16   64.9
09164  16   58.5
09165  16   59.4
09166  16   63.2
09167  16   61.5
09168  16   52.6
09169  16   58.7
09170  16   54.1
09171  16   64.6
09172  16   66.9
09173  16   67.6
09174  16   58.9
09175  16   63.8
09176  16   64.4
09177  15   64.9
09178  15   68.1
09179  15   72.0
09180  16   65.8
09181  16   59.9
09182  16   62.0
09183  16   63.2
09184  16   60.2
09185  16   62.0
09186  16   61.1
09187  16   63.0
09188  16   59.1
09189  16   64.8
09190  16   58.7
09191  17   65.2
09192  17   66.2
09193  17   64.7
09194  17   60.1
09195  17   60.4
09196  17   64.2
09197  17   53.2
09198  17   56.4
09199  17   61.1
09200  17   61.2
09201  17   52.1
09202  17   65.3
09203  17   61.1
09204  17   59.9
09205  17   60.9
09206  17   60.6
09207  17   68.2
09208  17   63.3
09209  17   63.4
09210  17   60.2
09211  17   44.3
09212  17   58.8
09213  17   59.7
09214  17   60.2
09215  17   63.2
09216  17   65.7
09217  17   61.9
09218  17   55.7
09219  17   64.3
09220  17   67.2
09221  17   67.3
09222  17   50.7
09223  17   65.9
09224  17   49.6
09225  17   67.2
09226  17   56.6
09227  17   65.6
09228  17   60.3
09229  17   63.6
09230  17   68.4
09231  17   65.0
09232  17   66.8
09233  17   67.3
09234  16   66.2
09235  17   69.3
09236  15   67.6
09237  16   62.7
09238  16   68.4
09239  16   65.3
09240  17   68.5
09241  17   67.2
09242  17   70.3
09243  17   64.7
09244  17   59.8
09245  17   60.6
09246  16   56.4
09247  17   59.6
09248  16   70.6
09249  16   71.6
09250  16   70.1
09251  17   68.5
09252  17   68.5
09253  17   65.7
09254  17   51.7
09255  17   70.1
09256  17   70.2
09257  17   72.6
09258  17   62.7
09259  17   64.2
09260  16   67.0
09261  17   68.9
09262  17   68.7
09263  17   72.8
09264  17   64.1
09265  16   52.9
09266  17   66.4
09267  17   65.9
09268  17   69.0
09269  17   68.9
09270  16   57.7
09271  16   65.3
09272  16   73.0
09273   6   69.4
09274  17   67.1
09275  17   62.4
09276  17   69.5
09277  17   71.8
09278  17   56.2
09279  17   67.6
09280  17   70.6
09281  18   51.2
09282  18   64.8
09283  18   61.9
09284  18   66.9
09285  18   67.6
09286  18   64.3
09287  17   52.3
09288  18   57.0
09289  19   68.9
09290  19   69.0
09291  18   72.9
09292  19   70.3
09293  19   67.8
09294  18   61.8
09295  18   48.1
09296  19   61.3
09297  19   65.9
09298  18   67.9
09299  19   67.4
09300  19   72.9
09301  19   68.9
09302  19   61.3
09303  19   57.0
09304  19   65.6
09305  19   68.0
09306  19   69.6
09307  20   63.9
09308  19   66.1
09309  20   66.1
09310  19   70.2
09311  21   70.8
09312  20   73.5
09313  20   72.0
09314  20   74.1
09315  21   72.1
09316  21   66.7
09317  21   54.4
09318  21   68.3
09319  21   70.3
09320  21   71.8
09321  21   65.6
09322  21   63.4
09323  22   65.0
09324  22   68.0
09325  22   68.0
09326  22   67.8
09327  22   67.4
09328  22   67.3
09329  22   68.7
09330  22   69.1
09331  22   67.7
09332  22   71.7
09333  22   70.4
09334  22   73.8
09335  22   71.6
09336  22   71.5
09337  22   73.9
09338  22   73.6
09339  22   72.0
09340  22   72.5
09341  22   68.1
09342  22   54.4
09343  22   54.9
09344  22   49.1
09345  22   58.5
09346  22   71.2
09347  22   66.4
09348  22   70.0
09349  22   69.0
09350  22   70.2
09351  22   72.6
09352  22   71.4
09353  21   75.3
09354  22   69.9
09355  22   71.5
09356  21   69.0
09357  22   72.1
09358  22   70.3
09359  22   71.9
09360  22   71.3
09361  22   70.4
09362  22   55.3
09363  22   68.8
09364  22   64.8
09365  22   70.3
10001  22   70.2
10002  22   70.9
10003  22   70.2
10004  22   70.2
10005  22   68.0
10006  21   69.2
10007  22   70.8
10008  22   67.5
10009  22   61.3
10010  22   71.9
10011  22   74.1
10012  22   70.0
10013  22   52.6
10014  22   63.7
10015  22   66.3
10016  22   66.5
10017  22   64.7
10018  21   59.0
10019  21   70.5
10020  22   71.2
10021  21   75.4
10022  21   71.3
10023  22   69.0
10024  22   69.9
10025  22   67.6
10026  22   53.4
10027  21   67.8
10028  22   69.8
10029  22   67.4
10030  22   72.8
10031  22   73.4
10032  21   61.6
10033  22   65.1
10034  22   73.3
10035  22   72.4
10036  22   65.2
10037  22   68.5
10038  22   73.0
10039  22   66.3
10040  22   71.6
10041  22   69.7
10042  21   72.0
10043  22   73.6
10044  22   72.6
10045  22   71.8
10046  22   52.2
10047  22   66.5
10048  22   68.4
10049  22   61.4
10050  22   57.9
10051  22   72.6
10052  22   69.2
10053  22   64.8
10054  22   66.2
10055  22   68.2
10056  22   63.1
10057  22   67.0
10058  22   69.6
10059  22   67.1
10060  22   67.3
10061  22   67.6
10062  22   67.4
10063  22   67.8
10064  22   68.0
10065  22   69.3
10066  22   69.7
10067  22   69.5
10068  22   65.0
10069  22   66.6
10070  22   69.8
10071  22   50.8
10072  22   69.9
10073  22   64.8
10074  22   60.0
10075  22   67.1
10076  22   65.2
10077  23   64.9
10078  23   65.3
10079  23   67.3
10080  23   60.7
10081  22   58.9
10082  23   45.3
10083  22   65.6
10084  22   60.7
10085  22   59.5
10086  22   64.9
10087  23   66.8
10088  23   66.1
10089  24   66.4
10090  24   70.5
10091  23   63.0
10092  24   72.4
10093  23   16.0
10094  11   26.1
10095  15   23.0
10096  22   54.9
10097  24   54.5
10098  23   50.7
10099  24   67.8
10100  24   74.4
10101  24   75.3
10102  24   76.1
10103  25   71.5
10104  25   67.2
10105  25   68.6
10106  25   53.6
10107  25   72.0
10108  25   69.2
10109  25   69.3
10110  25   65.3
10111  25   68.0
10112  26   54.9
10113  26   69.1
10114  27   68.2
10115  26   71.8
10116  25   69.8
10117  27   71.2
10118  27   72.2
10119  27   69.5
10120  26   65.3
10121  26   71.4
10122  26   72.2
10123  26   68.7
10124  26   72.7
10125  27   70.1
10126  27   71.8
10127  27   73.8
10128  27   72.5
10129  27   70.1
10130  27   72.2
10131  27   70.9
10132  27   72.9
10133  27   72.2
10134  27   75.5
10135  27   72.2
10136  27   71.4
10137  27   56.9
10138  27   73.1
10139  27   71.7
10140  27   70.3
10141  27   67.3
10142  27   68.4
10143  27   69.8
10144  27   65.5
10145  27   62.6
10146  27   65.7
10147  27   69.0
10148  27   64.6
10149  27   67.4
10150  27   66.7
10151  27   70.2
10152  27   67.4
10153  27   71.4
10154  27   71.4
10155  27   70.4
10156  27   67.4
10157  27   64.3
10158  27   69.1
10159  26   69.0
10160  27   39.1
10161  27   63.0
10162  27   51.6
10163  26   66.2
10164  27   70.0
10165  27   69.1
10166  27   71.1
10167  27   68.8
10168  27   66.6
10169  27   64.9
10170  27   70.6
10171  38   72.4
10172  39   68.0
10173  27   72.2
10174  27   66.1
10175  27   68.7
10176  27   66.0
10177  27   63.5
10178  27   68.3
10179  27   68.0
10180  27   64.8
10181  26   68.2
10182  27   66.4
10183  27   69.1
10184  27   62.4
10185  27   61.9
10186  27   63.8
10187  27   69.2
10188  27   72.8
10189  27   72.5
10190  27   66.3
10191  27   67.7
10192  27   61.5
10193  27   61.1
10194  27   64.1
10195  27   62.4
10196  27   50.5
10197  27   63.0
10198  27   63.3
10199  25   67.4
10200  27   58.3
10201  27   66.3
10202  27   60.6
10203  27   60.6
10204  27   63.0
10205  27   68.3
10206  27   70.4
10207  27   45.5
10208  27   67.3
10209  28   67.5
10210  28   55.2
10211  28   71.4
10212  28   69.3
10213  27   65.0
10214  28   65.4
10215  28   64.8
10216  28   53.1
10217  28   68.9
10218  28   69.1
10219  28   68.1
10220  28   63.5
10221  28   62.7
10222  28   54.8
10223  28   64.5
10224  28   60.5
10225  28   49.7
10226  28   67.5
10227  28   64.1
10228  28   68.5
10229  28   65.6
10230  27   52.4
10231  28   65.3
10232  28   59.7
10233  28   67.6
10234  28   66.5
10235  28   65.3
10236  28   62.6
10237  28   68.1
10238  28   62.3
10239  28   62.7
10240  28   67.7
10241  28   69.0
10242  28   68.9
10243  28   71.0
10244  28   69.9
10245  28   71.0
10246  28   72.2
10247  28   67.7
10248  28   68.7
10249  28   66.1
10250  28   67.6
10251  28   49.0
10252  28   68.9
10253  28   67.8
10254  28   69.2
10255  28   68.7
10256  28   64.4
10257  28   65.0
10258  28   61.3
10259  28   50.3
10260  28   59.4
10261  28   70.4
10262  28   67.1
10263  28   68.1
10264  28   67.8
10265  28   64.7
10266  28   65.3
10267  28   65.2
10268  28   70.5
10269  28   71.5
10270  28   67.1
10271  28   63.0
10272  28   61.2
10273  28   70.7
10274  28   69.8
10275  28   70.4
10276  26   69.4
10277  28   68.1
10278  27   58.8
10279  28   66.7
10280  28   67.6
10281  28   65.0
10282  27   69.2
10283  28   68.3
10284  28   67.1
10285  28   67.4
10286  28   68.8
10287  28   67.5
10288  28   50.8
10289  28   67.1
10290  28   70.7
10291  28   68.7
10292  28   66.6
10293  28   61.4
10294  28   69.4
10295  28   66.5
10296  28   66.4
10297  28   63.3
10298  28   68.9
10299  28   66.3
10300  28   66.1
10301  28   63.9
10302  28   62.7
10303  28   66.7
10304  27   68.6
10305  28   68.9
10306  28   65.4
10307  28   61.5
10308  28   55.9
10309  28   64.7
10310  28   69.1
10311  28   68.8
10312  28   68.1
10313  29   51.8
10314  28   68.1
10315  28   66.8
10316  28   59.6
10317  28   61.3
10318  28   66.0
10319  28   65.8
10320  27   61.0
10321  28   66.2
10322  28   67.2
10323  28   69.5
10324  28   65.9
10325  28   67.4
10326  28   59.5
10327  28   60.0
10328  28   63.4
10329  28   61.8
10330  28   68.1
10331  27   68.1
10332   6   67.3
10333   6   64.4
10334   7   62.7
10335   7   62.2
10336   7   59.1
10337   7   62.8
10338   7   62.6
10339  28   74.7
10340  28   56.4
10341  28   66.1
10342  28   65.2
10343  28   60.1
10344  28   61.7
10345  28   62.6
10346  28   67.3
10347  28   66.5
10348  28   64.4
10349  28   62.7
10350  28   61.7
10351  28   65.9
10352  28   67.1
10353  28   65.1
10354  28   47.1
10355  28   65.2
10356  28   68.6
10357  28   70.6
10358  27   69.4
10359  28   65.4
10360  28   65.4
10361  28   60.6
10362  28   58.4
10363  28   66.6
10364  28   67.8
10365  28   69.7
11001  28   62.5
11002  28   69.5
11003  28   66.1
11004  28   71.3
11005  28   70.1
11006  28   65.1
11007  28   63.3
11008  28   66.3
11009  28   66.2
11010  28   70.3
11011  27   69.4
11012  28   71.2
11013  28   69.8
11014  28   65.4
11015  28   71.2
11016  28   72.7
11017  28   67.9
11018  28   48.3
11019  28   67.4
11020  27   67.2
11021  28   72.2
11022  28   71.9
11023  28   72.1
11024  28   71.2
11025  28   68.0
11026  27   69.4
11027  28   69.1
11028  28   73.0
11029  27   72.6
11030  28   75.6
11031  28   68.4
11032  28   72.1
11033  28   67.8
11034  28   69.6
11035  28   68.4
11036  28   66.8
11037  28   68.8
11038  28   69.1
11039  27   56.3
11040  28   66.6
11041  28   45.9
11042  27   66.8
11043  27   66.8
11044  27   68.0
11045  27   68.6
11046  28   54.9
11047  28   68.0
11048  28   65.6
11049  28   71.0
11050  28   70.7
11051  27   66.5
11052  28   67.8
11053  28   64.1
11054  28   69.0
11055  27   70.2
11056  28   67.6
11057  28   68.0
11058  28   67.7
11059  28   70.8
11060  28   69.0
11061  28   69.1
11062  28   57.4
11063  28   69.0
11064  28   68.2
11065  28   67.2
11066  28   71.2
11067  28   67.2
11068  28   62.9
11069  28   51.7
11070  28   71.5
11071  28   73.5
11072  28   70.4
11073  28   69.4
11074  28   67.3
11075  29   61.0
11076  27   65.9
11077  28   68.0
11078  28   70.8
11079  28   68.2
11080  28   62.8
11081  28   65.3
11082  28   66.5
11083  28   60.8
11084  28   60.7
11085  28   63.8
11086  28   69.4
11087  28   66.0
11088  28   68.4
11089  28   66.2
11090  28   62.5
11091  28   62.1
11092  28   64.1
11093  28   60.1
11094  28   62.4
11095  28   58.6
11096  28   69.1
11097  28   65.2
11098  28   64.9
11099  28   63.2
11100  28   63.6
11101  28   64.7
11102  28   66.6
11103  28   52.3
11104  28   64.7
11105  28   69.1
11106  29   69.5
11107  28   64.9
11108  28   65.6
11109  28   47.1
11110  28   58.9
11111  28   64.5
11112  28   65.2
11113  28   64.1
11114  28   62.8
11115  28   63.4
11116  28   66.2
11117  28   63.8
11118  28   63.3
11119  27   70.5
11120  28   72.2
11121  28   69.7
11122  28   69.3
11123  28   69.7
11124  28   67.9
11125  28   53.6
11126  28   68.9
11127  28   66.8
11128  28   62.1
11129  28   65.5
11130  26   64.2
11131  28   60.8
11132  28   61.7
11133  28   65.3
11134  28   65.6
11135  28   65.7
11136  28   68.5
11137  28   53.2
11138  28   67.4
11139  28   62.7
11140  28   62.1
11141  28   60.1
11142  28   61.3
11143  28   64.5
11144  28   60.7
11145  28   62.0
11146  27   57.0
11147  28   63.7
11148  28   68.9
11149  28   68.9
11150  28   67.7
11151  28   58.6
11152  28   66.8
11153  28   66.7
11154  27   64.5
11155  28   63.1
11156  28   62.0
11157  28   61.4
11158  28   61.6
11159  28   64.8
11160  28   63.6
11161  28   65.5
11162  28   64.7
11163  28   64.8
11164  28   66.3
11165  28   64.4
11166  27   62.0
11167  28   59.3
11168  28   64.6
11169  28   63.8
11170  27   65.7
11171  28   66.2
11172  28   63.5
11173  28   47.0
11174  28   61.3
11175  28   64.3
11176  28   72.2
11177  28   64.7
11178  28   62.1
11179  28   43.1
11180  28   59.1
11181  28   60.9
11182  27   51.1
11183  28   65.3
11184  28   60.4
11185  28   65.1
11186  28   59.6
11187  28   57.5
11188  28   58.2
11189  27   58.4
11190  28   59.5
11191  28   59.0
11192  28   56.6
11193  28   52.8
11194  28   56.4
11195  28   61.2
11196  28   61.1
11197  27   63.4
11198  28   57.4
11199  28   62.2
11200  28   62.9
11201  28   65.0
11202  28   64.0
11203  28   66.2
11204  28   66.2
11205  28   66.8
11206  28   64.6
11207  28   62.4
11208  28   55.5
11209  28   52.8
11210  28   60.9
11211  28   63.0
11212  28   62.8
11213  28   61.3
11214  39   62.7
11215  39   63.9
11216  40   63.2
11217  28   61.7
11218  28   55.9
11219  28   59.8
11220  28   62.9
11221  28   62.9
11222  28   66.5
11223  27   42.8
11224  27   62.7
11225  28   62.4
11226  28   59.7
11227  28   56.9
11228  28   58.9
11229  28   59.5
11230  28   58.1
11231  28   59.6
11232  28   61.7
11233  26   46.4
11234   7   42.7
11235   8   45.7
11236   6   38.0
11237   7   40.9
11238   6   42.9
11239   6   53.1
11240  27   65.2
11241  27   62.7
11242  27   68.1
11243  28   61.4
11244  28   60.9
11245  28   65.0
11246  28   59.8
11247  28   62.4
11248  28   43.9
11249  28   65.4
11250  28   60.2
11251  28   67.0
11252  28   67.3
11253  27   68.8
11254   6   50.0
11255   5   47.3
11256   6   56.9
11257   7   47.9
11258  28   40.7
11259  28   63.0
11260  28   60.6
11261  28   65.7
11262  28   65.3
11263  28   63.4
11264  28   65.6
11265  28   61.6
11266  28   65.5
11267  28   60.2
11268  28   65.5
11269  28   62.8
11270  28   61.0
11271  28   58.5
11272  28   62.9
11273  28   61.7
11274  28   65.9
11275  28   62.6
11276  27   66.1
11277  28   52.2
11278  28   62.6
11279  28   61.0
11280  28   64.4
11281  28   63.8
11282  28   66.2
11283  28   60.2
11284  28   64.3
11285  28   69.5
11286  28   68.3
11287  28   63.6
11288  28   62.9
11289  28   67.6
11290  28   65.3
11291  28   70.5
11292  28   51.7
11293  28   61.4
11294  27   67.3
11295  28   64.3
11296  28   63.7
11297  28   63.4
11298  28   60.9
11299  28   62.4
11300  27   65.4
11301  28   64.2
11302  28   66.4
11303  28   68.8
11304  28   65.1
11305  28   61.8
11306  27   38.7
11307  28   62.7
11308  28   56.4
11309  28   64.6
11310  28   64.0
11311  28   58.9
11312  28   65.9
11313  28   64.7
11314  28   61.6
11315  28   62.6
11316  28   62.1
11317  28   66.8
11318  28   62.4
11319  28   68.1
11320  28   54.1
11321  28   64.5
11322  28   69.2
11323  28   66.1
11324  28   67.8
11325  28   68.8
11326  28   68.9
11327  28   69.6
11328  10   51.8
11329   9   58.1
11330  10   58.8
11331  11   58.1
11332  11   58.1
11333  11   57.4
11334  11   55.9
11335  10   54.9
11336  10   58.1
11337  28   66.4
11338  28   64.5
11339  28   67.5
11340  28   66.1
11341  27   65.9
11342  27   61.4
11343  29   63.3
11344  29   66.3
11345  28   66.2
11346  29   61.4
11347  29   43.6
11348  29   48.9
11349  29   58.7
11350  29   65.5
11351  29   67.8
11352  29   67.4
11353  29   72.1
11354  29   68.4
11355  28   64.5
11356  29   68.8
11357  29   70.9
11358  29   65.7
11359  29   63.0
11360  29   68.3
11361  29   68.9
11362  29   69.3
11363  29   60.3
11364  29   67.0
11365  29   69.9
12001  24   62.0
12002  29   63.6
12003  29   67.0
12004  29   65.5
12005  29   69.1
12006  29   69.2
12007  29   70.5
12008  29   66.0
12009  29   71.2
12010  29   67.7
12011  29   47.9
12012  29   69.9
12013  29   64.8
12014  29   70.1
12015  29   71.1
12016  29   67.8
12017  29   70.7
12018  29   69.3
12019  29   67.0
12020  29   68.2
12021  29   69.2
12022  29   70.8
12023  29   71.9
12024  29   69.6
12025  29   52.8
12026  28   47.2
12027  29   65.2
12028  29   67.8
12029  28   70.6
12030  28   70.4
12031  28   69.9
12032  29   69.4
12033  28   70.2
12034  29   66.7
12035  28   67.0
12036  28   69.5
12037  28   68.9
12038  29   71.9
12039  29   71.1
12040  28   72.6
12041  29   69.6
12042  28   74.0
12043  29   69.0
12044  28   72.5
12045  28   72.5
12046  28   73.0
12047  27   69.4
12048  28   73.7
12049  28   74.3
12050  28   70.3
12051  28   70.2
12052  28   73.0
12053  28   74.1
12054  28   54.7
12055  28   67.0
12056  28   68.7
12057  28   71.2
12058  28   68.7
12059  28   73.6
12060  27   68.5
12061  28   65.8
12062  28   71.9
12063  28   68.6
12064  28   70.1
12065  26   73.8
12066  27   66.0
12067  26   68.1
12068  27   72.0
12069  28   67.0
12070  27   65.3
12071  27   67.3
12072  27   69.8
12073  27   72.6
12074  27   59.8
12075  26   72.7
12076  27   74.9
12077  26   67.2
12078  26   68.6
12079  26   73.9
12080  27   69.0
12081  27   71.5
12082  27   67.0
12083  27   68.0
12084  27   68.3
12085  27   68.4
12086  27   69.6
12087  27   66.6
12088  27   70.9
12089  27   51.6
12090  26   72.5
12091  26   71.0
12092  26   72.5
12093  26   68.1
12094  27   65.5
12095  28   68.0
12096  27   66.8
12097  28   67.5
12098  27   65.0
12099  27   71.1
12100  26   69.8
12101  27   67.8
12102  27   70.2
12103  26   69.1
12104  26   70.1
12105  27   72.6
12106  24   72.2
12107  26   67.0
12108  24   67.4
12109  25   71.6
12110   7   63.6
12111  25   70.3
12112  25   69.3
12113  26   69.7
12114  26   62.3
12115  26   72.0
12116  26   65.4
12117  25   54.7
12118  24   69.4
12119  25   64.8
12120  26   64.3
12121  28   66.9
12122  28   66.9
12123  28   64.4
12124  28   61.4
12125  26   67.6
12126  27   70.9
12127  27   73.3
12128  27   71.5
12129  26   67.9
12130  26   70.7
12131  27   66.6
12132  27   62.3
12133  27   67.3
12134  27   69.5
12135  27   68.5
12136  27   67.5
12137  26   70.6
12138  26   72.3
12139  26   68.1
12140  26   68.2
12141  27   65.8
12142  26   66.3
12143  26   52.3
12144  25   61.1
12145  25   62.8
12146  24   63.6
12147  24   65.7
12148  24   71.1
12149  24   67.2
12150  24   59.4
12151  25   58.8
12152  25   58.4
12153  25   67.5
12154  25   67.4
12155  26   64.4
12156  26   62.4
12157  25   68.6
12158  26   63.1
12159  23   67.2
12160  23   65.7
12161  25   57.2
12162  25   67.3
12163  24   65.8
12164  23   71.8
12165  25   56.0
12166  25   62.8
12167  25   65.7
12168  25   65.9
12169  24   68.0
12170  26   60.2
12171  25   62.0
12172  25   63.6
12173  25   61.9
12174  25   64.4
12175  24   66.5
12176  25   64.3
12177  24   60.5
12178  26   65.3
12179  24   64.8
12180  25   57.9
12181  26   58.5
12182  24   57.2
12183  23   49.6
12184  24   52.9
12185  24   60.4
12186  25   57.1
12187  25   60.8
12188  26   64.1
12189  25   63.5
12190  25   63.9
12191  24   64.9
12192  24   63.7
12193  26   64.1
12194  26   68.6
12195  25   68.1
12196  26   61.5
12197  27   65.2
12198  27   70.5
12199  27   64.4
12200  27   47.4
12201  27   41.7
12202  27   61.0
12203  27   64.4
12204  27   64.6
12205  27   65.2
12206  27   65.6
12207  27   58.2
12208  27   51.9
12209  27   60.7
12210  27   64.1
12211  16   62.7
12212  15   57.6
12213  15   61.2
12214  14   56.8
12215  17   52.5
12216  16   63.2
12217  18   57.4
12218  27   62.2
12219  27   61.9
12220  27   65.6
12221  27   65.5
12222  27   67.7
12223  27   67.2
12224  27   70.8
12225  27   69.1
12226  26   67.9
12227  27   66.6
12228  27   62.4
12229  27   61.1
12230  27   66.2
12231  27   61.5
12232  27   69.4
12233  27   63.4
12234  27   61.3
12235  27   44.9
12236  27   57.9
12237  27   64.7
12238  27   64.8
12239  27   64.9
12240  26   65.2
12241  27   60.1
12242  27   67.1
12243  27   64.5
12244  27   70.6
12245  27   69.4
12246  27   69.2
12247  27   64.2
12248  27   58.7
12249  27   57.9
12250  41   71.2
12251  41   53.3
12252  41   57.2
12253  10   45.4
12254  29   35.7
12255  41   66.0
12256  41   67.5
12257  41   70.1
12258  41   46.2
12259  41   72.0
12260  41   71.7
12261  41   69.4
12262  41   68.6
12263  41   63.4
12264  41   69.3
12265  41   66.8
12266  41   67.4
12267  41   65.7
12268  41   65.7
12269  41   69.6
12270  41   66.5
12271  41   65.7
12272  41   69.8
12273  42   64.1
12274  42   64.4
12275  42   51.9
12276  42   65.7
12277  42   62.2
12278  42   69.1
12279  42   68.7
12280  42   66.4
12281  42   69.2
12282  41   59.4
12283  42   65.9
12284  42   69.0
12285  42   64.4
12286  41   65.3
12287  41   65.7
12288  42   71.5
12289  42   70.9
12290  42   67.4
12291  42   66.9
12292  42   46.5
12293  42   62.9
12294  41   69.1
12295  42   68.1
12296  42   64.0
12297  42   65.6
12298  42   71.0
12299  42   69.3
12300  42   70.2
12301  42   71.3
12302  41   72.5
12303  42   69.5
12304  42   73.1
12305  42   71.3
12306  42   70.5
12307  42   70.3
12308  42   70.7
12309  42   72.4
12310  42   71.7
12311  42   69.3
12312  42   68.1
12313  42   67.0
12314  42   71.5
12315  42   73.3
12316  42   73.6
12317  42   69.3
12318  42   67.2
12319  42   72.6
12320  42   72.2
12321  42   72.6
12322  42   71.2
12323  42   69.5
12324  42   71.8
12325  42   73.2
12326  42   70.3
12327  42   42.6
12328  42   65.4
12329  42   70.4
12330  42   71.4
12331  42   72.4
12332  42   76.3
12333  42   74.0
12334  42   64.3
12335  42   71.3
12336  42   72.6
12337  42   72.1
12338  42   70.8
12339  42   73.6
12340  42   73.7
12341  42   72.6
12342  42   72.2
12343  42   72.9
12344  42   73.2
12345  42   71.9
12346  42   73.6
12347  42   75.7
12348  42   56.7
12349  42   73.2
12350  42   71.3
12351  42   72.1
12352  42   69.9
12353  42   69.9
12354  42   75.9
12355  41   71.9
12356  41   74.8
12357  41   72.7
12358  41   71.8
12359  41   74.0
12360  41   70.7
12361  41   72.6
12362  41   69.6
12363  41   73.5
12364  41   68.7
12365  41   70.4
12366  41   66.9
13001  41   71.1
13002  42   72.9
13003  42   69.7
13004  42   72.7
13005  42   71.2
13006  42   73.3
13007  42   69.1
13008  42   70.6
13009  42   67.5
13010  42   69.5
13011  42   70.9
13012  42   71.1
13013  42   73.6
13014  42   68.6
13015  42   70.6
13016  42   72.7
13017  42   58.0
13018  42   71.3
13019  42   72.2
13020  42   72.2
13021  42   73.5
13022  42   72.2
13023  42   73.6
13024  42   71.0
13025  41   75.3
13026  41   71.7
13027  41   69.5
13028  41   58.4
13029  41   72.4
13030  41   70.0
13031  41   69.4
13032  41   72.5
13033  41   66.1
13034  41   71.6
13035  41   70.8
13036  41   68.1
13037  41   72.8
13038  41   71.7
13039  41   72.2
13040  42   71.5
13041  42   71.9
13042  42   69.1
13043  42   72.0
13044  42   73.0
13045  42   71.5
13046  42   70.5
13047  42   73.6
13048  42   70.9
13049  42   72.9
13050  42   71.9
13051  42   73.7
13052  42   54.5
13053  42   51.8
13054  42   74.5
13055  42   74.2
13056  42   73.3
13057  42   71.2
13058  42   72.2
13059  42   57.8
13060  42   67.0
13061  42   72.3
13062  42   67.6
13063  42   72.2
13064  42   70.4
13065  42   69.3
13066  42   66.5
13067  42   70.0
13068  42   70.4
13069  42   66.5
13070  42   69.5
13071  42   67.5
13072  42   63.9
13073  42   68.9
13074  42   72.3
13075  42   72.7
13076  42   72.0
13077  42   68.9
13078  42   71.2
13079  42   74.0
13080  42   55.3
13081  42   74.1
13082  42   74.0
13083  42   75.6
13084  42   71.1
13085  42   77.2
13086  42   75.0
13087  42   71.4
13088  42   71.0
13089  42   73.3
13090  42   74.0
13091  42   71.9
13092  42   71.9
13093  42   73.7
13094  41   72.8
13095  41   71.9
13096  41   70.6
13097  41   71.0
13098  41   69.7
13099  41   69.7
13100  41   50.8
13101  41   51.2
13102  41   71.9
13103  41   69.2
13104  41   73.0
13105  42   69.1
13106  42   69.3
13107  42   72.7
13108  42   67.2
13109  42   73.0
13110  41   76.2
13111  42   70.0
13112  42   73.4
13113  42   72.7
13114  42   69.8
13115  42   48.6
13116  42   71.0
13117  42   72.5
13118  42   69.6
13119  42   70.2
13120  42   57.8
13121  42   70.2
13122  41   73.3
13123  42   68.0
13124  42   73.8
13125  42   73.3
13126  42   70.1
13127  42   68.6
13128  42   66.5
13129  42   69.0
13130  42   70.6
13131  42   69.6
13132  42   69.2
13133  42   71.6
13134  42   68.5
13135  42   68.4
13136  42   67.3
13137  42   67.3
13138  42   67.0
13139  42   66.7
13140  42   69.5
13141  42   71.0
13142  42   70.7
13143  42   69.6
13144  42   72.3
13145  42   73.2
13146  42   73.6
13147  42   72.4
13148  42   67.7
13149  41   72.3
13150  41   69.5
13151  41   71.2
13152  41   68.2
13153  41   71.0
13154  41   72.0
13155  40   63.8
13156  41   68.8
13157  41   68.5
13158  41   69.5
13159  41   66.7
13160  41   64.8
13161  41   65.4
13162  41   66.8
13163  41   66.3
13164  41   45.4
13165  41   65.4
13166  41   63.9
13167  41   64.3
13168  41   64.0
13169  41   60.5
13170  41   61.1
13171  41   61.3
13172  41   68.1
13173  41   68.7
13174  41   67.0
13175  41   62.4
13176  41   70.2
13177  41   72.4
13178  40   70.7
13179  41   66.9
13180  41   71.3
13181  41   71.8
13182  41   68.1
13183  41   66.0
13184  41   66.9
13185  41   67.8
13186  41   69.3
13187  41   67.3
13188  41   68.2
13189  41   69.3
13190  41   70.7
13191  40   64.4
13192  41   70.0
13193  41   75.1
13194  41   71.8
13195  41   71.0
13196  41   70.9
13197  41   68.8
13198  41   69.3
13199  41   65.5
13200  41   68.3
13201  41   69.1
13202  41   69.9
13203  41   63.0
13204  41   67.5
13205  41   65.4
13206  41   59.5
13207  41   66.3
13208  41   68.6
13209  41   66.7
13210  41   66.5
13211  41   65.1
13212  41   68.5
13213  41   69.7
13214  41   66.1
13215  41   62.5
13216  41   63.5
13217  41   66.1
13218  41   60.4
13219  41   64.1
13220  41   72.8
13221  41   71.0
13222  41   68.8
13223  41   67.6
13224  41   66.9
13225  41   66.6
13226  41   70.9
13227  41   66.4
13228  41   69.6
13229  41   68.0
13230  41   64.6
13231  41   62.8
13232  40   71.2
13233  41   75.2
13234  41   69.9
13235  41   66.7
13236  41   67.7
13237  41   69.3
13238  41   68.2
13239  41   71.0
13240  41   68.9
13241  41   72.9
13242  41   70.7
13243  41   69.2
13244  41   69.8
13245  41   70.8
13246  41   66.3
13247  41   70.0
13248  41   72.1
13249  41   68.2
13250  41   67.8
13251  41   68.7
13252  41   67.9
13253  41   68.1
13254  41   68.5
13255  41   67.4
13256  41   71.8
13257  41   71.5
13258  41   67.1
13259  42   66.7
13260  42   71.3
13261  42   62.1
13262  42   49.3
13263  42   70.6
13264  42   74.5
13265  42   72.6
13266  42   72.7
13267  42   68.8
13268  42   69.7
13269  41   68.0
13270  41   68.2
13271  42   69.0
13272  42   68.2
13273  41   70.8
13274  42   69.9
13275  42   68.7
13276  42   72.2
13277  42   63.5
13278  42   67.6
13279  41   68.8
13280  42   63.1
13281  41   67.3
13282  41   69.2
13283  42   55.7
13284  42   71.9
13285   8   60.8
13286   9   47.7
13287  42   68.0
13288  42   69.1
13289  42   71.7
13290  42   68.6
13291  41   71.3
13292  41   68.9
13293  42   67.8
13294  41   68.6
13295  42   68.8
13296  41   67.8
13297  41   72.5
13298  41   67.0
13299  41   68.0
13300  42   64.6
13301  42   67.5
13302  41   69.2
13303  41   68.3
13304  42   69.9
13305  42   67.5
13306  42   64.8
13307  42   66.7
13308  42   67.1
13309  41   64.0
13310  41   69.3
13311  42   58.3
13312  42   70.2
13313  42   62.8
13314  42   70.4
13315  42   68.9
13316  42   68.6
13317  42   67.0
13318  42   65.4
13319  42   70.2
13320  42   66.8
13321  42   67.6
13322  41   67.6
13323  42   68.0
13324  42   72.2
13325  42   69.8
13326  42   72.0
13327  42   72.3
13328  42   70.0
13329  41   73.3
13330  42   69.8
13331  42   72.1
13332  42   72.0
13333  42   70.6
13334  42   71.0
13335  42   65.3
13336  42   76.2
13337  42   71.6
13338  42   71.1
13339  42   70.9
13340  42   66.5
13341  42   76.6
13342  42   67.8
13343  42   65.2
13344  42   67.8
13345  42   73.6
13346  42   56.4
13347  42   74.2
13348  42   69.9
13349  42   68.8
13350  42   71.2
13351  42   70.6
13352  42   70.1
13353  42   69.5
13354  42   69.5
13355  42   67.4
13356  42   67.5
13357  42   70.6
13358  42   69.3
13359  41   71.5
13360  42   72.5
13361  41   72.2
13362  42   69.2
13363  42   70.2
13364  42   73.6
13365  42   70.6
14001  42   70.3
14002  42   69.1
14003  42   66.6
14004  42   67.0
14005  42   72.8
14006  42   71.4
14007  42   68.3
14008  42   65.9
14009  42   68.2
14010  42   65.7
14011  42   70.6
14012  42   73.7
14013  42   71.7
14014  41   72.0
14015  42   65.1
14016  42   52.4
14017  41   59.2
14018  42   70.9
14019  38   74.1
14020  42   74.5
14021  42   70.6
14022  42   69.7
14023  42   70.9
14024  41   68.1
14025  42   71.7
14026  42   69.7
14027  42   67.3
14028  42   74.2
14029  42   76.0
14030  42   74.1
14031  42   71.5
14032  42   73.5
14033  42   71.1
14034  41   71.0
14035  42   72.4
14036  42   68.5
14037  42   67.5
14038  42   69.5
14039  42   70.7
14040  42   69.5
14041  42   74.6
14042  42   72.8
14043  42   71.0
14044  42   70.0
14045  42   72.0
14046  42   65.8
14047  42   69.0
14048  42   68.8
14049  42   75.5
14050  42   63.9
14051  42   68.2
14052  42   70.3
14053  42   70.4
14054  42   69.8
14055  41   70.0
14056  42   67.2
14057  42   59.9
14058  42   65.1
14059  42   67.5
14060  42   70.9
14061  42   71.0
14062  42   69.2
14063  42   70.1
14064  42   67.6
14065  42   71.9
14066  42   66.5
14067  42   66.7
14068  42   69.7
14069  42   70.8
14070  42   68.7
14071  42   71.2
14072  42   56.4
14073  42   69.4
14074  42   61.9
14075  42   67.6
14076  42   70.9
14077  42   65.0
14078  42   66.0
14079  42   70.3
14080  42   64.7
14081  42   68.2
14082  42   69.6
14083  42   70.9
14084  41   71.5
14085  41   71.3
14086  41   71.2
14087  41   69.4
14088  41   65.7
14089  42   69.7
14090  42   67.1
14091  42   56.2
14092  41   59.1
14093  41   63.1
14094  42   68.3
14095  42   69.6
14096  42   67.1
14097  42   69.9
14098  42   62.8
14099  42   68.5
14100  42   69.2
14101  41   68.5
14102  41   70.5
14103  41   67.0
14104  41   69.2
14105  41   71.5
14106  42   70.8
14107  41   70.6
14108  42   66.9
14109  42   71.0
14110  42   68.6
14111  42   73.3
14112  42   74.9
14113  42   67.9
14114  42   57.1
14115  41   72.7
14116  42   68.4
14117  42   72.6
14118  42   58.6
14119  42   68.4
14120  41   64.6
14121  41   66.2
14122  42   71.6
14123  42   71.3
14124  42   73.3
14125  42   69.5
14126  41   40.7
14127  41   66.2
14128  40   28.9
14129  42   61.7
14130  42   67.8
14131  42   65.1
14132  42   68.6
14133  42   71.5
14134  42   71.2
14135  42   73.6
14136  42   72.6
14137  42   71.6
14138  42   70.2
14139  42   70.1
14140  42   72.1
14141  41   64.1
14142  42   69.7
14143  42   68.3
14144  42   69.2
14145  42   68.1
14146  42   66.6
14147  42   69.9
14148  42   68.0
14149  42   68.9
14150  41   70.3
14151  42   72.5
14152  42   69.1
14153  42   72.1
14154  41   67.8
14155  42   70.7
14156  42   68.2
14157  42   70.4
14158  42   70.5
14159  42   69.9
14160  42   69.0
14161  42   60.4
14162  42   63.0
14163  42   66.8
14164  42   66.2
14165  42   70.4
14166  42   69.3
14167  42   72.6
14168  42   66.6
14169  41   69.8
14170  41   69.1
14171  41   68.2
14172  42   72.6
14173  42   71.2
14174  42   67.9
14175  42   66.8
14176  42   64.6
14177  42   72.8
14178  41   69.0
14179  42   64.8
14180  42   70.2
14181  41   70.6
14182  41   68.0
14183  40   45.8
14184  42   69.3
14185  42   66.3
14186  42   67.9
14187  42   64.8
14188  42   64.0
14189  42   70.1
14190  42   67.3
14191  41   69.4
14192  42   65.3
14193  42   62.7
14194  42   67.8
14195  42   68.3
14196  41   68.5
14197  40   70.9
14198  40   66.8
14199  40   68.4
14200  40   70.2
14201  41   68.1
14202  41   71.4
14203  41   63.2
14204  41   69.6
14205  42   67.9
14206  42   66.8
14207  42   68.6
14208  42   66.3
14209  42   64.5
14210  42   67.5
14211  41   68.4
14212  42   68.3
14213  41   68.1
14214  42   64.1
14215  42   65.5
14216  42   65.4
14217  42   63.2
14218  41   67.2
14219  41   69.8
14220  41   70.0
14221  41   67.7
14222  41   65.9
14223  41   66.1
14224  41   67.9
14225  41   67.8
14226  41   67.7
14227  41   72.5
14228  41   70.5
14229  41   73.1
14230  41   68.6
14231  42   69.4
14232  41   67.2
14233  41   71.9
14234  42   72.2
14235  42   66.2
14236  42   70.2
14237  42   73.0
14238  42   68.3
14239  42   67.0
14240  42   70.9
14241  42   66.1
14242  42   65.6
14243  42   68.4
14244  42   72.5
14245  42   68.4
14246  42   72.7
14247  41   71.7
14248  42   68.6
14249  41   67.9
14250  41   63.4
14251  41   68.4
14252  41   67.8
14253  42   70.2
14254  41   68.6
14255  41   71.8
14256  41   63.2
14257  41   69.9
14258  41   71.8
14259  41   71.2
14260  41   65.9
14261  42   55.5
14262  42   68.5
14263  42   65.6
14264  42   66.0
14265  42   69.0
14266  42   72.9
14267  42   66.4
14268  42   69.5
14269  42   70.9
14270  41   68.5
14271  42   71.8
14272  42   70.5
14273  42   64.6
14274  42   67.8
14275  42   70.1
14276  42   73.9
14277  42   72.0
14278  42   70.6
14279  42   72.5
14280  42   71.7
14281  42   69.0
14282  42   69.9
14283  41   67.9
14284  41   68.7
14285  40   71.3
14286  41   71.3
14287  41   69.2
14288  41   66.4
14289  41   51.9
14290  41   73.9
14291  42   71.7
14292  42   70.9
14293  42   65.2
14294  41   66.4
14295  41   70.4
14296  42   73.5
14297  42   71.2
14298  42   70.0
14299  42   70.4
14300  42   73.0
14301  42   68.2
14302  42   67.0
14303  41   68.9
14304  42   74.6
14305  42   72.0
14306  42   73.0
14307  42   70.1
14308  41   70.1
14309  42   67.3
14310  41   70.4
14311  41   63.6
14312  42   69.4
14313  42   67.9
14314  42   71.7
14315  41   73.1
14316  41   63.1
14317  42   69.3
14318  42   74.7
14319  42   72.4
14320  42   71.3
14321  42   73.1
14322  42   71.9
14323  42   72.4
14324  42   71.0
14325  41   73.6
14326  41   70.2
14327  41   71.8
14328  41   70.4
14329  41   63.7
14330  41   69.5
14331  41   70.1
14332  41   66.7
14333  41   75.0
14334  41   73.7
14335  41   68.1
14336  41   71.3
14337  41   70.0
14338  41   71.1
14339  41   70.9
14340  40   70.8
14341  41   69.2
14342  41   72.4
14343  41   73.3
14344  41   65.0
14345  41   57.3
14346  41   66.3
14347  42   68.8
14348  42   70.1
14349  42   63.8
14350  42   67.4
14351  42   71.1
14352  42   63.3
14353  41   66.5
14354  42   67.8
14355  42   68.8
14356  42   65.1
14357  42   67.7
14358  42   68.9
14359  42   69.1
14360  42   69.8
14361  42   72.6
14362  42   73.5
14363  42   71.1
14364  42   73.4
14365  41   73.1
15001  42   72.9
15002  42   70.4
15003  42   68.6
15004  42   73.2
15005  42   75.1
15006  42   76.4
15007  42   72.2
15008  42   71.1
15009  42   69.9
15010  42   68.8
15011  42   72.3
15012  42   72.5
15013  42   73.3
15014  42   69.6
15015  42   71.1
15016  42   73.0
15017  42   71.5
15018  42   74.1
15019  42   71.0
15020  42   74.1
15021  42   73.8
15022  42   67.3
15023  42   75.4
15024  42   73.6
15025  42   73.4
15026  42   70.9
15027  42   70.7
15028  42   70.6
15029  42   76.1
15030  42   74.7
15031  42   74.9
15032  42   73.6
15033  42   72.7
15034  41   73.1
15035  41   68.2
15036  42   73.8
15037  41   71.3
15038  41   73.3
15039  41   70.3
15040  40   72.7
15041  40   72.1
15042  40   74.6
15043  40   71.2
15044  40   74.0
15045  41   71.4
15046  41   72.3
15047  41   74.8
15048  41   72.2
15049  41   73.6
15050  41   74.9
15051  41   68.5
15052  41   69.1
15053  40   70.6
15054  40   68.9
15055  40   71.1
15056  41   73.7
15057  41   76.5
15058  41   74.6
15059  40   71.6
15060  41   72.4
15061  40   66.6
15062  40   74.6
15063  41   70.5
15064  41   57.3
15065  40   56.2
15066  41   71.3
15067  42   67.1
15068  41   70.4
15069  42   72.6
15070  41   72.8
15071  40   70.7
15072  41   74.8
15073  41   71.5
15074  41   70.8
15075  41   68.4
15076  42   62.7
15077  41   74.8
15078  42   75.1
15079  42   76.6
15080  42   73.4
15081  42   74.4
15082  42   71.5
15083  42   75.7
15084  42   74.3
15085  42   73.5
15086  42   72.9
15087  42   70.6
15088  42   69.8
15089  41   71.8
15090  41   68.8
15091  41   70.8
15092  41   74.2
15093  40   74.8
15094  40   75.0
15095  40   72.5
15096  40   74.2
15097  40   77.7
15098  40   75.4
15099  40   76.3
15100  40   71.1
15101  40   74.1
15102  40   73.4
15103  41   71.6
15104  41   68.8
15105  41   71.6
15106  41   65.5
15107  41   67.3
15108  41   72.4
15109  41   73.4
15110  41   72.1
15111  41   66.6
15112  41   71.0
15113  41   69.3
15114  41   70.6
15115  41   70.9
15116  41   66.0
15117  41   67.1
15118  41   57.9
15119  41   72.5
15120  41   58.7
15121  41   73.2
15122  41   71.0
15123  41   70.2
15124  41   67.7
15125  41   70.5
15126  41   67.8
15127  41   71.4
15128  41   72.7
15129  41   68.5
15130  41   70.1
15131  40   58.9
15132  41   63.8
15133  41   59.9
15134  41   65.2
15135  41   68.9
15136  41   67.3
15137  41   69.3
15138  41   64.4
15139  41   65.3
15140  41   66.1
15141  41   70.4
15142  41   69.4
15143  41   70.4
15144  41   72.3
15145  41   71.5
15146  41   72.3
15147  41   73.7
15148  41   69.3
15149  41   68.0
15150  41   69.1
15151  41   70.9
15152  41   65.8
15153  41   65.7
15154  41   64.3
15155  41   68.9
15156  41   66.8
15157  41   63.9
15158  41   62.6
15159  41   66.0
15160  41   71.7
15161  41   70.3
15162  41   66.6
15163  41   65.4
15164  41   61.3
15165  41   65.2
15166  41   69.6
15167  41   66.1
15168  41   65.2
15169  41   47.9
15170  41   72.3
15171  41   70.0
15172  41   66.7
15173  41   66.0
15174  41   66.3
15175  40   74.4
15176  40   65.2
15177  40   70.7
15178  40   65.9
15179  41   67.2
15180  41   68.3
15181  40   69.4
15182  41   72.1
15183  41   62.5
15184  41   62.5
15185  41   61.1
15186  41   60.2
15187  41   63.4
15188  41   58.9
15189  41   65.0
15190  41   68.6
15191  41   71.0
15192  41   66.3
15193  41   65.6
15194  41   69.9
15195  41   66.4
15196  41   64.8
15197  41   48.3
15198  41   58.6
15199  41   64.6
15200  41   65.8
15201  41   64.0
15202  40   67.2
15203  40   60.5
15204  40   52.6
15205  41   55.8
15206  41   63.0
15207  40   70.1
15208  40   64.9
15209  40   62.7
15210  40   68.9
15211  40   69.5
15212  40   72.8
15213  40   68.9
15214  40   71.7
15215  40   72.1
15216  41   66.6
15217  41   68.7
15218  40   61.3
15219  41   63.4
15220  41   61.1
15221  41   61.3
15222  41   64.3
15223  41   61.4
15224   7   47.9
15225  38   39.1
15226  40   63.0
15227  39   62.9
15228  39   68.9
15229  39   55.9
15230  40   63.2
15231  40   68.4
15232  41   63.5
15233  41   64.1
15234  41   68.8
15235  41   67.4
15236  41   62.2
15237  41   64.0
15238  41   72.6
15239  41   70.2
15240  41   71.3
15241  41   71.5
15242  41   64.9
15243  41   64.3
15244  41   69.0
15245  41   67.4
15246  41   70.5
15247  41   70.2
15248  41   70.7
15249  41   72.3
15250  41   71.8
15251  41   72.1
15252  41   69.9
15253  41   72.3
15254  41   68.4
15255  41   68.9
15256  41   71.8
15257  41   65.7
15258  41   67.2
15259  41   69.0
15260  41   67.5
15261  41   70.1
15262  40   66.2
15263  40   70.8
15264  41   68.2
15265  41   68.3
15266  41   72.8
15267  41   71.0
15268  41   68.3
15269  41   69.2
15270  41   58.9
15271  41   74.9
15272  41   71.0
15273  41   69.3
15274  41   71.4
15275  41   67.5
15276  39   69.7
15277  40   66.9
15278  40   65.8
15279  40   64.3
15280  41   64.4
15281  41   70.9
15282  41   72.3
15283  41   75.4
15284  41   71.4
15285  41   73.1
15286  41   70.7
15287  41   69.7
15288  41   71.4
15289  41   74.5
15290  41   69.3
15291  41   71.6
15292  41   72.1
15293  40   73.5
15294  41   75.1
15295  41   46.9
15296  41   71.4
15297  41   74.8
15298  41   71.4
15299  41   74.7
15300  41   73.9
15301  41   73.2
15302  41   74.1
15303  41   69.5
15304  41   74.7
15305  41   75.2
15306  41   75.0
15307  40   70.2
15308  41   69.9
15309  40   72.9
15310  40   73.9
15311  40   72.2
15312  40   70.6
15313  41   67.2
15314  41   67.2
15315  41   68.8
15316  41   71.4
15317  41   70.6
15318  41   72.3
15319  41   69.1
15320  41   67.9
15321  41   67.7
15322  41   67.2
15323  41   54.8
15324  41   73.2
15325  41   70.9
15326  41   73.6
15327  41   74.9
15328  41   74.0
15329  41   72.7
15330  41   73.3
15331  41   72.4
15332  41   72.9
15333  41   73.5
15334  41   71.2
15335  41   72.7
15336  41   74.1
15337  40   72.5
15338  41   72.8
15339  41   73.8
15340  41   74.3
15341  41   71.9
15342  41   73.3
15343  41   70.7
15344  41   72.7
15345  40   70.7
15346  41   73.2
15347  41   71.6
15348  37   73.5
15349  39   69.7
15350  39   71.6
15351  41   67.3
15352  41   70.4
15353  41   73.1
15354  41   72.7
15355  41   69.4
15356  41   70.2
15357  41   69.8
15358  41   67.5
15359  41   72.8
15360  41   71.7
15361  41   74.1
15362  41   74.6
15363  41   76.7
15364  41   70.5
15365  40   70.5
16001  41   61.5
16002  41   72.9
16003  41   74.7
16004  41   73.7
16005  41   70.6
16006  41   73.7
16007  41   71.8
16008  41   69.2
16009  41   71.1
16010  41   71.5
16011  41   56.8
16012  41   63.8
16013  41   72.0
16014  41   72.0
16015  41   72.7
16016  41   75.8
16017  41   72.6
16018  41   75.1
16019  41   75.5
16020  40   70.9
16021  41   69.8
16022  41   75.8
16023  41   73.6
16024  41   72.9
16025  41   72.7
16026  41   71.9
16027  41   67.7
16028  40   68.6
16029  40   70.0
16030  40   69.0
16031  40   73.1
16032  40   71.5
16033  40   71.1
16034  39   69.0
16035  40   73.0
16036  39   74.8
16037  40   73.4
16038  40   74.6
16039  40   71.3
16040  40   71.0
16041  40   75.6
16042  40   75.2
16043  40   73.9
16044  40   71.4
16045  40   73.4
16046  40   72.2
16047  40   70.6
16048  39   73.8
16049  39   71.0
16050  39   73.4
16051  39   71.1
16052  39   71.6
16053  39   70.0
16054  39   59.2
16055  39   70.6
16056  38   69.4
16057  38   72.5
16058  39   74.1
16059  39   70.4
16060  39   71.2
16061  39   70.3
16062  39   70.9
16063  40   66.5
16064  40   72.2
16065  40   72.4
16066  40   70.9
16067  40   71.6
16068  40   71.0
16069  40   74.0
16070  40   71.9
16071  40   72.7
16072  40   73.2
16073  40   73.2
16074  40   75.0
16075  41   66.5
16076  41   71.0
16077  41   71.6
16078  41   68.9
16079  41   71.2
16080  41   73.2
16081  41   74.1
16082  41   75.2
16083  41   69.5
16084  40   71.7
16085  40   74.6
16086  41   73.7
16087  41   73.5
16088  41   70.9
16089  41   70.4
16090  41   72.5
16091  41   72.9
16092  41   72.5
16093  41   70.3
16094  41   70.3
16095  40   71.2
16096  40   72.1
16097  41   67.8
16098  41   69.6
16099  41   72.3
16100  41   70.9
16101  41   73.2
16102  41   67.2
16103  41   67.4
16104  41   69.7
16105  41   68.9
16106  41   70.7
16107  41   70.5
16108  40   72.9
16109  41   74.7
16110  41   71.3
16111  41   73.1
16112  41   66.4
16113  41   55.1
16114  40   72.1
16115  41   72.8
16116  41   72.1
16117  41   72.6
16118  41   71.6
16119  41   70.3
16120  41   73.1
16121  41   72.8
16122  41   70.8
16123  41   71.7
16124  41   69.2
16125  41   68.1
16126  41   68.0
16127  41   69.0
16128  41   71.8
16129  41   66.5
16130  41   68.3
16131  40   66.0
16132  40   65.8
16133  40   68.4
16134  40   65.9
16135  40   68.2
16136  40   74.5
16137  40   74.3
16138  40   70.9
16139  40   73.4
16140  39   70.2
16141  39   71.4
16142  39   71.8
16143  39   67.6
16144  39   67.0
16145  39   74.6
16146  39   68.5
16147  39   66.7
16148  39   67.1
16149  40   66.9
16150  40   59.7
16151  40   68.8
16152  40   69.5
16153  39   67.6
16154  38   71.1
16155  39   70.4
16156  40   67.1
16157  40   66.3
16158  40   63.4
16159  40   68.3
16160  40   68.9
16161  40   71.0
16162  40   70.8
16163  40   68.3
16164  36   72.6
16165  36   67.0
16166  35   57.1
16167  36   69.2
16168  36   73.5
16169  36   68.6
16170  36   68.2
16171  36   72.2
16172  36   71.4
16173  36   69.6
16174  36   71.3
16175  37   69.4
16176  36   62.9
16177  36   64.6
16178  36   69.6
16179  36   63.9
16180  36   71.5
16181  36   71.7
16182  36   67.0
16183  36   72.7
16184  36   66.9
16185  36   70.5
16186  36   72.7
16187  36   66.6
16188  36   73.4
16189  36   70.6
16190  35   64.8
16191  36   69.0
16192  36   70.0
16193  36   60.9
16194  36   66.3
16195  36   64.9
16196  36   65.8
16197  36   71.6
16198  36   69.3
16199  36   70.2
16200  36   66.5
16201  36   69.5
16202  36   69.3
16203  36   41.2
16204  35   62.0
16205  36   70.0
16206  36   67.8
16207  36   70.0
16208  31   66.4
16209  36   64.7
16210  36   69.2
16211  31   64.7
16212  36   64.0
16213  36   64.5
16214  36   69.8
16215  36   71.9
16216  36   67.1
16217  36   65.2
16218  36   69.9
16219  36   68.5
16220  36   70.8
16221  37   67.1
16222  36   65.6
16223  36   70.7
16224  36   73.9
16225  36   69.8
16226  36   71.0
16227  36   68.9
16228  36   69.2
16229  36   70.5
16230  36   67.6
16231  36   66.3
16232  36   68.1
16233  36   67.1
16234  36   65.2
16235  36   73.2
16236  36   69.0
16237  36   69.8
16238  36   70.0
16239  36   69.5
16240  36   66.4
16241  36   62.5
16242  36   58.9
16243  36   66.6
16244  36   65.7
16245  36   65.5
16246  36   69.2
16247  36   63.7
16248  36   66.7
16249  36   65.9
16250  36   69.5
16251  36   72.6
16252  36   69.3
16253  36   71.4
16254  36   72.4
16255  36   69.9
16256  36   71.4
16257  36   71.5
16258  36   69.0
16259  30   64.1
16260  36   67.8
16261  36   74.7
16262  36   69.2
16263  36   73.1
16264  36   71.0
16265  36   73.9
16266  23   71.2
16267  36   68.3
16268  36   73.9
16269  36   72.5
16270  36   71.8
16271  36   71.7
16272  36   71.2
16273  36   69.1
16274  36   68.8
16275  36   69.6
16276  36   71.6
16277  36   71.3
16278  36   74.6
16279  36   76.0
16280  36   77.3
16281  36   74.8
16282  36   71.7
16283  35   74.9
16284  36   77.2
16285  36   73.2
16286  36   73.5
16287  36   54.1
16288  36   73.5
16289  36   74.5
16290  36   73.4
16291  36   73.4
16292  36   72.8
16293  36   69.6
16294  36   73.0
16295  36   73.9
16296  36   76.6
16297  36   75.0
16298  36   57.3
16299  36   72.0
16300  36   75.4
16301  36   74.5
16302  36   71.7
16303  36   72.5
16304   8   74.9
16305   8   73.9
