08115   5   87.1
08116   4   87.2
08117   5   88.1
08118   5   88.9
08119   5   85.6
08120   5   88.9
08121   4   86.7
08122   4   90.3
08123   5   88.2
08124   5   88.4
08125   5   88.9
08126   5   88.7
08127   5   87.9
08128   5   80.9
08129   5   88.9
08130   5   89.1
08131   5   89.3
08132   5   88.8
08133   5   89.7
08134   5   87.3
08135   4   88.0
08136   5   89.2
08137   6   88.0
08138   5   88.4
08140   5   85.0
08141   5   85.1
08142   5   81.4
08143   6   88.1
08144   6   85.7
08145   6   88.0
08146   5   90.0
08147   5   85.2
08148   5   86.5
08149   6   87.4
08150   6   87.1
08151   6   84.7
08152   6   77.1
08153   6   89.5
08154   6   81.0
08155   6   85.6
08156   6   87.9
08157   6   89.7
08158   6   88.0
08159   5   88.5
08160   5   88.1
08161   6   88.0
08162   6   75.9
08163   5   73.7
08164   5   87.5
08165   5   88.9
08166   5   89.1
08167   5   84.1
08168   5   86.4
08169   5   88.3
08170   6   87.2
08171   6   87.7
08172   6   87.7
08173   6   88.1
08174   6   84.8
08175   6   84.9
08176   6   85.8
08177   6   84.6
08178   6   86.3
08180   6   87.8
08181   6   85.6
08182   6   76.8
08183   6   84.4
08184   6   84.9
08185   5   85.4
08186   6   85.4
08190   6   88.2
08191   6   88.8
08192   6   84.6
08193   6   82.4
08194   6   86.8
08195   6   88.0
08196   6   83.9
08197   6   85.9
08198   6   86.8
08199   6   87.2
08200   6   86.9
08201   6   84.6
08202   6   80.5
08203   6   83.5
08209   6   87.8
08210   6   87.2
08211   6   87.3
08212   6   87.9
08213   5   86.0
08214   5   86.3
08215   5   88.2
08216   5   86.0
08217   5   86.8
08218   4   90.6
08219   6   88.5
08220   5   86.2
08221   4   87.7
08222   6   88.6
08223   5   88.8
08224   6   87.2
08225   6   87.6
08226   6   83.4
08227   6   87.9
08228   6   88.4
08229   6   88.8
08230   6   85.1
08231   6   88.3
08232   6   81.1
08233   6   85.6
08234   6   88.0
08235   6   87.2
08237   5   89.1
08238   6   87.4
08239   6   88.6
08240   6   88.3
08241   6   87.2
08242   6   89.3
08243   6   89.1
08244   5   86.6
08245   6   85.8
08246   6   87.0
08247   6   86.0
08248   6   77.0
08249   6   81.9
08250   5   87.3
08251   6   87.9
08252   6   86.6
08253   6   87.5
08254   5   79.8
08255   6   85.2
08256   6   85.2
08257   6   87.2
08258   5   87.1
08259   6   87.8
08260   6   87.2
08261   6   90.4
08262   6   88.1
08263   6   88.6
08264   6   88.8
08265   6   86.9
08266   6   84.8
08267   6   88.2
08268   6   87.9
08269   6   87.8
08270   6   85.5
08271   6   88.5
08272   6   89.2
08273   6   86.4
08274   6   86.5
08275   6   87.3
08276   6   88.5
08277   6   88.1
08278   6   86.5
08279   5   87.8
08280   5   87.7
08281   6   86.3
08282   6   88.4
08283   6   89.5
08284   6   88.0
08285   6   87.4
08286   6   87.6
08287   5   85.5
08288   6   85.5
08289   6   88.4
08290   6   83.4
08291   6   88.6
08292   5   75.2
08293   5   74.5
08294   6   87.4
08295   6   87.6
08296   6   88.3
08297   6   88.8
08298   6   86.2
08299   6   86.7
08302   6   81.3
08303   6   80.5
08304   6   86.0
08305   6   88.3
08306   6   87.8
08307   5   87.8
08308   6   83.4
08309   6   86.7
08310   4   83.8
08311   4   81.2
08312   6   85.9
08313   4   71.4
08314   4   67.7
08315   6   86.7
08316   6   86.6
08317   6   85.7
08318   5   80.8
08319   5   86.2
08320   6   88.1
08321   6   81.2
08322   6   84.2
08323   6   81.6
08324   6   85.0
08325   6   85.8
08326   5   86.5
08327   6   88.4
08328   6   88.7
08329   6   86.6
08330   6   87.4
08331   6   85.9
08332   6   86.0
08333   5   72.8
08334   5   84.4
08335   5   86.5
08336   6   88.0
08337   6   87.6
08338   6   87.4
08339   5   85.0
08340   6   85.2
08342   6   86.2
08343   6   87.3
08345   6   88.8
08346   6   80.8
08347   6   72.9
08349   5   87.0
08350   6   86.4
08351   6   85.2
08352   6   86.1
08353   6   88.7
08354   6   86.1
08355   5   85.1
08356   5   86.6
08357   6   87.2
08358   6   86.8
08359   6   86.8
08360   6   87.2
08361   6   87.5
08362   6   87.5
08363   6   88.1
08364   6   81.9
08365   5   87.3
09002   5   86.0
09003   6   88.9
09004   6   87.6
09006   6   86.8
09007   6   87.4
09008   6   89.3
09009   6   90.3
09010   6   87.0
09011   6   87.7
09012   6   82.9
09013   6   83.0
09014   6   72.3
09015   6   85.8
09016   6   84.8
09017   6   88.8
09018   5   87.9
09019   4   88.1
09020   6   87.2
09021   5   83.7
09022   6   88.8
09023   6   87.9
09024   6   87.7
09025   6   88.6
09026   6   87.0
09027   6   89.1
09028   6   87.7
09029   6   85.6
09030   6   74.3
09031   6   79.7
09032   6   87.1
09033   5   79.1
09034   5   82.5
09035   6   84.6
09036   6   89.6
09037   5   84.5
09038   6   86.2
09039   6   84.5
09040   6   85.8
09041   5   82.0
09042   6   82.4
09043   6   78.4
09044   5   87.2
09045   5   85.1
09047   5   88.9
09048   6   85.4
09049   6   87.5
09050   6   87.6
09051   6   86.7
09052   5   85.9
09053   5   86.6
09054   5   85.6
09055   6   71.9
09056   6   83.1
09057   5   84.1
09058   6   86.1
09059   6   88.3
09060   6   86.7
09061   6   87.6
09062   6   86.7
09063   5   88.3
09064   6   87.8
09065   6   88.3
09066   6   88.4
09067   6   89.0
09068   6   87.6
09069   6   86.8
09070   6   87.6
09071   6   84.2
09072   6   88.7
09073   6   72.6
09074   6   87.8
09075   6   87.4
09076   6   89.3
09077   4   83.1
09078   4   84.0
09079   6   88.5
09080   5   71.5
09081   5   71.5
09082   6   88.9
09083   5   88.2
09084   3   78.7
09085   6   88.0
09086   5   85.6
09087   6   87.9
09088   5   86.2
09089   5   84.5
09090   6   86.0
09091   6   86.8
09092   6   86.4
09093   6   85.1
09094   6   87.3
09095   6   87.9
09096   6   76.8
09097   6   82.2
09128   6   87.9
09129   6   87.9
09130   6   88.6
09131   6   88.3
09132   6   87.4
09133   6   87.8
09134   6   86.1
09135   6   87.5
09136   6   88.0
09137   6   85.1
09138   5   78.6
09139   6   85.5
09140   6   86.7
09141   6   85.0
09142   6   84.4
09143   6   87.0
09144   6   85.6
09145   6   83.7
09146   6   85.0
09147   6   84.0
09148   6   87.3
09149   6   79.3
09150   5   88.2
09151   5   87.7
09152   6   85.8
09153   6   86.3
09154   6   83.2
09155   6   85.9
09156   5   82.4
09157   5   86.6
09158   6   81.2
09159   6   87.5
09160   5   86.8
09161   6   87.2
09162   6   83.3
09163   6   84.7
09164   5   86.8
09165   5   85.5
09166   6   84.1
09167   6   82.2
09168   6   78.8
09169   5   83.1
09170   5   68.5
09171   6   84.4
09172   6   85.1
09173   6   83.8
09174   6   85.1
09175   5   82.7
09176   6   86.0
09177   6   79.7
09178   6   84.1
09179   6   85.9
09180   6   82.1
09181   6   80.7
09182   6   84.3
09183   6   85.7
09184   6   75.8
09185   6   84.3
09186   6   84.8
09187   5   84.8
09188   6   86.0
09189   6   86.5
09190   6   84.9
09191   6   86.4
09192   6   86.8
09193   6   87.5
09194   6   85.9
09195   6   86.0
09196   6   80.3
09197   6   85.4
09198   5   85.9
09199   5   84.1
09200   5   86.3
09201   6   77.5
09202   6   86.2
09203   6   84.3
09204   6   82.7
09205   6   86.2
09206   6   85.5
09207   6   86.6
09208   6   86.9
09209   6   86.2
09210   6   85.9
09211   6   74.6
09212   6   84.5
09213   6   85.1
09214   6   85.2
09215   6   87.1
09216   6   86.7
09217   6   85.3
09218   6   82.0
09219   6   84.4
09220   6   84.4
09221   6   84.9
09222   5   85.4
09223   6   83.5
09224   6   77.2
09225   6   85.8
09226   6   85.0
09227   6   86.4
09228   6   84.0
09229   6   82.9
09230   6   83.6
09231   6   87.0
09232   6   85.4
09233   5   84.3
09234   5   86.0
09235   5   86.6
09236   6   86.1
09237   6   83.0
09238   6   83.8
09239   6   85.5
09240   6   83.5
09241   6   84.3
09242   6   85.2
09243   6   85.4
09244   6   83.8
09245   4   81.5
09246   4   76.3
09247   5   81.9
09248   5   85.3
09249   5   87.0
09250   5   85.3
09251   5   85.3
09252   6   86.1
09253   6   84.0
09254   6   75.4
09255   6   84.2
09256   6   84.1
09257   6   86.7
09258   6   85.5
09259   6   86.2
09260   6   85.0
09261   6   73.0
09262   6   71.6
09263   6   85.8
09264   6   82.8
09265   6   83.9
09266   6   87.2
09267   6   85.3
09268   6   84.9
09269   6   85.2
09270   6   85.3
09271   6   85.4
09272   6   84.5
09274   5   84.3
09275   5   78.4
09276   6   86.3
09277   6   85.4
09278   6   76.6
09279   5   84.9
09280   6   82.7
09281   5   78.6
09282   6   85.5
09283   6   85.2
09284   6   83.3
09285   6   84.6
09286   5   71.9
09287   3   74.1
09288   6   73.2
09289   6   85.7
09290   5   85.3
09291   5   86.1
09292   5   86.0
09293   6   83.3
09294   6   85.8
09295   6   76.4
09296   6   80.6
09297   6   84.6
09298   6   82.6
09299   6   83.8
09300   6   83.8
09301   6   85.6
09302   6   81.5
09303   6   79.0
09304   6   83.9
09305   6   84.7
09306   6   83.9
09307   6   83.4
09308   6   82.5
09309   5   83.8
09310   5   83.1
09311   5   85.5
09312   5   85.0
09313   5   85.4
09314   5   83.9
09315   5   83.9
09316   5   84.0
09317   5   75.5
09318   5   85.0
09319   5   84.0
09320   5   84.4
09321   5   83.0
09322   5   83.1
09323   5   84.7
09324   5   80.6
09325   5   85.0
09326   5   84.6
09327   5   82.6
09328   5   68.5
09329   5   73.0
09330   5   81.9
09331   5   85.2
09332   5   85.8
09333   5   85.7
09334   5   85.8
09335   5   84.9
09336   5   86.3
09337   5   86.0
09338   5   86.1
09339   5   85.1
09340   5   85.4
09341   5   83.3
09342   5   75.0
09343   5   74.2
09344   5   71.7
09345   5   74.5
09346   5   84.2
09347   5   83.1
09348   5   82.4
09349   5   83.0
09350   5   85.5
09351   5   85.1
09352   5   84.3
09353   5   85.2
09354   5   84.9
09355   5   84.8
09356   5   84.8
09357   5   84.8
09358   5   83.8
09359   5   85.6
09360   5   86.0
09361   5   84.8
09362   5   77.5
09363   5   85.6
09364   5   84.2
09365   5   84.1
10001   5   84.2
10002   5   85.8
10003   5   86.7
10004   5   86.1
10005   5   85.6
10006   5   85.2
10007   5   84.9
10008   5   84.9
10009   5   84.8
10010   5   84.8
10011   5   82.1
10012   5   85.9
10013   5   84.8
10014   5   82.1
10015   5   84.7
10016   5   84.7
10017   5   84.5
10018   5   76.9
10019   5   85.4
10020   5   85.8
10021   5   86.6
10022   5   82.0
10023   5   85.7
10024   5   85.0
10025   5   84.6
10026   5   77.4
10027   5   84.8
10028   5   85.2
10029   5   82.1
10030   5   85.3
10031   5   85.4
10032   5   83.2
10033   5   83.9
10034   5   86.1
10035   5   86.0
10036   5   80.6
10037   5   84.6
10038   5   85.3
10039   5   78.3
10040   5   82.5
10041   5   84.5
10042   5   85.0
10043   6   78.4
10044   5   84.7
10045   5   83.9
10046   5   73.6
10047   5   83.8
10048   4   83.4
10049   5   84.6
10050   5   76.5
10051   5   86.0
10052   5   84.9
10053   5   80.7
10054   5   82.6
10055   5   80.0
10056   5   79.0
10057   5   85.1
10058   5   85.5
10059   5   84.6
10060   5   85.5
10061   5   81.8
10062   5   85.0
10063   5   81.3
10064   5   81.7
10065   5   85.5
10066   5   82.8
10067   5   85.3
10068   5   72.3
10069   5   69.9
10070   5   86.1
10071   5   77.2
10072   5   85.5
10073   4   83.1
10074   5   79.1
10075   5   84.5
10076   5   85.9
10077   5   85.7
10078   5   84.4
10079   5   83.3
10080   5   82.5
10081   5   84.7
10082   5   72.0
10083   5   85.0
10084   5   71.2
10085   5   73.1
10086   5   84.1
10087   5   85.1
10088   5   85.6
10089   5   84.6
10090   5   84.5
10091   3   81.2
10092   5   85.4
10093   2   48.5
10094   1   53.2
10095   2   41.4
10096   2   78.0
10097   4   75.7
10098   2   69.5
10099   5   65.7
10100   5   70.0
10101   5   86.3
10102   5   86.4
10103   5   86.4
10104   5   85.3
10105   5   86.1
10106   5   77.8
10107   5   85.3
10108   5   85.4
10109   5   84.1
10110   4   84.7
10111   5   84.9
10112   5   73.1
10113   5   82.4
10114   4   84.5
10115   5   85.7
10116   5   85.2
10117   5   85.9
10118   5   84.6
10119   5   76.3
10120   5   76.5
10121   5   85.8
10122   5   82.3
10123   5   79.6
10124   5   86.1
10125   5   85.9
10126   5   85.3
10127   5   82.3
10128   5   86.2
10129   5   84.9
10130   5   85.2
10131   5   86.2
10132   5   79.3
10133   5   86.2
10134   5   85.6
10135   5   85.6
10136   5   85.5
10137   5   77.6
10138   5   81.7
10139   5   85.8
10140   5   86.1
10141   5   85.9
10142   5   84.5
10143   5   84.3
10144   5   83.0
10145   5   81.2
10146   5   82.7
10147   5   85.0
10148   5   84.7
10149   5   81.5
10150   5   84.3
10151   5   81.2
10152   5   76.6
10153   5   83.3
10154   5   86.6
10155   6   85.2
10156   6   84.3
10157   6   80.9
10158   6   82.8
10159   6   83.0
10160   6   70.2
10161   6   81.5
10162   6   72.2
10163   6   83.2
10164   5   83.9
10165   6   83.2
10166   6   85.9
10167   5   81.8
10168   5   81.3
10169   6   85.6
10170   5   83.8
10171   7   90.3
10172   7   86.2
10173   5   82.3
10174   5   85.7
10175   5   82.4
10176   5   81.4
10177   6   84.0
10178   6   83.9
10179   6   83.1
10180   5   81.5
10181   6   82.7
10182   6   83.9
10183   6   84.2
10184   6   82.6
10185   6   74.5
10186   6   81.9
10187   5   84.0
10188   5   86.0
10189   6   85.0
10190   6   83.0
10191   6   84.4
10192   6   83.1
10193   6   83.2
10194   6   84.2
10195   6   81.8
10196   6   75.9
10197   6   84.3
10198   6   83.2
10199   6   85.8
10200   6   85.6
10201   6   84.9
10202   6   79.2
10203   6   81.2
10204   6   84.8
10205   6   86.0
10206   6   83.8
10207   6   74.3
10208   6   80.1
10209   6   83.5
10210   5   72.9
10211   5   85.7
10212   6   85.2
10213   6   84.3
10214   6   81.9
10215   6   83.3
10216   6   74.4
10217   6   82.6
10218   5   84.2
10219   6   86.3
10220   6   83.7
10221   6   81.2
10222   6   82.1
10223   6   84.9
10224   6   82.5
10225   6   75.0
10226   5   84.9
10227   6   83.0
10228   6   82.9
10229   5   85.3
10230   4   79.2
10231   6   81.0
10232   6   80.6
10233   6   84.9
10234   6   83.8
10235   6   83.2
10236   6   78.8
10237   6   84.0
10238   6   83.9
10239   6   82.6
10240   6   83.3
10241   6   83.3
10242   5   84.4
10243   6   82.7
10244   5   80.1
10245   6   85.4
10246   6   85.0
10247   6   83.0
10248   6   83.9
10249   6   83.7
10250   6   80.9
10251   5   71.8
10252   6   78.4
10253   6   85.2
10254   6   84.5
10255   6   85.2
10256   6   83.9
10257   6   84.1
10258   6   84.0
10259   6   72.5
10260   6   81.2
10261   6   80.9
10262   6   80.8
10263   6   85.1
10264   6   81.9
10265   6   80.9
10266   5   84.7
10267   6   83.2
10268   5   82.4
10269   5   85.8
10270   5   84.5
10271   5   84.4
10272   6   84.3
10273   6   84.6
10274   6   81.8
10275   6   82.8
10276   5   85.8
10277   6   80.3
10278   6   80.9
10279   6   81.4
10280   6   79.1
10281   6   84.5
10282   6   83.8
10283   6   83.3
10284   6   75.9
10285   6   81.3
10286   6   77.0
10287   5   84.2
10288   5   72.9
10289   6   80.2
10290   6   83.4
10291   6   83.8
10292   6   82.2
10293   6   81.9
10294   6   82.2
10295   6   81.8
10296   6   83.7
10297   6   81.6
10298   5   74.6
10299   6   80.2
10300   6   79.4
10301   6   80.7
10302   6   82.0
10303   5   82.3
10304   5   81.5
10305   6   82.9
10306   6   84.2
10307   6   81.0
10308   6   74.8
10309   6   78.0
10310   6   80.1
10311   5   83.7
10312   5   84.1
10313   3   72.2
10314   6   83.5
10315   6   83.0
10316   6   80.5
10317   6   81.2
10318   6   79.0
10319   5   77.4
10320   6   70.3
10321   5   63.1
10322   6   67.2
10323   5   81.6
10324   6   82.2
10325   5   81.2
10326   5   76.4
10327   6   75.5
10328   5   81.7
10329   5   79.7
10330   6   74.5
10331   5   77.0
10339   5   80.9
10340   6   75.6
10341   6   77.2
10342   6   79.1
10343   6   81.4
10344   6   81.8
10345   6   80.9
10346   6   84.1
10347   5   76.8
10348   6   80.8
10349   6   80.7
10350   5   78.3
10351   6   78.9
10352   6   81.5
10353   6   82.4
10354   6   74.8
10355   6   77.0
10356   6   84.3
10357   5   82.8
10358   6   81.6
10359   6   79.8
10360   6   82.1
10361   6   82.1
10362   5   83.0
10363   6   82.3
10364   6   82.7
10365   6   82.7
11001   6   79.3
11002   6   79.1
11003   6   84.0
11004   6   83.4
11005   6   84.1
11006   6   83.0
11007   6   81.2
11008   6   81.2
11009   6   82.4
11010   6   84.7
11011   6   80.5
11012   6   84.3
11013   6   83.5
11014   6   77.8
11015   6   83.9
11016   6   84.5
11017   6   83.0
11018   5   67.6
11019   6   79.8
11020   6   83.8
11021   6   81.8
11022   5   77.8
11023   6   80.8
11024   6   84.8
11025   6   81.1
11026   6   84.8
11027   6   85.4
11028   6   81.4
11029   5   85.4
11030   5   85.1
11031   6   82.9
11032   5   85.4
11033   6   84.6
11034   6   84.7
11035   6   83.5
11036   6   79.2
11037   6   84.3
11038   5   82.7
11039   6   82.4
11040   6   79.6
11041   5   70.9
11042   5   78.2
11043   5   84.6
11044   6   85.3
11045   5   81.5
11046   6   80.0
11047   6   84.0
11048   6   83.4
11049   6   85.0
11050   6   85.0
11051   5   85.2
11052   5   78.7
11053   5   76.9
11054   5   80.4
11055   5   74.9
11056   6   83.9
11057   6   85.0
11058   6   85.0
11059   6   85.3
11060   5   75.1
11061   6   85.3
11062   6   80.8
11063   6   83.1
11064   6   83.5
11065   6   83.8
11066   6   84.0
11067   6   84.2
11068   6   75.0
11069   6   68.6
11070   6   84.8
11071   6   83.4
11072   6   83.4
11073   6   80.9
11074   6   78.4
11075   4   77.2
11076   6   78.4
11077   6   82.2
11078   6   84.3
11079   6   84.4
11080   6   76.9
11081   6   83.7
11082   6   84.3
11083   6   73.9
11084   6   79.3
11085   6   80.3
11086   6   84.0
11087   6   80.1
11088   6   84.0
11089   6   83.3
11090   6   81.5
11091   6   78.8
11092   6   78.3
11093   6   77.9
11094   6   77.4
11095   6   80.5
11096   6   81.8
11097   6   82.2
11098   6   82.6
11099   6   82.6
11100   6   77.0
11101   6   80.0
11102   6   83.1
11103   5   79.0
11104   4   85.7
11105   5   83.7
11106   4   82.9
11107   5   85.5
11108   5   85.3
11109   6   70.5
11110   6   82.3
11111   6   82.6
11112   6   82.4
11113   6   84.2
11114   5   83.3
11115   6   82.8
11116   6   84.4
11117   6   84.2
11118   5   79.9
11119   6   84.1
11120   6   84.4
11121   6   83.8
11122   6   80.6
11123   6   84.5
11124   6   84.1
11125   6   73.7
11126   6   83.9
11127   6   83.7
11128   6   82.9
11129   5   77.6
11130   6   75.2
11131   6   76.6
11132   6   74.4
11133   6   76.3
11134   6   82.8
11135   6   79.9
11136   6   75.6
11137   5   72.8
11138   6   83.2
11139   6   77.1
11140   6   83.3
11141   6   80.2
11142   6   80.8
11143   6   78.6
11144   6   80.7
11145   6   81.2
11146   5   77.7
11147   6   76.3
11148   6   84.1
11149   6   82.7
11150   6   81.1
11151   6   81.1
11152   6   81.0
11153   6   82.5
11154   6   78.9
11155   6   80.9
11156   6   82.2
11157   6   79.9
11158   6   75.4
11159   6   83.2
11160   6   82.5
11161   5   78.5
11162   6   83.6
11163   6   83.5
11164   6   82.0
11165   6   82.8
11166   6   82.0
11167   6   80.1
11168   6   82.5
11169   6   81.6
11170   6   82.4
11171   6   78.2
11172   6   79.6
11173   6   70.9
11174   6   83.8
11175   6   73.5
11176   6   83.6
11177   6   82.5
11178   6   78.8
11179   6   68.9
11180   6   75.7
11181   6   77.5
11182   5   72.1
11183   6   82.7
11184   6   82.5
11185   6   79.0
11186   6   79.5
11187   6   75.5
11188   6   76.5
11189   6   81.9
11190   6   82.1
11191   6   80.2
11192   5   82.6
11193   6   80.2
11194   6   79.1
11195   6   77.7
11196   6   80.3
11197   6   81.0
11198   6   81.8
11199   6   81.9
11200   6   76.7
11201   5   81.4
11202   6   72.3
11203   6   83.2
11204   6   82.7
11205   5   82.4
11206   6   80.0
11207   5   81.8
11208   6   72.4
11209   6   81.6
11210   6   73.7
11211   5   82.5
11212   6   82.0
11213   6   81.9
11214   8   87.4
11215   7   87.5
11216   8   86.8
11217   6   80.7
11218   6   80.5
11219   6   81.3
11220   6   79.4
11221   6   81.4
11222   6   82.2
11223   6   72.0
11224   6   82.9
11225   6   82.7
11226   6   81.3
11227   6   82.1
11228   6   81.1
11229   6   81.8
11230   6   77.1
11231   6   81.1
11232   6   79.3
11233   3   65.2
11240   6   81.6
11241   5   74.4
11242   6   83.5
11243   6   77.5
11244   6   82.2
11245   6   79.5
11246   6   82.2
11247   6   76.2
11248   5   76.7
11249   6   83.5
11250   5   82.2
11251   6   80.6
11252   6   83.2
11253   6   83.3
11258   6   67.6
11259   6   79.4
11260   6   82.4
11261   6   77.7
11262   5   83.7
11263   5   82.5
11264   5   82.3
11265   5   81.9
11266   5   82.7
11267   5   83.3
11268   5   83.7
11269   5   77.0
11270   5   83.2
11271   6   74.1
11272   6   83.2
11273   6   82.6
11274   6   82.7
11275   6   81.9
11276   6   82.8
11277   5   66.8
11278   5   81.5
11279   5   71.4
11280   5   71.1
11281   5   81.8
11282   5   82.7
11283   6   70.9
11284   6   81.0
11285   6   78.1
11286   6   79.9
11287   5   77.2
11288   5   81.0
11289   6   80.1
11290   6   80.8
11291   6   79.8
11292   6   69.8
11293   5   79.8
11294   5   80.5
11295   6   81.8
11296   5   81.3
11297   5   79.5
11298   5   77.5
11299   5   76.6
11300   5   81.4
11301   5   82.4
11302   6   80.7
11303   5   80.2
11304   6   80.7
11305   6   78.2
11306   6   64.6
11307   6   80.1
11308   6   74.4
11309   5   80.3
11310   6   80.6
11311   5   75.7
11312   5   79.7
11313   5   81.7
11314   5   71.1
11315   6   70.5
11316   5   80.0
11317   6   80.0
11318   6   76.2
11319   6   79.9
11320   5   71.0
11321   5   82.2
11322   6   80.1
11323   6   77.6
11324   5   80.5
11325   5   81.2
11326   5   80.0
11327   5   74.4
11337   5   79.8
11338   5   79.8
11339   5   79.0
11340   5   74.9
11341   4   76.3
11342   5   75.2
11343   4   73.9
11344   4   78.1
11345   4   78.2
11346   4   72.7
11347   4   57.8
11348   3   61.1
11349   4   71.0
11350   4   70.1
11351   4   70.8
11352   4   78.3
11353   4   79.4
11354   5   79.8
11355   4   75.6
11356   4   79.6
11357   4   82.9
11358   5   81.0
11359   4   77.9
11360   5   78.9
11361   4   80.3
11362   3   80.2
11363   4   68.0
11364   4   80.3
11365   5   80.5
12001   4   77.8
12002   4   76.0
12003   4   74.9
12004   4   78.8
12005   4   78.2
12006   4   79.7
12007   5   78.9
12008   4   79.5
12009   4   81.9
12010   4   74.8
12011   3   69.1
12012   4   81.6
12013   4   80.5
12014   4   77.2
12015   4   82.1
12016   4   82.5
12017   4   81.8
12018   4   77.4
12019   4   81.2
12020   4   77.0
12021   4   80.0
12022   4   79.3
12023   4   81.8
12024   4   82.5
12025   4   69.6
12026   5   71.0
12027   4   77.7
12028   4   79.6
12029   5   82.3
12030   5   81.8
12031   5   78.9
12032   4   80.6
12033   6   81.6
12034   5   81.8
12035   5   81.5
12036   5   80.6
12037   5   79.3
12038   5   79.9
12039   5   82.5
12040   5   78.6
12041   4   79.5
12042   5   77.0
12043   4   81.3
12044   5   83.1
12045   5   78.9
12046   5   77.6
12047   4   80.6
12048   5   79.6
12049   5   84.6
12050   5   81.9
12051   5   78.5
12052   5   82.4
12053   5   82.3
12054   5   69.3
12055   5   82.2
12056   6   82.8
12057   5   83.8
12058   5   84.2
12059   5   81.6
12060   4   83.4
12061   4   74.6
12062   4   83.8
12063   4   82.7
12064   4   83.8
12065   4   83.3
12066   4   77.7
12067   3   77.0
12068   5   79.2
12069   4   82.0
12070   4   81.8
12071   4   82.2
12072   5   83.4
12073   4   83.8
12074   5   73.5
12075   5   84.0
12076   5   80.5
12077   5   81.1
12078   4   82.6
12079   4   72.0
12080   4   78.8
12081   4   83.1
12082   4   82.8
12083   4   79.5
12084   4   82.3
12085   4   82.1
12086   4   83.0
12087   4   82.1
12088   5   83.7
12089   5   70.3
12090   4   77.1
12091   4   84.9
12092   4   84.5
12093   4   74.2
12094   3   80.6
12095   3   73.4
12096   4   82.7
12097   2   76.7
12098   3   79.1
12099   3   81.7
12100   3   79.9
12101   2   77.5
12102   2   79.5
12103   3   82.1
12104   3   81.5
12105   3   81.1
12106   4   82.8
12107   3   82.6
12108   2   77.2
12109   3   84.6
12111   3   83.0
12112   3   84.2
12113   3   79.6
12114   3   79.4
12115   3   84.2
12116   4   75.8
12117   4   71.7
12118   5   85.2
12119   4   84.1
12120   4   83.5
12121   5   83.1
12122   5   82.0
12123   5   82.6
12124   5   85.0
12125   4   84.6
12126   5   84.6
12127   5   85.1
12128   5   82.9
12129   5   83.7
12130   5   84.1
12131   6   83.5
12132   6   82.6
12133   5   84.9
12134   5   83.9
12135   5   84.4
12136   5   83.2
12137   4   84.4
12138   4   86.0
12139   4   83.5
12140   4   83.0
12141   4   81.7
12142   4   82.0
12143   4   77.0
12144   5   79.7
12145   5   81.0
12146   5   78.8
12147   4   84.2
12148   4   84.1
12149   4   82.1
12150   5   81.9
12151   5   81.1
12152   5   83.4
12153   4   82.9
12154   4   82.4
12155   5   80.9
12156   5   76.4
12157   4   84.9
12158   5   83.5
12159   5   83.8
12160   4   83.6
12161   5   82.3
12162   4   82.5
12163   4   84.6
12164   4   82.2
12165   4   70.4
12166   4   83.4
12167   6   80.7
12168   4   80.8
12169   4   80.7
12170   6   78.4
12171   6   81.2
12172   6   80.0
12173   6   76.7
12174   5   77.8
12175   6   81.5
12176   6   80.8
12177   5   75.1
12178   5   83.4
12179   6   81.1
12180   6   80.6
12181   5   81.7
12182   4   78.6
12183   4   79.5
12184   5   80.4
12185   5   66.0
12186   6   63.8
12187   6   79.3
12188   5   81.5
12189   5   83.2
12190   6   80.7
12191   5   81.2
12192   5   81.8
12193   6   82.2
12194   6   82.6
12195   5   81.6
12196   5   81.2
12197   5   81.2
12198   6   84.6
12199   6   83.5
12200   6   72.6
12201   5   72.1
12202   6   83.8
12203   6   81.6
12204   5   80.9
12205   5   82.1
12206   6   81.6
12207   6   81.8
12208   5   81.1
12209   5   81.0
12210   6   80.1
12211   3   79.6
12213   2   65.8
12214   2   64.5
12215   3   76.1
12216   2   78.2
12217   2   77.5
12218   6   80.9
12219   6   80.0
12220   6   82.0
12221   6   82.8
12222   5   83.3
12223   5   81.7
12224   5   83.2
12225   5   83.9
12226   6   82.0
12227   6   73.9
12228   5   83.0
12229   5   82.4
12230   6   82.3
12231   6   83.4
12232   5   83.6
12233   5   82.0
12234   5   82.2
12235   5   72.7
12236   5   78.8
12237   5   84.0
12238   5   83.3
12239   5   83.1
12240   5   85.2
12241   5   79.7
12242   5   81.4
12243   5   83.6
12244   5   84.7
12245   5   83.6
12246   5   84.7
12247   5   83.7
12248   5   76.1
12249   5   83.8
12250   5   83.9
12251   5   73.5
12252   2   73.5
12254   3   57.5
12255   5   77.3
12256   5   81.9
12257   5   82.5
12258   5   70.3
12259   5   84.3
12260   5   84.7
12261   5   84.2
12262   5   83.3
12263   5   83.6
12264   5   84.2
12265   5   81.3
12266   5   81.9
12267   5   80.1
12268   5   77.2
12269   5   82.2
12270   5   81.6
12271   5   83.1
12272   5   82.0
12273   5   83.0
12274   5   81.1
12275   2   71.8
12276   5   80.3
12277   5   82.2
12278   5   81.8
12279   5   83.5
12280   5   82.0
12281   5   83.7
12282   5   82.8
12283   5   80.0
12284   5   81.6
12285   5   72.8
12286   5   81.8
12287   5   81.4
12288   5   82.3
12289   5   78.2
12290   5   76.7
12291   5   82.8
12292   5   71.4
12293   5   81.9
12294   5   82.8
12295   5   82.2
12296   5   82.5
12297   5   81.1
12298   5   80.6
12299   5   82.3
12300   5   78.3
12301   5   81.8
12302   4   73.2
12303   5   81.3
12304   5   82.7
12305   5   81.8
12306   5   81.4
12307   5   81.6
12308   5   83.6
12309   5   83.5
12310   5   82.5
12311   5   81.5
12312   5   78.3
12313   5   78.2
12314   5   82.2
12315   5   82.6
12316   5   81.5
12317   5   82.3
12318   5   79.5
12319   5   81.2
12320   5   81.0
12321   5   79.4
12322   5   80.9
12323   5   82.4
12324   5   81.6
12325   5   82.9
12326   5   80.2
12327   5   63.4
12328   5   80.6
12329   5   79.3
12330   5   77.6
12331   5   82.2
12332   5   80.6
12333   5   79.6
12334   5   79.1
12335   5   81.7
12336   5   83.0
12337   5   81.8
12338   5   78.6
12339   5   76.5
12340   5   78.5
12341   5   74.8
12342   5   82.0
12343   5   83.8
12344   5   81.3
12345   3   83.5
12346   3   80.6
12347   3   72.6
12348   3   65.7
12349   4   84.1
12350   5   80.9
12351   5   80.9
12352   5   81.8
12353   5   80.5
12354   5   82.0
12355   5   81.9
12356   5   78.8
12357   5   79.6
12358   5   81.6
12359   5   81.1
12360   5   80.8
12361   5   79.9
12362   5   79.7
12363   5   77.0
12364   5   82.0
12365   5   82.1
12366   5   82.0
13001   5   83.3
13002   5   81.5
13003   5   82.3
13004   5   82.7
13005   5   83.1
13006   5   82.9
13007   5   80.8
13008   5   80.9
13009   5   80.2
13010   5   80.0
13011   5   73.5
13012   5   82.0
13013   5   83.3
13014   5   81.0
13015   5   77.4
13016   5   77.1
13017   5   72.2
13018   5   83.1
13019   5   82.6
13020   5   79.4
13021   5   83.7
13022   5   82.6
13023   5   78.4
13024   5   78.3
13025   5   79.6
13026   5   81.8
13027   5   83.1
13028   5   71.1
13029   5   78.4
13030   5   80.7
13031   5   83.1
13032   5   82.7
13033   5   82.5
13034   5   80.7
13035   5   79.7
13036   5   80.1
13037   5   82.2
13038   5   80.0
13039   5   81.7
13040   5   82.9
13041   5   82.7
13042   5   77.2
13043   5   83.1
13044   5   80.8
13045   5   82.4
13046   5   81.7
13047   5   80.5
13048   5   82.4
13049   5   83.3
13050   5   72.5
13051   5   83.2
13052   3   73.0
13053   5   68.1
13054   5   82.8
13055   5   82.0
13056   5   82.9
13057   5   81.8
13058   5   77.9
13059   5   67.2
13060   5   72.5
13061   5   82.3
13062   5   78.4
13063   5   73.8
13064   5   80.1
13065   5   72.6
13066   5   81.1
13067   5   81.3
13068   5   82.0
13069   5   80.3
13070   5   74.8
13071   5   82.7
13072   5   82.3
13073   5   79.9
13074   5   77.4
13075   5   81.0
13076   5   81.3
13077   5   83.2
13078   5   84.1
13079   5   79.7
13080   5   70.2
13081   5   83.5
13082   5   83.4
13083   5   85.2
13084   5   84.9
13085   5   85.3
13086   5   82.5
13087   5   84.4
13088   5   63.5
13089   5   66.2
13090   5   80.9
13091   5   82.4
13092   5   80.1
13093   5   82.4
13094   5   82.0
13095   5   83.0
13096   5   81.9
13097   5   81.9
13098   5   80.5
13099   5   82.3
13100   5   81.1
13101   5   82.0
13102   5   80.5
13103   5   81.7
13104   5   81.6
13105   5   80.2
13106   5   81.7
13107   5   83.0
13108   5   81.2
13109   5   81.1
13110   5   78.6
13111   5   82.3
13112   5   84.2
13113   5   83.0
13114   5   79.3
13115   5   71.9
13116   5   81.7
13117   4   84.3
13118   4   83.1
13119   5   80.8
13120   5   71.6
13121   5   81.7
13122   5   83.0
13123   5   82.6
13124   5   80.1
13125   5   82.9
13126   5   83.0
13127   5   81.2
13128   5   78.8
13129   5   83.6
13130   5   83.1
13131   5   84.2
13132   5   81.6
13133   5   82.8
13134   5   83.0
13135   5   82.0
13136   5   82.5
13137   5   80.0
13138   5   78.6
13139   5   81.4
13140   5   81.5
13141   5   82.8
13142   5   82.3
13143   5   83.0
13144   5   54.4
13145   5   82.9
13146   5   82.4
13147   5   82.0
13148   5   81.8
13149   5   83.8
13150   5   82.0
13151   5   82.2
13152   5   81.8
13153   5   82.2
13154   5   83.6
13155   5   82.2
13156   5   81.3
13157   5   81.8
13158   5   77.6
13159   5   81.4
13160   5   80.4
13161   5   83.7
13162   5   81.3
13163   5   77.8
13164   6   66.7
13165   5   80.7
13166   5   80.5
13167   5   80.0
13168   5   76.7
13169   5   76.1
13170   5   79.8
13171   5   76.9
13172   5   81.3
13173   5   80.6
13174   5   77.3
13175   5   70.3
13176   5   82.2
13177   5   81.7
13178   4   75.5
13179   4   79.4
13180   5   81.3
13181   5   82.5
13182   5   82.0
13183   6   78.3
13184   5   79.9
13185   6   80.0
13186   5   74.5
13187   5   80.1
13188   5   79.6
13189   5   81.0
13190   5   81.9
13191   5   79.7
13192   5   82.2
13193   5   83.8
13194   5   83.2
13195   5   82.3
13196   5   81.7
13197   5   82.1
13198   5   74.6
13199   5   80.5
13200   5   82.5
13201   5   82.0
13202   5   82.6
13203   5   79.7
13204   5   77.6
13205   5   76.7
13206   5   70.5
13207   5   80.9
13208   5   80.3
13209   5   80.9
13210   5   81.0
13211   5   81.1
13212   5   80.7
13213   5   80.9
13214   5   80.4
13215   5   78.4
13216   5   77.3
13217   5   78.4
13218   5   79.1
13219   5   79.7
13220   5   73.3
13221   5   82.3
13222   5   81.8
13223   5   75.2
13224   5   79.3
13225   6   74.7
13226   5   82.5
13227   5   79.1
13228   5   77.4
13229   5   72.6
13230   5   79.4
13231   5   79.8
13232   5   81.4
13233   5   69.3
13234   5   72.1
13235   5   74.8
13236   5   80.1
13237   5   82.0
13238   5   81.6
13239   5   80.3
13240   5   80.3
13241   5   81.9
13242   5   81.3
13243   5   78.6
13244   5   81.1
13245   5   79.6
13246   5   80.6
13247   6   77.0
13248   5   78.5
13249   5   79.5
13250   5   74.9
13251   5   78.8
13252   5   75.4
13253   5   77.8
13254   5   80.8
13255   5   82.6
13256   5   82.5
13257   5   83.1
13258   5   81.4
13259   5   74.2
13260   4   79.4
13261   5   81.9
13262   5   69.3
13263   5   78.5
13264   5   76.1
13265   5   83.2
13266   5   79.4
13267   4   84.0
13268   5   81.2
13269   5   79.0
13270   5   80.9
13271   5   82.1
13272   5   75.3
13273   5   76.8
13274   5   76.1
13275   5   75.9
13276   5   79.3
13277   5   77.6
13278   5   77.0
13279   5   77.1
13280   5   81.5
13281   5   81.8
13282   5   73.9
13283   5   70.4
13284   5   76.4
13287   4   77.1
13288   5   81.0
13289   5   80.1
13290   5   79.8
13291   5   79.4
13292   5   62.2
13293   5   80.3
13294   5   80.3
13295   5   79.2
13296   5   81.4
13297   5   77.1
13298   5   79.8
13299   5   81.7
13300   5   78.7
13301   5   76.1
13302   5   79.7
13303   5   77.6
13304   5   81.6
13305   5   75.9
13306   5   77.9
13307   5   78.9
13308   5   72.4
13309   5   78.9
13310   5   80.7
13311   3   79.0
13312   5   78.6
13313   5   77.2
13314   5   79.5
13315   5   78.3
13316   5   78.1
13317   5   78.2
13318   5   77.2
13319   5   78.1
13320   5   78.8
13321   5   75.8
13322   5   79.2
13323   5   79.3
13324   5   81.0
13325   5   79.2
13326   6   80.3
13327   5   80.5
13328   5   78.3
13329   5   78.5
13330   5   79.2
13331   5   80.6
13332   5   79.1
13333   5   78.1
13334   5   78.2
13335   5   79.7
13336   5   81.5
13337   5   81.8
13338   5   79.0
13339   5   78.3
13340   5   74.1
13341   5   78.2
13342   5   78.4
13343   5   75.6
13344   5   74.1
13345   5   78.4
13346   5   71.0
13347   5   78.3
13348   5   78.1
13349   5   78.0
13350   5   79.3
13351   5   79.8
13352   5   80.0
13353   5   78.7
13354   5   78.8
13355   5   78.1
13356   5   79.9
13357   5   76.4
13358   5   74.7
13359   5   77.7
13360   5   78.1
13361   5   79.4
13362   5   78.2
13363   5   80.5
13364   5   80.2
13365   5   76.2
14001   5   78.5
14002   5   75.8
14003   5   77.2
14004   5   78.4
14005   5   83.0
14006   5   78.8
14007   5   79.8
14008   6   76.9
14009   5   76.7
14010   5   73.2
14011   5   80.9
14012   5   80.0
14013   5   76.4
14014   5   75.3
14015   5   77.6
14016   5   63.5
14017   5   74.7
14018   5   80.2
14019   4   80.6
14020   5   78.8
14021   5   80.7
14022   5   79.0
14023   5   77.5
14024   5   73.0
14025   5   77.3
14026   5   77.5
14027   5   75.6
14028   5   78.9
14029   5   81.3
14030   5   82.1
14031   5   79.0
14032   5   79.9
14033   5   78.8
14034   5   80.2
14035   5   74.2
14036   5   76.4
14037   5   74.5
14038   5   71.6
14039   5   77.7
14040   5   79.4
14041   5   83.1
14042   5   76.5
14043   5   80.0
14044   4   77.7
14045   5   80.9
14046   5   79.4
14047   5   78.8
14048   5   77.4
14049   5   78.1
14050   5   74.0
14051   5   73.6
14052   5   71.9
14053   5   77.2
14054   5   79.6
14055   5   70.5
14056   5   71.3
14057   5   67.3
14058   5   78.7
14059   5   76.1
14060   5   76.6
14061   5   78.5
14062   5   79.4
14063   5   76.8
14064   5   75.6
14065   5   72.2
14066   5   76.5
14067   5   75.2
14068   5   77.7
14069   5   75.3
14070   5   75.5
14071   5   76.1
14072   5   62.6
14073   5   75.3
14074   5   74.8
14075   5   73.5
14076   5   74.1
14077   5   71.5
14078   5   72.8
14079   5   76.2
14080   5   73.8
14081   5   75.5
14082   5   78.5
14083   5   74.0
14084   5   75.1
14085   5   79.6
14086   5   72.8
14087   5   79.2
14088   5   74.8
14089   5   79.8
14090   5   81.0
14091   5   79.7
14092   5   65.0
14093   5   75.1
14094   5   78.1
14095   5   80.4
14096   5   79.7
14097   5   75.9
14098   5   72.6
14099   5   73.5
14100   5   77.4
14101   5   79.2
14102   5   71.1
14103   5   75.6
14104   5   73.0
14105   5   74.9
14106   5   74.8
14107   5   76.0
14108   5   77.5
14109   5   80.2
14110   5   74.7
14111   5   78.7
14112   5   77.4
14113   5   80.7
14114   5   65.7
14115   5   71.6
14116   5   80.7
14117   5   82.3
14118   5   66.1
14119   5   77.1
14120   5   73.9
14121   5   79.8
14122   5   78.1
14123   5   69.9
14124   5   75.0
14125   5   79.8
14126   2   59.8
14127   5   78.3
14128   3   45.7
14129   5   77.8
14130   5   69.1
14131   5   66.2
14132   5   60.9
14133   5   73.3
14134   5   70.5
14135   5   82.1
14136   5   81.2
14137   5   76.0
14138   5   80.1
14139   5   81.4
14140   5   74.8
14141   5   72.2
14142   5   69.2
14143   5   76.4
14144   5   76.8
14145   5   78.2
14146   5   71.8
14147   5   77.5
14148   5   69.1
14149   5   70.6
14150   5   76.4
14151   5   77.3
14152   5   76.8
14153   5   66.3
14154   5   70.9
14155   5   74.8
14156   5   68.8
14157   5   67.7
14158   5   70.4
14159   5   67.3
14160   5   67.8
14161   5   66.9
14162   5   69.9
14163   5   67.2
14164   5   65.8
14165   5   73.3
14166   5   71.3
14167   5   68.7
14168   5   67.7
14169   6   67.4
14170   5   68.6
14171   5   72.0
14172   5   76.9
14173   5   72.3
14174   5   73.3
14175   5   69.0
14176   5   63.2
14177   5   72.5
14178   5   75.5
14179   4   73.2
14180   5   72.5
14181   5   69.5
14182   5   72.4
14183   5   55.3
14184   5   72.9
14185   5   76.1
14186   5   78.3
14187   5   73.7
14188   5   73.6
14189   5   80.5
14190   5   75.3
14191   5   75.0
14192   5   77.8
14193   5   77.4
14194   5   75.8
14195   5   72.9
14196   5   76.9
14197   5   75.4
14198   5   78.8
14199   5   79.5
14200   5   80.1
14201   5   73.8
14202   5   75.0
14203   5   72.8
14204   6   70.9
14205   5   75.3
14206   5   79.1
14207   5   75.9
14208   5   79.1
14209   5   75.5
14210   5   75.5
14211   5   80.4
14212   6   79.8
14213   5   78.7
14214   5   78.1
14215   5   76.0
14216   5   74.6
14217   4   64.9
14218   5   72.3
14219   5   75.9
14220   5   77.5
14221   5   81.2
14222   5   77.6
14223   5   73.7
14224   5   78.9
14225   5   76.4
14226   5   80.2
14227   5   78.9
14228   5   77.8
14229   5   81.2
14230   5   81.1
14231   5   75.2
14232   6   74.2
14233   5   65.7
14234   5   79.3
14235   5   72.0
14236   5   74.3
14237   5   73.6
14238   5   77.0
14239   5   74.0
14240   6   80.5
14241   5   74.8
14242   5   79.7
14243   5   80.9
14244   5   79.8
14245   5   70.6
14246   5   70.1
14247   5   77.9
14248   5   80.0
14249   5   78.6
14250   6   78.1
14251   6   75.9
14252   5   78.6
14253   5   78.7
14254   4   81.8
14255   5   72.8
14256   5   68.7
14257   5   81.1
14258   5   81.0
14259   5   78.2
14260   5   79.6
14261   5   79.4
14262   6   79.1
14263   5   78.3
14264   5   76.7
14265   5   75.1
14266   5   74.9
14267   5   77.0
14268   5   74.1
14269   5   76.6
14270   5   73.8
14271   5   75.8
14272   5   78.7
14273   5   76.9
14274   5   80.1
14275   5   74.8
14276   5   79.8
14277   5   72.5
14278   5   74.7
14279   5   77.5
14280   5   76.8
14281   5   79.9
14282   5   72.1
14283   5   77.6
14284   5   66.0
14285   5   75.1
14286   5   72.3
14287   5   73.6
14288   6   73.2
14289   5   67.0
14290   5   76.6
14291   6   75.2
14292   5   78.4
14293   6   71.9
14294   6   74.3
14295   6   71.7
14296   6   67.7
14297   6   69.9
14298   6   69.6
14299   6   69.0
14300   6   76.3
14301   6   71.6
14302   5   73.7
14303   5   79.2
14304   5   63.4
14305   5   76.7
14306   5   75.8
14307   5   62.4
14308   5   70.1
14309   5   66.2
14310   6   71.0
14311   5   67.2
14312   5   72.6
14313   5   67.8
14314   5   72.6
14315   5   71.7
14316   5   61.8
14317   5   66.7
14318   5   68.8
14319   5   74.6
14320   5   68.2
14321   5   63.7
14322   5   74.2
14323   5   68.1
14324   5   73.7
14325   5   67.7
14326   5   70.1
14327   5   69.1
14328   5   67.6
14329   5   69.2
14330   5   70.1
14331   5   67.5
14332   5   67.2
14333   5   73.1
14334   5   70.8
14335   5   69.4
14336   5   60.4
14337   5   66.3
14338   5   69.6
14339   5   71.8
14340   5   70.5
14341   5   68.2
14342   5   66.1
14343   5   66.3
14344   5   58.1
14345   5   58.7
14346   5   62.8
14347   5   66.1
14348   5   69.2
14349   6   66.3
14350   5   64.6
14351   5   67.0
14352   5   60.2
14353   5   67.8
14354   5   72.4
14355   5   67.1
14356   5   64.5
14357   5   66.6
14358   5   67.8
14359   5   65.6
14360   5   70.0
14361   5   67.3
14362   5   68.1
14363   5   65.4
14364   5   70.5
14365   5   69.4
15001   5   69.2
15002   5   68.6
15003   5   67.6
15004   5   70.2
15005   5   66.7
15006   5   71.5
15007   5   57.9
15008   5   62.6
15009   5   74.7
15010   5   69.5
15011   5   68.5
15012   5   64.1
15013   5   67.5
15014   5   66.4
15015   5   75.5
15016   5   69.1
15017   5   64.9
15018   5   70.1
15019   5   71.6
15020   5   72.8
15021   5   66.1
15022   5   72.3
15023   5   70.6
15024   5   73.3
15025   5   66.9
15026   5   63.1
15027   5   68.9
15028   5   63.7
15029   5   71.5
15030   5   66.6
15031   5   68.5
15032   5   69.0
15033   5   63.2
15034   5   65.3
15035   5   64.7
15036   5   63.0
15037   6   67.1
15038   5   62.7
15039   5   64.9
15040   4   66.6
15041   5   66.5
15042   5   67.3
15043   4   68.0
15044   5   62.3
15045   5   64.2
15046   5   66.3
15047   5   63.7
15048   5   65.0
15049   5   65.3
15050   5   67.8
15051   5   64.2
15052   5   72.5
15053   5   65.5
15054   5   63.9
15055   5   68.3
15056   5   62.3
15057   5   75.7
15058   5   67.5
15059   5   71.1
15060   5   70.7
15061   5   61.6
15062   5   67.8
15063   5   62.3
15064   5   55.8
15065   2   63.4
15066   5   69.9
15067   1   70.6
15068   5   70.8
15069   5   67.8
15070   5   70.5
15071   5   70.4
15072   5   72.7
15073   5   68.6
15074   5   64.8
15075   5   68.3
15076   5   66.2
15077   5   68.5
15078   5   73.5
15079   5   71.9
15080   5   76.4
15081   5   71.2
15082   5   71.3
15083   5   67.6
15084   5   72.9
15085   5   66.7
15086   5   68.3
15087   5   71.6
15088   5   72.6
15089   5   68.1
15090   5   70.2
15091   5   62.3
15092   5   56.8
15093   5   74.2
15094   5   74.5
15095   5   71.2
15096   5   71.8
15097   5   67.1
15098   5   67.1
15099   5   60.1
15100   5   62.2
15101   5   68.0
15102   5   71.1
15103   5   68.2
15104   4   72.3
15105   4   75.3
15106   4   73.8
15107   4   71.0
15108   4   74.2
15109   4   70.8
15110   4   65.7
15111   4   66.6
15112   4   71.7
15113   4   69.8
15114   4   72.5
15115   4   72.8
15116   4   67.0
15117   5   66.5
15118   5   59.8
15119   5   70.1
15120   5   66.4
15121   5   70.2
15122   5   68.5
15123   5   72.0
15124   5   67.6
15125   5   71.3
15126   5   78.0
15127   5   79.5
15128   5   75.9
15129   5   77.0
15130   5   74.0
15131   5   63.7
15132   5   77.3
15133   5   74.1
15134   5   71.8
15135   5   74.4
15136   5   66.1
15137   5   76.9
15138   4   75.6
15139   4   76.6
15140   4   74.4
15141   4   80.3
15142   4   78.7
15143   4   70.6
15144   4   68.9
15145   4   76.5
15146   4   68.1
15147   4   78.2
15148   4   68.7
15149   4   69.2
15150   4   57.2
15151   4   58.3
15152   4   69.4
15153   4   77.1
15154   4   75.0
15155   4   75.1
15156   4   69.5
15157   4   70.4
15158   4   73.8
15159   4   72.6
15160   4   74.9
15161   4   76.2
15162   4   73.4
15163   4   78.8
15164   4   72.9
15165   4   74.5
15166   4   77.8
15167   4   78.8
15168   4   79.2
15169   4   63.7
15170   4   78.9
15171   4   77.0
15172   4   72.5
15173   4   73.6
15174   4   74.5
15175   4   72.6
15176   4   73.4
15177   4   72.0
15178   4   74.7
15179   4   78.9
15180   4   78.6
15181   4   79.3
15182   4   79.6
15183   4   78.8
15184   4   66.7
15185   4   76.4
15186   4   77.3
15187   4   77.3
15188   4   73.7
15189   4   75.8
15190   4   73.5
15191   4   74.5
15192   4   76.2
15193   4   78.7
15194   4   67.0
15195   5   77.0
15196   4   76.0
15197   4   64.3
15198   4   73.3
15199   4   78.7
15200   4   78.0
15201   5   76.6
15202   4   78.1
15203   4   73.9
15204   4   78.6
15205   4   61.1
15206   4   76.0
15207   4   75.4
15208   4   72.8
15209   4   64.7
15210   4   75.6
15211   4   75.1
15212   4   78.3
15213   4   77.4
15214   4   79.0
15215   4   79.8
15216   4   79.2
15217   4   78.9
15218   4   75.8
15219   4   72.4
15220   4   72.7
15221   4   67.1
15222   4   75.5
15223   4   61.9
15225   2   45.7
15226   4   73.9
15227   4   74.1
15228   4   75.8
15229   4   64.6
15230   4   74.4
15231   3   74.3
15232   3   76.1
15233   4   77.2
15234   4   80.3
15235   4   79.0
15236   4   76.7
15237   4   72.8
15238   4   76.3
15239   4   77.6
15240   4   74.9
15241   4   80.7
15242   5   76.5
15243   5   76.2
15244   4   79.1
15245   4   77.1
15246   4   77.3
15247   4   79.7
15248   4   76.6
15249   4   80.1
15250   4   76.6
15251   4   75.2
15252   4   70.0
15253   4   78.8
15254   5   76.5
15255   4   78.4
15256   4   80.0
15257   4   74.3
15258   5   73.2
15259   5   76.8
15260   4   79.1
15261   4   70.5
15262   4   79.6
15263   4   73.9
15264   4   80.9
15265   4   77.6
15266   4   73.9
15267   4   74.2
15268   4   76.8
15269   4   58.2
15270   4   65.5
15271   4   80.5
15272   4   71.6
15273   4   73.7
15274   4   78.4
15275   5   77.1
15276   5   75.7
15277   4   73.3
15278   5   70.3
15279   5   77.8
15280   4   68.4
15281   4   73.1
15282   4   79.6
15283   4   77.5
15284   4   75.7
15285   4   72.3
15286   4   74.9
15287   4   74.5
15288   4   74.9
15289   4   79.5
15290   3   73.4
15291   3   77.9
15292   4   70.9
15293   4   75.6
15294   3   74.2
15295   4   54.5
15296   5   74.8
15297   5   74.5
15298   5   75.5
15299   5   72.8
15300   5   72.7
15301   5   72.8
15302   5   59.2
15303   5   73.9
15304   5   77.6
15305   5   71.8
15306   5   75.4
15307   4   72.5
15308   4   79.1
15309   5   70.4
15310   4   73.4
15311   5   74.7
15312   5   71.1
15313   5   72.4
15314   5   73.6
15315   5   73.3
15316   5   76.1
15317   4   73.5
15318   4   79.6
15319   5   76.4
15320   4   78.0
15321   4   78.1
15322   3   79.8
15323   5   64.7
15324   4   80.1
15325   4   77.5
15326   4   79.9
15327   4   79.8
15328   4   73.7
15329   4   78.9
15330   4   81.4
15331   4   77.4
15332   4   78.5
15333   4   72.2
15334   4   80.1
15335   4   80.2
15336   4   80.3
15337   4   79.9
15338   4   81.2
15339   4   79.7
15340   4   78.6
15341   4   81.6
15342   4   81.1
15343   5   79.5
15344   5   74.6
15345   5   78.7
15346   5   78.4
15347   5   79.7
15348   5   79.6
15349   5   77.8
15350   4   79.2
15351   4   79.3
15352   4   81.8
15353   4   79.8
15354   4   79.7
15355   4   75.3
15356   5   64.7
15357   4   70.2
15358   4   77.8
15359   4   79.7
15360   4   76.7
15361   4   75.0
15362   4   78.9
15363   4   79.9
15364   4   75.0
15365   4   77.4
16001   3   69.6
16002   4   79.0
16003   4   77.7
16004   4   77.0
16005   4   77.8
16006   4   80.8
16007   4   78.7
16008   5   75.8
16009   4   78.9
16010   4   79.9
16011   4   79.4
16012   4   76.5
16013   4   75.5
16014   4   78.0
16015   4   79.1
16016   4   81.0
16017   4   81.0
16018   5   79.2
16019   4   77.0
16020   4   67.5
16021   4   80.2
16022   4   80.4
16023   4   81.0
16024   4   81.5
16025   4   79.2
16026   4   79.1
16027   4   75.7
16028   4   79.2
16029   4   79.9
16030   4   77.4
16031   4   78.4
16032   3   80.6
16033   3   78.2
16034   3   80.6
16035   3   82.0
16036   3   82.1
16037   3   81.6
16038   3   82.3
16039   3   79.2
16040   3   81.1
16041   3   78.3
16042   3   82.1
16043   3   83.0
16044   3   81.2
16045   3   80.1
16046   3   80.7
16047   3   81.3
16048   3   82.9
16049   3   82.7
16050   3   82.6
16051   3   82.2
16052   3   81.3
16053   3   81.5
16054   3   81.9
16055   3   80.3
16056   3   82.5
16057   3   75.7
16058   3   82.6
16059   3   82.3
16060   3   82.3
16061   3   81.1
16062   3   78.7
16063   3   81.4
16064   3   82.4
16065   3   82.0
16066   3   81.0
16067   3   80.3
16068   2   87.7
16069   3   80.6
16070   3   57.3
16071   3   53.6
16072   3   79.1
16073   2   88.2
16074   3   74.3
16075   3   65.8
16076   3   79.4
16077   3   82.0
16078   3   81.2
16079   3   77.9
16080   3   81.7
16081   3   82.7
16082   3   82.0
16083   3   80.7
16084   3   82.2
16085   3   82.4
16086   3   82.2
16087   3   82.1
16088   3   82.4
16089   3   81.6
16090   3   78.6
16091   3   71.8
16092   3   80.8
16093   3   82.6
16094   3   82.5
16095   3   75.0
16096   3   80.2
16097   3   81.0
16098   3   73.8
16099   3   78.0
16100   3   83.0
16101   3   82.5
16102   3   82.6
16103   3   81.4
16104   3   74.0
16105   3   82.3
16106   3   80.9
16107   3   82.9
16108   3   82.2
16109   3   82.2
16110   3   62.8
16111   3   63.9
16112   3   82.8
16113   3   66.7
16114   3   82.5
16115   3   82.3
16116   3   81.9
16117   3   82.3
16118   3   77.6
16119   3   69.4
16120   3   70.2
16121   3   82.2
16122   3   81.5
16123   3   58.7
16124   3   61.9
16125   3   64.2
16126   3   82.0
16127   3   71.7
16128   3   81.1
16129   3   80.9
16130   3   82.0
16131   3   78.6
16132   3   78.7
16133   3   81.4
16134   3   82.3
16135   3   82.0
16136   3   82.5
16137   3   82.5
16138   3   81.7
16139   3   63.7
16140   3   81.0
16141   3   81.5
16142   3   82.1
16143   3   74.4
16144   3   81.7
16145   3   82.5
16146   3   80.6
16147   3   80.9
16148   3   80.1
16149   3   80.5
16150   3   79.3
16151   3   81.7
16152   3   76.2
16153   3   81.9
16154   3   77.0
16155   3   78.5
16156   3   81.7
16157   3   79.9
16158   3   82.6
16159   3   80.2
16160   2   77.4
16161   3   80.8
16162   3   82.9
16163   3   81.3
16164   3   82.3
16165   3   79.8
16166   3   68.9
16167   3   82.2
16168   3   81.5
16169   3   81.3
16170   3   80.9
16171   3   78.2
16172   3   81.6
16173   3   82.2
16174   3   73.0
16175   2   53.4
16176   3   60.3
16177   3   64.4
16178   3   60.2
16179   3   75.5
16180   3   69.0
16181   3   75.2
16182   3   81.0
16183   3   80.8
16184   3   80.9
16185   3   81.3
16186   3   81.7
16187   3   79.2
16188   3   81.3
16189   3   81.2
16190   3   77.9
16191   3   81.2
16192   3   78.9
16193   3   68.8
16194   3   63.3
16195   3   81.6
16196   3   82.5
16197   3   80.6
16198   3   82.4
16199   3   80.9
16200   3   73.4
16201   3   63.4
16202   3   72.6
16203   3   62.8
16204   3   64.6
16205   3   66.4
16206   3   79.8
16207   3   65.9
16208   3   64.6
16209   3   61.4
16210   3   80.6
16211   3   80.9
16212   3   64.3
16213   3   61.0
16214   3   81.1
16215   3   81.1
16216   3   80.3
16217   3   79.4
16218   3   60.7
16219   3   81.4
16220   3   80.6
16221   2   79.2
16222   2   77.0
16223   2   77.4
16224   2   68.2
16225   2   74.8
16226   2   79.2
16227   2   77.8
16228   2   77.3
16229   2   79.0
16230   2   78.2
16231   2   76.6
16232   2   77.9
16233   2   77.5
16234   2   77.7
16235   2   79.1
16236   2   79.2
16237   2   75.9
16238   2   77.0
16239   2   76.6
16240   2   76.0
16241   2   77.3
16242   2   73.4
16243   2   77.9
16244   2   79.7
16245   2   78.1
16246   2   77.8
16247   2   77.7
16248   4   85.3
16249   4   85.3
16250   4   86.2
16251   4   85.7
16252   4   85.6
16253   4   85.5
16254   4   85.7
16255   4   84.9
16256   4   84.9
16257   4   85.2
16258   4   83.6
16259   4   83.6
16260   4   84.5
16261   4   85.7
16262   4   86.9
16263   4   86.1
16264   4   79.0
16265   4   86.9
16266   4   86.2
16267   4   86.5
16268   4   86.5
16269   4   86.1
16270   4   85.9
16271   4   85.5
16272   4   84.0
16273   4   85.1
16274   4   83.4
16275   4   86.2
16276   4   85.9
16277   4   81.6
16278   4   86.1
16279   4   87.1
16280   4   83.8
16281   4   83.6
16282   4   86.9
16283   4   86.9
16284   4   86.8
16285   4   84.5
16286   4   84.0
16287   4   71.4
16288   4   85.3
16289   4   86.0
16290   4   85.7
16291   4   86.2
16292   4   83.5
16293   4   86.3
16294   4   86.5
16295   4   86.0
16296   4   86.5
16297   4   86.4
16298   4   84.8
16299   4   85.8
16300   4   87.0
16301   4   83.5
16302   4   86.4
16303   4   85.9
16304   1   88.7
16305   1   89.2
