04015  43   89.7
04016  43   90.9
04017  36   91.1
04018  41   91.0
04019  42   91.6
04020  43   88.1
04021  45   90.2
04022  43   90.9
04023  41   92.9
04024  42   92.2
04025  41   94.3
04026  43   91.6
04027  46   89.6
04028  45   92.1
04029  45   93.7
04030  45   93.9
04031  46   92.7
04032  40   91.4
04033  45   91.1
04034  45   92.0
04035  48   91.4
04036  47   90.4
04037  48   89.9
04038  47   92.2
04039  46   91.8
04040  48   90.1
04041  45   93.5
04042  45   91.4
04043  46   92.6
04045  44   90.3
04046  44   94.4
04047  45   92.2
04048  47   94.3
04049  44   92.6
04050  45   93.0
04051  46   92.2
04052  45   91.9
04053  44   91.0
04054  44   93.2
04055  48   91.8
04056  48   91.6
04057  47   92.0
04058  44   92.9
04060  45   93.8
04061  44   94.0
04062  47   94.7
04063  45   94.6
04064  47   94.8
04065  49   92.6
04066  48   93.7
04067  45   93.1
04068  48   93.6
04069  47   94.4
04071  49   93.1
04072  45   92.2
04073  43   92.4
04074  42   92.1
04075  48   91.9
04076  48   91.2
04077  48   90.0
04079  48   90.2
04080  46   90.2
04081  44   91.7
04082  49   90.7
04083  48   92.6
04084  50   92.0
04085  51   94.0
04086  49   92.4
04087  44   93.6
04088  44   94.0
04089  46   93.2
04090  44   93.4
04091  45   92.9
04092  45   92.7
04093  45   94.2
04094  46   89.9
04095  44   92.0
04096  45   87.6
04097  47   90.8
04098  47   92.0
04099  48   93.4
04100  47   92.9
04101  46   93.0
04102  45   94.3
04103  46   94.0
04104  45   92.7
04105  44   94.3
04106  47   93.3
04107  47   94.3
04108  45   93.9
04109  44   94.0
04110  48   92.6
04111  44   92.3
04112  48   93.1
04113  45   93.6
04119  46   92.4
04120  49   93.4
04121  45   90.8
04122  43   90.8
04123  44   92.5
04124  46   92.6
04125  48   91.1
04126  47   93.1
04127  46   92.7
04128  47   91.7
04129  47   91.8
04130  42   95.2
04131  44   93.0
04132  45   93.0
04133  46   92.0
04134  45   92.3
04135  46   92.2
04136  45   92.5
04137  44   91.9
04138  45   93.5
04139  45   92.4
04140  46   90.8
04141  46   91.8
04142  44   90.3
04144  42   91.4
04145  47   92.4
04146  44   91.7
04147  43   90.7
04148  42   89.8
04149  43   92.8
04150  44   92.7
04151  42   92.1
04152  42   89.6
04153  44   90.9
04154  43   90.7
04155  42   92.3
04156  44   93.1
04157  45   91.9
04158  41   93.1
04159  40   93.7
04160  47   91.5
04161  45   90.7
04162  46   88.2
04163  45   89.7
04164  46   89.7
04165  42   91.9
04166  45   91.5
04167  47   88.1
04168  48   90.4
04169  49   91.7
04170  49   90.4
04171  47   92.1
04172  47   91.8
04173  46   92.3
04174  46   91.6
04175  44   87.9
04176  49   86.2
04177  29   88.8
04178  29   88.5
04179  28   87.3
04180  28   87.0
04181  29   88.7
04182  28   89.2
04183  29   86.8
04184  29   86.8
04185  28   88.6
04186  29   89.4
04187  28   88.7
04188  27   90.1
04189  29   90.5
04190  29   84.8
04191  29   88.4
04192  29   89.5
04193  28   89.3
04194  27   90.6
04195  29   90.6
04196  29   90.3
04197  27   91.6
04198  29   89.4
04199  29   86.8
04200  29   88.4
04201  26   87.5
04203  29   87.8
04204  29   86.3
04205  29   84.3
04206  28   84.5
04207  27   85.0
04208  28   87.4
04209  28   88.1
04210  29   87.3
04211  28   89.7
04212  29   87.8
04215  29   88.1
04216  29   88.8
04217  29   87.1
04218  28   87.7
04219  28   87.4
04220  10   86.5
04221  10   88.8
04222  28   89.3
04223  28   88.8
04224  29   89.1
04225  28   86.8
04226  29   88.7
04227  29   91.1
04228  28   88.7
04229  28   89.5
04230  29   88.0
04231  29   88.4
04232  29   88.2
04233  28   87.0
04234  28   90.6
04235  29   91.4
04236  29   88.6
04237  29   88.7
04238  29   87.9
04239  29   89.2
04240  29   89.8
04241  28   90.6
04242  29   86.6
04243  29   89.8
04244  28   92.6
04245  29   91.5
04246  29   91.0
04247  29   90.5
04250  29   90.8
04251  28   91.0
04252  28   92.9
04253  29   91.8
04254  29   91.0
04255  28   87.2
04256  29   86.4
04257  28   89.3
04258  28   88.4
04259  28   88.6
04260  29   90.8
04261  28   92.8
04262  28   92.6
04263  29   89.6
04264  28   91.4
04265  29   89.6
04266  29   91.1
04267  29   88.4
04268  28   90.8
04269  28   91.0
04270  29   90.8
04271  29   89.8
04272  28   88.3
04273  29   89.7
04274  29   88.8
04275  29   90.2
04276  28   90.1
04277  27   90.2
04278  28   89.2
04279  29   91.0
04280  28   92.0
04281  29   91.0
04282  29   90.7
04283  29   89.6
04284  28   89.4
04285  29   89.0
04286  28   91.2
04287  29   90.5
04288  29   90.8
04289  29   90.8
04290  29   91.7
04291  29   91.5
04292  28   90.2
04293  28   90.0
04294  29   90.7
04295  29   87.3
04296  28   90.1
04297  29   89.6
04298  27   88.1
04300  28   88.8
04301  29   86.7
04302  28   87.4
04303  28   87.9
04304  29   89.9
04305  29   89.2
04306  28   89.9
04307  29   90.7
04308  29   90.9
04309  28   90.0
04310  29   89.7
04311  29   90.7
04312  28   90.1
04313  27   90.6
04314  28   90.4
04315  29   90.8
04316  29   93.0
04317  28   92.5
04318  28   90.3
04319  29   91.1
04320  29   91.4
04321  29   91.4
04328  28   90.9
04329  28   91.2
04330  29   90.6
04331  28   92.3
04332  28   91.6
04333  29   93.3
04334  28   92.7
04335  29   91.9
04336  29   88.7
04337  28   92.8
04338  28   91.4
04339  29   91.8
04340  29   91.4
04341  27   90.5
04342  28   89.9
04343  29   86.5
04344  29   89.3
04345  28   91.2
04346  27   91.3
04347  27   90.2
04348  28   89.7
04349  29   91.0
04350  29   92.8
04351  29   91.3
04352  29   90.3
04353  29   90.0
04354  29   91.2
04355  28   91.4
04356  28   92.8
04357  28   92.4
04358  28   91.6
04359  29   86.9
04360  29   87.2
04361  28   87.6
04362  28   90.3
04363  27   91.0
04364  29   89.8
04365  29   90.5
04366  28   87.4
05001  29   90.1
05002  29   90.0
05003  28   91.9
05004  29   91.8
05005  29   90.6
05006  29   89.7
05007  29   91.3
05008  28   92.2
05009  28   91.4
05010  27   89.5
05011  28   90.5
05012  27   90.0
05013  29   88.6
05014  29   92.2
05015  28   91.8
05016  29   92.4
05017  28   90.5
05018  29   91.3
05019  29   91.7
05020  28   89.2
05021  29   84.4
05022  27   92.0
05023  28   90.8
05024  28   91.8
05025  28   89.0
05026  29   91.3
05027  29   91.7
05028  29   91.0
05029  29   91.5
05030  29   91.3
05031  29   92.4
05032  29   92.3
05033  28   92.5
05034  27   92.2
05035  27   93.6
05036  29   92.7
05037  28   91.5
05038  29   91.7
05039  28   93.3
05040  28   91.9
05041  29   92.1
05042  29   91.4
05043  28   90.4
05044  28   89.8
05045  28   92.3
05046  29   91.9
05047  29   91.6
05048  29   92.2
05049  29   91.8
05050  29   91.2
05051  29   92.9
05052  28   93.5
05053  29   94.0
05054  28   94.9
05055  28   94.4
05056  29   92.9
05057  28   93.5
05058  29   93.8
05059  29   93.7
05060  29   93.1
05061  27   93.9
05062  28   92.1
05063  29   91.4
05064  29   88.2
05065  28   93.7
05066  29   93.4
05067  28   93.5
05068  28   93.1
05069  28   94.7
05070  29   91.6
05071  29   91.8
05072  28   93.2
05073  29   93.5
05074  28   91.6
05075  29   91.0
05076  29   90.3
05077  27   90.0
05078  29   89.6
05079  29   91.9
05080  29   90.9
05081  28   91.8
05082  28   88.7
05083  28   88.9
05084  29   90.7
05085  29   90.9
05086  27   92.1
05087  29   91.3
05088  28   91.6
05089  29   92.8
05090  28   90.8
05091  28   91.3
05092  28   92.9
05093  27   92.1
05094  29   91.7
05095  28   91.4
05096  27   90.6
05097  29   89.3
05098  28   93.5
05099  29   92.9
05100  29   91.5
05101  29   92.5
05102  29   90.7
05103  28   89.6
05104   8   84.6
05105  29   88.5
05106  28   90.4
05107  27   89.7
05108  28   89.4
05109  29   90.7
05110  28   91.8
05111  28   90.8
05112  29   91.7
05113  29   91.3
05114  29   91.9
05115  29   91.5
05117  29   90.4
05118  29   90.0
05120  29   89.2
05121  29   89.1
05122  29   88.5
05123  29   86.7
05124  29   87.1
05125   9   89.1
05126  28   87.1
05128  24   90.5
05129  27   90.8
05130  25   91.5
05131  28   90.6
05132  28   92.7
05133  28   92.5
05134  29   91.3
05135  29   89.8
05136  29   90.1
05137  28   92.5
05138  23   89.2
05139  28   91.0
05140  28   88.4
05141  28   90.9
05142  27   89.5
05143  27   88.6
05144  28   90.3
05145  29   90.8
05146  29   91.5
05147  29   88.8
05148  29   88.0
05149  29   86.8
05150  30   81.1
05151  28   89.3
05152  28   90.9
05153  28   91.7
05154  27   91.1
05155  28   88.7
05156  28   90.1
05157  27   90.3
05158  27   89.3
05159  27   90.5
05160  27   90.3
05161  27   90.6
05162  27   91.6
05163  27   86.3
05164  27   86.6
05165  27   89.9
05166  27   89.6
05167  27   87.6
05168  27   86.6
05169  27   89.3
05170  27   90.2
05171  27   90.4
05172  27   89.8
05173  27   86.8
05174  27   87.0
05175  27   86.9
05176  26   85.5
05177  24   88.0
05178  27   90.2
05179  27   87.2
05180  27   85.5
05181  27   89.7
05182  27   87.8
05183  27   90.6
05184  27   90.5
05185  27   89.5
05186  27   89.9
05187  27   87.7
05188  27   89.3
05189  27   87.4
05190  27   90.3
05191  26   88.1
05192  27   85.6
05193  27   87.0
05194  27   87.3
05195  27   86.7
05196  27   85.3
05197  27   84.5
05198  24   86.0
05199  25   86.0
05200  27   87.7
05201  27   89.5
05202  27   89.0
05203  27   90.7
05204  27   88.7
05205  27   90.0
05206  28   85.8
05207  27   88.6
05208  28   89.4
05209  28   88.3
05210  28   84.6
05212  28   88.9
05213  27   89.9
05214  28   88.6
05215  27   88.1
05216  29   90.0
05217  29   90.3
05218  29   90.4
05219  26   90.3
05220  30   91.5
05221  30   90.7
05222  30   88.8
05223  30   85.3
05224  30   90.3
05225  29   92.3
05226  29   91.2
05227  28   93.0
05228  28   91.7
05229  12   91.8
05230  28   90.6
05231  27   90.2
05232  26   89.3
05233  25   89.1
05234  28   89.6
05235  29   90.2
05236  29   89.0
05237  29   90.1
05238  29   90.4
05239  29   90.5
05240  29   90.6
05241  29   91.1
05242  29   86.6
05243  28   87.6
05244  29   86.5
05245  29   84.0
05246  28   87.1
05247  28   90.6
05248  28   91.1
05249  28   92.9
05250  28   91.8
05251  29   90.3
05252  29   88.7
05253  29   89.4
05254  27   88.2
05255  29   88.6
05256  29   90.2
05257  29   89.0
05258  29   88.8
05259  30   87.3
05260  29   91.9
05261  28   91.3
05262  29   90.8
05263  29   87.8
05264  28   88.4
05265  29   91.0
05266  27   90.3
05267  27   90.1
05268  29   91.6
05272  28   91.0
05273  28   91.6
05274  30   90.5
05275  29   92.5
05276  29   91.5
05277  29   87.9
05278  30   90.6
05279  29   90.7
05280  29   89.4
05281  29   90.3
05282  29   88.8
05283  26   92.1
05284  27   91.4
05285  30   89.4
05286  28   90.5
05287  29   91.6
05288  29   91.0
05289  29   91.7
05290  29   91.5
05291  28   91.1
05292  29   88.8
05293  29   89.4
05294  29   90.2
05295  30   89.5
05296  28   91.3
05297  29   91.3
05298  28   88.8
05299  29   90.8
05300  28   92.7
05301  26   92.1
05302  27   92.1
05303  27   91.1
05304  28   91.3
05305  28   89.3
05306  29   89.1
05307  30   90.2
05308  29   91.6
05309  28   92.9
05310  27   90.5
05311  29   90.8
05312  28   92.6
05313  30   89.6
05314  29   92.1
05315  28   93.3
05316  29   91.1
05317  28   91.3
05318  28   92.7
05319  28   91.3
05320  28   90.8
05321  28   91.2
05322  28   91.3
05323  28   92.7
05324  28   92.5
05325  28   91.6
05326  30   91.7
05327  28   90.2
05328  28   90.0
05329  28   92.2
05330  29   93.4
05331  29   91.2
05332  31   89.7
05333  30   91.9
05334  31   90.8
05335  31   91.3
05336  30   91.2
05337  30   91.0
05338  30   90.3
05339  30   91.9
05340  29   91.6
05341  28   90.9
05342  28   92.7
05343  28   90.4
05344  28   88.7
05345  27   91.2
05346  26   91.1
05347  26   87.5
05348  31   91.5
05349  28   89.5
05350  27   87.9
05351  26   89.1
05352  27   88.8
05353  27   88.6
05355  30   89.3
05356  30   90.3
05357  26   91.0
05358  25   90.6
05359  26   90.1
05360  25   90.0
05361  25   89.3
05362  25   90.8
05363  25   90.8
05364  25   90.7
05365  25   87.4
06001  28   88.0
06002  28   88.6
06003  28   90.3
06004  28   91.4
06005  28   91.8
06006  31   86.7
06007  14   91.1
06008  12   89.8
06009  30   91.6
06010  28   91.0
06011  28   89.0
06012  28   89.5
06013  28   92.3
06014  28   89.9
06015  28   92.5
06016  28   89.0
06017  29   88.0
06018  28   89.0
06019  28   88.2
06020  14   87.8
06021  30   90.2
06022  30   89.7
06023  30   91.7
06024  30   90.4
06025  30   89.3
06026  30   89.5
06027  30   89.4
06028  30   89.5
06029  28   90.0
06030  28   90.7
06031  27   91.0
06032  30   90.8
06033  30   91.1
06034  18   92.2
06035  29   90.3
06036  30   91.0
06037  30   88.8
06038  29   89.2
06039  28   88.6
06040  29   89.2
06041  28   90.5
06042  29   91.3
06043  29   90.1
06044  28   91.1
06045  29   90.7
06046  29   88.4
06047  29   85.8
06048  29   88.2
06049  29   88.0
06050  28   89.1
06051  29   88.9
06052  30   87.9
06053  30   90.8
06054  30   90.8
06055  30   89.4
06056  30   91.5
06057  30   89.7
06058  29   90.8
06059  29   90.0
06060  29   90.1
06061  28   90.9
06062  29   89.5
06063  28   89.9
06064  25   92.1
06065  25   89.4
06066  28   90.4
06067  29   89.2
06068  29   86.9
06069  29   88.0
06070  27   90.7
06071  26   91.2
06072  27   91.2
06073  31   90.2
06074  30   90.6
06075  28   90.1
06076  28   91.1
06077  28   91.6
06078  28   91.0
06079  29   90.2
06080  28   91.0
06081  28   88.6
06082  28   91.1
06083  28   88.9
06084  28   87.6
06085  28   90.6
06086  27   89.2
06087  28   90.0
06088  29   88.0
06089  29   90.2
06090  29   88.1
06091  29   87.5
06092  28   86.9
06093  28   87.3
06094  30   88.0
06095  29   89.1
06096  29   88.7
06097  29   87.6
06098  29   88.3
06099  26   87.7
06100  26   88.0
06101  29   89.3
06102  28   90.4
06103  29   90.1
06104  29   88.9
06105  29   88.8
06106  28   87.6
06107  28   87.8
06108  29   89.3
06109  29   90.0
06110  29   88.6
06111  31   90.1
06112  28   88.9
06113  28   87.9
06114  28   87.7
06115  28   89.2
06116  28   89.6
06117  28   90.1
06118  28   91.1
06119  29   90.4
06120  25   89.4
06121  25   91.6
06122  27   91.2
06123  29   91.4
06124  28   90.7
06125  28   87.3
06126  26   88.4
06127  26   90.4
06128  28   90.2
06129  29   87.8
06130  29   88.8
06131  29   89.4
06132  29   89.1
06133  29   88.6
06134  29   88.2
06135  29   87.9
06136  30   83.2
06137  29   87.4
06139  28   87.2
06140  28   89.2
06141  28   90.7
06142  28   88.3
06143  28   89.2
06144  28   88.3
06145  28   88.9
06146  28   88.9
06147  28   87.2
06148  28   87.8
06149  30   89.2
06150  28   89.0
06151  29   89.9
06152  31   87.1
06153  28   89.3
06154  28   87.0
06155  28   85.6
06156  28   87.6
06157  27   87.4
06158  28   88.4
06159  28   89.9
06160  28   90.0
06161  26   88.2
06162  25   89.8
06163  28   85.9
06164  28   84.9
06165  28   88.1
06166  28   87.0
06167  28   84.8
06168  28   85.5
06169  28   85.8
06170  28   83.9
06171  28   87.7
06172  28   84.5
06173  27   85.8
06174  27   89.5
06175  28   86.8
06176  28   84.1
06177  28   84.9
06178  27   81.0
06179  29   84.2
06180  29   84.3
06181  29   87.6
06182  30   86.1
06183  28   86.1
06184  28   85.5
06185  30   85.7
06186  30   84.0
06187  30   82.5
06188  29   88.1
06189  29   86.3
06190  29   82.0
06191  31   84.0
06192  30   84.3
06193  29   83.9
06194  30   86.2
06195  30   86.1
06196  30   88.2
06197  30   89.3
06198  29   88.8
06200  29   88.2
06201  29   85.2
06202  29   84.5
06203  29   84.8
06204  29   86.9
06205  28   87.7
06206  29   87.4
06207  30   86.9
06208  29   85.3
06209  28   86.9
06210  28   87.6
06211  27   86.8
06212  28   84.9
06213  29   88.3
06214  28   88.1
06215  28   89.2
06216  28   89.8
06217  28   88.6
06218  31   85.1
06219  28   86.8
06220  28   85.9
06221  29   88.1
06222  28   88.6
06223  28   88.1
06225  28   89.3
06226  28   87.0
06227  28   87.2
06228  28   87.3
06229  28   86.2
06230  28   85.1
06231  28   86.4
06232  28   87.1
06233  28   89.3
06234  28   88.4
06235  28   88.4
06236  28   85.5
06237  28   86.4
06238  26   86.0
06239  26   86.6
06240  27   84.5
06241  27   84.8
06242  27   87.7
06243  27   87.8
06244  27   87.7
06245  28   85.8
06246  27   87.2
06247  28   84.7
06248  28   85.0
06249  27   86.4
06250  28   84.6
06251  27   87.0
06252  28   89.5
06253  26   85.3
06254  28   86.5
06255  28   87.0
06256  28   87.2
06257  25   85.8
06258  27   83.8
06259  25   86.2
06260  26   81.5
06261  26   83.0
06262  24   83.3
06263  26   84.6
06264  26   86.7
06265  25   85.5
06266  26   87.4
06267  26   83.2
06268  26   87.2
06269  26   86.2
06270  28   87.7
06271  26   86.4
06272  27   82.1
06273  25   85.1
06274  26   84.9
06275  27   84.3
06276  25   85.4
06277  26   86.5
06278  26   87.3
06279  25   87.7
06280  27   88.1
06281  27   87.9
06282  25   87.6
06283  25   86.3
06284  27   87.6
06285  26   87.5
06286  26   85.2
06287  26   86.5
06288  26   86.9
06289  26   85.8
06290  26   86.5
06291  26   83.9
06292  26   86.6
06293  26   87.7
06294  27   87.0
06295  26   86.7
06296  26   86.0
06297  26   79.9
06298  26   81.4
06299  27   86.2
06300  26   87.3
06301  26   85.4
06302  27   85.4
06303  27   87.1
06304  27   85.3
06305  27   85.8
06306  27   86.4
06307  27   86.4
06308  26   87.2
06309  25   86.6
06310  26   82.6
06311  25   85.1
06312  26   86.3
06313  27   82.0
06314  27   82.4
06315  27   85.6
06316  26   81.8
06317  27   81.9
06318  28   82.4
06319  29   80.1
06320  28   83.6
06321  28   82.5
06322  28   86.7
06323  27   88.0
06324  27   81.5
06325  27   85.2
06326  27   84.4
06327  27   80.1
06328  27   82.3
06329  26   83.7
06330  26   84.5
06331  27   84.3
06332  27   87.3
06333  27   85.7
06334  28   82.3
06335  28   84.6
06336  27   87.3
06337  27   85.6
06338  28   84.0
06339  27   83.8
06340  27   84.4
06341  28   83.5
06342  28   84.7
06343  28   86.0
06344  27   88.1
06345  28   87.3
06346  28   85.6
06347  28   87.1
06348  27   86.8
06349  28   83.6
06350   9   85.3
06351   9   84.6
06352  28   85.0
06353  28   85.7
06354  28   84.2
06355  28   86.2
06356  28   86.8
06357  27   84.8
06358  27   84.3
06359  26   86.9
06360  27   85.2
06361  27   83.6
06362  27   86.3
06363  27   86.6
06364  27   87.8
06365  27   85.8
07001  27   85.6
07002  27   86.3
07003  28   85.7
07004  28   84.6
07005  27   84.5
07006  27   84.4
07007  27   85.4
07008  27   85.7
07009  27   85.1
07010  27   84.5
07011  26   84.0
07012  27   80.3
07013  26   84.9
07014  26   82.2
07015  27   85.8
07016  27   85.4
07017  27   85.5
07018  26   82.7
07019  27   84.5
07020  26   84.2
07021  26   82.9
07022  27   85.7
07023  27   88.3
07024  27   89.1
07025  27   87.3
07026  27   86.5
07027  27   88.2
07028  27   87.9
07029  27   86.3
07030  27   85.4
07031  27   86.7
07032  27   85.6
07033  27   85.1
07034  28   85.6
07035  28   86.1
07036  28   86.4
07037  28   87.8
07038  29   87.7
07039  27   84.5
07040  28   86.0
07041  28   86.9
07042  28   85.9
07043  28   79.4
07044  27   83.2
07045  28   82.4
07046  28   86.2
07047  28   85.0
07048  29   86.1
07049  28   86.3
07050  29   85.3
07051  28   81.2
07052  29   83.0
07053  29   86.1
07054  29   85.5
07055  28   83.8
07056  26   86.1
07057  29   85.4
07058  29   85.5
07059  27   82.2
07060  28   82.2
07061  28   86.4
07062  28   85.1
07063  28   84.8
07064  27   83.3
07065  28   85.8
07066  29   85.1
07067  30   83.8
07068  29   82.3
07069  28   83.2
07070  29   83.9
07071  30   82.9
07072  28   83.6
07073  28   83.0
07074  29   80.0
07075  30   82.4
07076  29   84.9
07077  29   83.5
07078  29   86.6
07079  28   84.9
07080  28   82.9
07081  29   84.8
07082  29   86.2
07083  29   84.9
07084  29   84.3
07085  29   82.9
07086  29   84.0
07087  29   85.2
07088  29   86.3
07089  30   87.0
07090  30   86.7
07091  29   85.1
07092  29   84.4
07093  30   79.8
07094  30   77.5
07095  29   82.4
07096  29   84.5
07097  29   83.9
07098  29   86.7
07099  29   85.3
07100  30   83.6
07101  29   85.6
07102  29   80.7
07103  30   82.3
07104  29   83.8
07105  30   85.6
07106  30   84.7
07107  30   81.5
07108  30   83.0
07109  29   84.7
07110  30   85.5
07111  29   85.1
07112  29   83.0
07113  29   81.4
07114  27   84.1
07115  30   84.3
07116  29   84.1
07117  29   83.3
07118  30   83.3
07119  29   84.0
07120  30   84.5
07121  28   84.7
07122  30   81.8
07123  29   83.3
07124  28   83.8
07125  29   83.3
07126  28   82.7
07127  29   85.6
07128  29   79.9
07129  30   85.0
07130  29   79.4
07131  29   82.2
07132  29   82.6
07133  29   81.3
07134  30   82.5
07135  29   82.9
07136  29   83.0
07137  29   84.6
07138  29   81.6
07139  29   82.6
07140  29   83.6
07141  29   79.1
07142  28   81.2
07143  28   80.6
07144  26   80.9
07145  28   80.4
07146  28   81.9
07147  27   82.8
07148  28   85.0
07149  28   86.0
07150  27   84.9
07151  30   80.5
07152  29   82.1
07153  28   81.9
07154  28   82.4
07155  29   81.8
07156  30   81.2
07157  31   81.7
07158  28   82.2
07159  30   79.8
07160  30   79.0
07161  30   78.7
07162  30   79.0
07163  27   78.6
07164  29   77.9
07165  29   76.3
07166  28   81.2
07167  28   81.3
07168  28   81.8
07169  28   83.3
07170  29   82.3
07171  28   80.6
07172  30   80.3
07173  27   82.5
07174  29   82.8
07175  28   82.8
07176  28   81.2
07177  28   81.8
07178  29   83.0
07179  29   85.0
07180  29   82.3
07181  30   82.7
07182  30   80.3
07183  28   83.1
07184  29   81.4
07185  29   80.2
07186  29   84.1
07187  28   81.6
07188  29   81.6
07189  29   81.1
07190  30   82.2
07191  30   83.9
07192  30   79.5
07193  29   82.4
07194  29   79.1
07195  29   80.6
07196  30   81.7
07197  29   79.6
07198  31   78.0
07199  30   82.2
07200  30   78.1
07201  31   75.6
07202  12   78.4
07203  12   79.0
07204  30   80.5
07205  30   80.7
07206  30   84.3
07207  30   81.5
07208  29   82.0
07209  30   81.9
07210  30   82.2
07211  30   80.8
07212  30   82.4
07213  30   80.2
07214  30   79.0
07215  30   80.5
07216  30   82.1
07217  29   80.4
07218  30   80.1
07219  30   80.1
07220  28   82.4
07221  30   82.3
07222  29   82.6
07223  30   82.2
07224  30   81.3
07225  30   78.8
07226  30   81.5
07227  30   83.3
07228  30   73.5
07229  30   77.2
07230  29   81.0
07231  29   78.9
07232  30   82.6
07233  29   83.1
07234  30   81.5
07235  28   81.9
07236  29   83.9
07237  29   82.6
07238  29   80.3
07239  27   82.3
07240  27   82.5
07241  28   81.3
07242  27   82.9
07243  27   85.3
07244  29   85.2
07245  29   84.7
07246  27   85.0
07247  27   82.4
07248  28   83.0
07249  27   82.0
07250  28   81.5
07251  28   84.8
07252  29   84.9
07253  29   84.2
07254  28   85.1
07255  29   84.2
07256  31   85.8
07257  29   82.2
07258  30   83.8
07259  31   82.7
07260  28   80.6
07261  29   82.7
07262  29   85.4
07263  29   83.5
07264  30   82.8
07265  29   82.9
07266  29   83.1
07267  29   80.5
07268  29   82.3
07269  29   85.8
07270  29   84.0
07271  29   86.2
07272  28   84.5
07273  29   83.7
07274  30   82.3
07275  30   83.1
07276  29   84.6
07277  29   83.0
07278  29   82.4
07279  29   83.4
07280  29   85.5
07281  29   80.7
07282  28   86.8
07283  29   87.2
07284  29   87.9
07285  29   85.2
07286  29   86.5
07287  30   85.8
07288  29   87.3
07289  29   85.1
07290  29   81.0
07291  29   79.8
07292  29   86.0
07293  29   86.7
07294  29   88.3
07295  29   86.5
07296  29   85.7
07297  29   85.0
07298  29   84.0
07299  29   83.7
07300  29   83.7
07301  29   83.6
07302  30   82.3
07303  29   83.1
07304  29   81.8
07305  29   83.2
07306  29   83.4
07307  29   82.6
07308  24   85.7
07309  28   84.8
07310  28   82.9
07311  29   84.7
07312  26   83.0
07313  28   82.8
07314  29   83.7
07315  28   82.9
07316  28   83.2
07317  28   82.6
07318  28   82.7
07319  28   82.4
07320  28   83.2
07321  28   84.6
07322  29   85.3
07323  29   84.7
07324  28   83.6
07325  28   84.6
07326  29   85.2
07327  28   84.8
07328  28   84.5
07329  27   83.9
07330  28   82.1
07331  27   85.0
07332  29   86.3
07333  28   85.0
07334  29   84.5
07335  26   83.1
07336  26   83.5
07337  26   81.9
07338  29   84.5
07339  27   82.8
07340  27   82.9
07341  28   80.8
07342  28   82.9
07343  28   81.4
07344  29   83.3
07345  30   83.7
07346  27   83.0
07347  26   84.3
07348  28   82.4
07349  27   83.2
07350  26   85.2
07351  26   83.5
07352  27   81.6
07353  27   80.0
07354  28   84.1
07355  27   85.1
07356  27   84.8
07357  28   84.0
07358  27   84.5
07359  27   84.7
07360  28   84.8
07361  27   83.8
07362  27   82.9
07363  27   85.3
07364  27   84.1
07365  27   84.4
08001  27   87.0
08002  27   84.7
08003  27   83.2
08004  27   83.4
08005  28   78.8
08006  27   81.0
08007  30   79.7
08008  27   81.2
08009  27   82.9
08010  27   82.0
08011  28   82.9
08012  28   83.0
08013  28   84.6
08014  28   85.7
08015  28   84.1
08016  28   78.3
08017  27   86.4
08018  28   82.8
08019  28   81.3
08020  28   82.9
08021  28   78.2
08022  30   79.5
08023  29   77.0
08024  29   82.8
08025  29   84.9
08026  29   85.8
08027  29   79.8
08028  30   82.0
08029  29   80.9
08030   9   78.5
08031   9   80.5
08032  10   79.8
08033  10   81.1
08034  10   80.4
08035  11   80.7
08036  11   82.8
08037   8   74.5
08038   9   78.1
08039  10   78.8
08040  28   81.2
08041  29   80.6
08042  29   81.8
08043  28   81.6
08044  28   82.7
08045  28   82.3
08046  28   82.0
08047  29   83.4
08048  29   83.9
08049  29   82.7
08050  29   74.5
08051  29   80.1
08052  28   82.8
08053  28   79.0
08054  28   82.0
08055  27   81.6
08056  29   80.2
08057  32   79.9
08058  30   80.0
08059  29   81.7
08060  29   83.3
08061  30   80.5
08062  27   78.9
08063  29   80.1
08064  29   85.3
08065  29   79.0
08066  30   83.1
08067  29   81.4
08068  29   83.4
08069  29   81.1
08070  28   77.3
08071  29   81.9
08072  29   77.4
08073  30   74.4
08074  29   79.8
08075  29   78.5
08076  29   81.2
08077  29   83.7
08078  28   80.0
08079  29   83.6
08080  31   78.9
08081  31   79.5
08082  29   84.3
08083  29   83.5
08084  28   84.7
08085  30   77.9
08086  30   78.8
08087  30   79.6
08088  31   82.3
08089  29   81.8
08090  29   83.0
08091  29   82.7
08092  30   81.9
08093  30   77.3
08094  30   80.7
08095  30   83.6
08096  30   83.9
08097  31   83.5
08098  30   82.6
08099  31   84.4
08100  30   83.3
08101  29   81.9
08102  30   81.0
08103  30   82.3
08104  30   82.2
08105  30   82.1
08106  30   72.3
08107  29   82.2
08108  30   80.0
08109  30   81.6
08110  30   83.0
08111  30   83.4
08112  30   82.8
08113  32   79.1
08114  31   80.6
08115  30   78.5
08116  31   76.3
08117  31   80.5
08118  28   81.0
08119  28   78.0
08120  28   82.4
08121  30   76.6
08122  31   78.3
08123  30   82.7
08124  30   81.0
08125  29   79.4
08126  30   79.9
08127  30   80.5
08128  29   73.0
08129  30   80.4
08130  30   81.6
08131  30   82.4
08132  29   81.8
08133  29   82.0
08134  31   81.4
08135  32   80.9
08136  31   81.0
08137  30   81.8
08138  31   82.9
08139  30   82.9
08140  31   76.8
08141  31   78.2
08142  30   76.8
08143  30   82.5
08144  30   81.4
08145  30   82.5
08146  30   80.6
08147  31   79.9
08148  31   80.1
08149  30   80.5
08150  29   79.1
08151  29   76.3
08152  29   80.5
08153  29   79.7
08154  30   78.4
08155  28   80.5
08156  28   81.8
08157  28   80.5
08158  30   77.9
08159  27   78.9
08160  26   81.6
08161  28   82.3
08162  28   80.2
08163  29   73.4
08164  28   78.8
08165  28   82.4
08166  30   79.8
08167  28   81.4
08168  30   81.6
08169  31   80.8
08170  29   80.0
08171  30   78.5
08172  30   79.6
08173  30   80.7
08174  30   76.7
08175  30   75.8
08176  30   78.2
08177  30   77.0
08178  29   78.8
08179  32   73.7
08180  29   80.4
08181  30   76.3
08182  31   72.0
08183  30   78.7
08184  30   76.9
08185  31   77.3
08186  30   79.5
08187  30   78.1
08188  29   76.8
08189  30   78.8
08190  30   82.0
08191  30   81.9
08192  30   79.7
08193  30   77.0
08194  30   79.4
08195  30   81.5
08196  29   75.9
08197  30   79.6
08198  30   79.9
08199  30   80.4
08200  30   79.5
08201  30   76.3
08202  30   76.7
08203  30   79.7
08204  13   73.0
08205  12   79.5
08206  11   75.9
08207  12   75.7
08208  13   74.7
08209  30   78.9
08210  30   79.7
08211  30   79.4
08212  30   79.3
08213  31   77.8
08214  30   76.7
08215  30   79.4
08216  30   81.2
08217  31   75.8
08218  32   77.6
08219  30   78.9
08220  30   75.6
08221  31   75.7
08222  28   80.9
08223  29   80.2
08224  29   77.4
08225  30   79.5
08226  30   74.2
08227  28   80.8
08228  29   81.0
08229  29   81.1
08230  29   79.0
08231  28   79.8
08232  29   70.6
08233  28   79.1
08234  28   79.7
08235  29   77.6
08236  30   78.5
08237  29   79.1
08238  28   80.8
08239  29   81.1
08240  28   78.9
08241  28   77.3
08242  28   81.1
08243  29   80.3
08244  30   75.5
08245  29   76.2
08246  29   76.8
08247  29   76.5
08248  29   77.0
08249  29   76.7
08250  29   76.0
08251  28   76.8
08252  29   78.3
08253  29   77.9
08254  30   73.9
08255  28   75.5
08256  28   78.1
08257  26   76.4
08258  28   76.5
08259  28   80.7
08260  29   81.3
08261  30   82.1
08262  28   81.7
08263  30   80.5
08264  30   83.2
08265  30   82.2
08266  28   76.4
08267  29   81.4
08268  30   80.3
08269  27   82.3
08270  26   83.6
08271  27   83.0
08272  28   83.1
08273  29   79.5
08274  29   82.3
08275  29   80.8
08276  29   80.1
08277  28   81.4
08278  28   82.5
08279  28   79.6
08280  28   80.1
08281  29   78.1
08282  29   80.2
08283  29   81.5
08284  29   82.7
08285  29   82.1
08286  29   81.2
08287  30   79.9
08288  29   76.5
08289  29   79.5
08290  29   74.6
08291  29   81.4
08292  30   78.6
08293  30   79.0
08294  29   80.5
08295  30   81.8
08296  30   82.2
08297  30   81.2
08298  30   78.8
08299  30   78.1
08300  30   77.6
08301  30   78.8
08302  30   75.1
08303  30   75.5
08304  30   82.1
08305  29   81.0
08306  29   81.3
08307  29   81.5
08308  30   75.2
08309  30   79.8
08310  29   74.8
08311  30   73.9
08312  29   83.5
08313  30   79.2
08314  29   80.0
08315  30   82.4
08316  30   81.6
08317  30   80.6
08318  31   73.7
08319  31   79.4
08320  30   82.3
08321  30   79.8
08322  30   82.5
08323  30   78.2
08324  30   82.4
08325  30   80.3
08326  31   79.2
08327  30   82.9
08328  29   83.4
08329  30   81.8
08330  30   82.3
08331  30   82.1
08332  30   81.0
08333  31   80.5
08334  30   82.4
08335  30   83.3
08336  30   83.6
08337  30   83.5
08338  30   80.1
08339  31   80.6
08340  30   81.9
08341  30   82.4
08342  29   84.2
08343  30   84.5
08344  30   82.8
08345  30   82.0
08346  31   77.2
08347  30   77.7
08348  30   82.6
08349  30   83.8
08350  30   82.6
08351  30   82.8
08352  30   82.5
08353  30   81.3
08354  30   80.1
08355  31   80.6
08356  31   78.4
08357  30   81.1
08358  30   83.1
08359  30   82.3
08360  29   82.0
08361  29   82.1
08362  29   81.8
08363  29   83.1
08364  29   76.8
08365  29   79.3
08366  10   77.2
09001  12   78.7
09002  30   80.8
09003  30   84.1
09004  28   84.7
09005  30   83.4
09006  30   82.0
09007  30   82.2
09008  30   83.3
09009  30   82.4
09010  30   83.7
09011  30   82.5
09012  30   75.9
09013  30   76.4
09014  31   68.6
09015  30   81.8
09016  30   81.2
09017  30   83.8
09018  31   81.8
09019  31   80.4
09020  30   83.0
09021  31   77.8
09022  30   82.8
09023  30   81.7
09024  30   81.5
09025  30   82.2
09026  29   80.4
09027  30   82.2
09028  30   80.1
09029  30   77.4
09030  30   74.9
09031  30   83.4
09032  30   83.4
09033  30   75.5
09034  31   80.5
09035  30   80.8
09036  30   82.8
09037  31   81.7
09038  30   82.5
09039  30   82.9
09040  30   81.9
09041  31   75.9
09042  31   73.9
09043  30   73.3
09044  31   83.2
09045  30   81.9
09046  31   83.5
09047  31   83.2
09048  30   82.3
09049  30   83.3
09050  30   81.9
09051  30   82.0
09052  31   79.1
09053  30   80.0
09054  31   78.6
09055  30   82.7
09056  30   74.3
09057  31   82.0
09058  30   82.4
09059  30   81.0
09060  28   81.2
09061  29   81.9
09062  29   83.1
09063  30   82.6
09064  29   81.1
09065  29   81.9
09066  29   83.4
09067  29   81.0
09068  29   81.0
09069  29   82.8
09070  29   81.7
09071  29   79.7
09072  29   82.4
09073  29   83.5
09074  29   83.6
09075  29   83.8
09076  29   82.7
09077  31   80.5
09078  31   80.0
09079  30   85.0
09080  31   82.1
09081  31   81.8
09082  30   83.1
09083  31   78.1
09084  32   71.4
09085  30   83.3
09086  31   79.9
09087  30   82.2
09088  30   83.8
09089  31   77.2
09090  30   82.2
09091  30   79.2
09092  30   77.6
09093  30   78.1
09094  30   79.4
09095  30   80.0
09096  30   80.7
09097  30   80.1
09098  31   82.0
09099  30   81.0
09100  30   81.1
09101  29   81.1
09102  30   80.1
09103  30   78.9
09104  30   80.6
09105  29   81.1
09106  30   83.1
09107  30   83.4
09108  30   81.5
09109  30   81.5
09110  30   80.9
09111  30   72.2
09112  30   80.0
09113  32   79.2
09114  31   76.8
09115  30   81.9
09116  30   82.0
09117  30   80.6
09118  30   79.8
09119  30   82.0
09120  30   82.3
09121  30   80.0
09122  30   78.9
09123  30   79.2
09124  30   81.0
09125  30   81.7
09126  30   80.9
09127  30   80.5
09128  30   79.0
09129  30   78.9
09130  30   80.0
09131  30   79.6
09132  30   77.6
09133  30   78.6
09134  30   79.1
09135  30   80.8
09136  30   80.4
09137  30   78.2
09138  31   75.8
09139  29   79.0
09140  30   77.5
09141  30   77.9
09142  30   76.8
09143  30   78.8
09144  30   79.6
09145  30   78.5
09146  30   75.1
09147  30   74.0
09148  30   80.6
09149  30   72.8
09150  31   80.3
09151  31   78.8
09152  30   79.2
09153  30   79.4
09154  30   79.4
09155  30   81.5
09156  31   77.6
09157  31   77.0
09158  29   75.7
09159  30   79.0
09160  31   78.3
09161  30   78.5
09162  30   75.5
09163  30   78.5
09164  31   76.0
09165  30   74.9
09166  30   77.2
09167  30   76.1
09168  30   72.0
09169  31   73.8
09170  31   71.8
09171  30   77.4
09172  30   79.7
09173  30   80.9
09174  30   78.4
09175  31   78.5
09176  30   77.5
09177  29   77.6
09178  29   78.0
09179  29   79.9
09180  29   77.7
09181  30   74.9
09182  30   75.2
09183  30   77.2
09184  30   75.0
09185  29   75.7
09186  29   74.5
09187  31   74.8
09188  30   76.1
09189  30   79.0
09190  30   75.8
09191  30   77.7
09192  30   78.5
09193  30   78.4
09194  30   75.1
09195  30   75.3
09196  30   76.0
09197  30   72.2
09198  31   73.4
09199  31   77.9
09200  31   76.2
09201  30   70.8
09202  30   78.8
09203  30   76.8
09204  30   74.9
09205  30   75.9
09206  30   75.8
09207  29   79.8
09208  30   78.3
09209  30   77.8
09210  30   77.1
09211  30   65.5
09212  30   74.8
09213  30   75.9
09214  30   75.1
09215  30   78.4
09216  30   78.3
09217  30   77.2
09218  30   74.8
09219  30   77.4
09220  30   77.1
09221  30   76.9
09222  31   70.0
09223  30   77.2
09224  30   70.2
09225  30   78.1
09226  30   73.4
09227  30   78.5
09228  30   74.4
09229  30   73.9
09230  30   77.4
09231  30   76.9
09232  30   77.3
09233  30   77.8
09234  29   77.1
09235  30   78.9
09236  28   77.8
09237  29   74.7
09238  29   78.2
09239  29   76.6
09240  30   76.0
09241  30   77.1
09242  30   79.1
09243  30   76.3
09244  30   74.2
09245  32   71.6
09246  31   68.6
09247  31   71.7
09248  30   78.5
09249  30   81.6
09250  30   79.0
09251  31   78.4
09252  30   78.6
09253  30   77.4
09254  30   66.9
09255  30   80.1
09256  30   78.7
09257  30   83.0
09258  30   79.2
09259  30   80.1
09260  29   79.0
09261  30   79.0
09262  30   78.4
09263  30   81.0
09264  30   77.4
09265  29   76.0
09266  30   77.4
09267  30   77.5
09268  31   79.5
09269  30   79.6
09270  29   74.7
09271  29   77.9
09272  29   80.0
09273  20   78.4
09274  26   77.9
09275  30   74.9
09276  30   79.3
09277  30   79.8
09278  30   71.2
09279  30   79.5
09280  29   79.9
09281  32   71.4
09282  30   78.7
09283  30   76.6
09284  30   77.8
09285  30   78.0
09286  31   76.8
09287  31   71.7
09288  30   72.9
09289  30   80.1
09290  31   80.7
09291  30   81.1
09292  31   81.3
09293  30   79.2
09294  29   76.1
09295  30   71.5
09296  30   76.8
09297  30   79.0
09298  29   78.5
09299  30   78.8
09300  30   81.7
09301  30   79.7
09302  30   76.1
09303  30   73.1
09304  30   79.6
09305  30   79.4
09306  30   79.7
09307  30   80.2
09308  29   77.6
09309  30   79.1
09310  29   82.9
09311  31   81.7
09312  30   81.4
09313  30   81.3
09314  30   82.4
09315  31   82.5
09316  31   77.5
09317  30   72.8
09318  31   78.9
09319  31   79.3
09320  31   81.4
09321  31   78.7
09322  31   77.0
09323  31   79.5
09324  31   80.5
09325  31   80.3
09326  31   80.4
09327  31   79.1
09328  31   78.7
09329  31   80.3
09330  31   79.9
09331  31   80.4
09332  31   83.6
09333  31   82.7
09334  31   82.6
09335  31   82.1
09336  31   81.8
09337  31   83.1
09338  31   83.3
09339  31   81.2
09340  31   82.3
09341  31   79.2
09342  31   72.5
09343  31   74.0
09344  31   68.6
09345  31   73.4
09346  31   80.6
09347  31   78.7
09348  31   80.5
09349  31   80.6
09350  31   81.0
09351  31   82.6
09352  31   81.3
09353  30   83.3
09354  31   81.0
09355  31   80.6
09356  30   80.1
09357  31   83.6
09358  31   81.0
09359  30   81.4
09360  30   81.5
09361  30   80.8
09362  31   73.5
09363  31   80.8
09364  31   78.6
09365  31   82.7
10001  31   82.7
10002  31   82.6
10003  31   82.2
10004  31   82.5
10005  31   81.8
10006  30   82.4
10007  31   82.8
10008  31   81.6
10009  31   79.3
10010  31   82.8
10011  31   82.2
10012  31   82.4
10013  31   73.4
10014  31   80.8
10015  31   83.7
10016  31   80.2
10017  31   78.1
10018  30   76.2
10019  30   83.4
10020  31   81.9
10021  30   83.8
10022  30   82.1
10023  31   82.1
10024  31   82.1
10025  31   82.1
10026  31   72.6
10027  30   82.2
10028  31   83.1
10029  31   80.9
10030  31   82.6
10031  31   83.1
10032  30   77.9
10033  32   79.7
10034  31   82.5
10035  31   82.0
10036  31   79.8
10037  31   81.4
10038  31   83.1
10039  31   80.3
10040  31   81.0
10041  31   82.3
10042  30   83.3
10043  30   84.2
10044  31   82.9
10045  31   83.6
10046  32   73.7
10047  31   80.7
10048  31   79.5
10049  31   77.8
10050  31   72.8
10051  31   81.6
10052  31   80.8
10053  31   78.2
10054  31   79.9
10055  31   81.2
10056  31   79.5
10057  31   80.2
10058  31   80.8
10059  31   79.2
10060  31   81.7
10061  31   80.2
10062  31   82.1
10063  31   80.9
10064  31   81.2
10065  31   82.1
10066  31   81.6
10067  31   82.4
10068  31   79.9
10069  31   80.2
10070  31   82.8
10071  31   73.2
10072  31   81.0
10073  31   78.5
10074  31   75.7
10075  31   79.0
10076  31   78.3
10077  31   78.6
10078  31   79.3
10079  31   79.9
10080  31   77.3
10081  30   77.6
10082  31   68.7
10083  30   79.3
10084  29   77.1
10085  29   78.2
10086  29   80.5
10087  30   79.7
10088  29   78.7
10089  31   78.0
10090  31   79.8
10091  32   76.5
10092  31   82.1
10093  32   54.9
10094  20   58.1
10095  23   57.9
10096  30   73.9
10097  32   71.7
10098  31   70.6
10099  31   77.9
10100  31   82.3
10101  31   83.1
10102  31   83.6
10103  31   82.3
10104  31   79.9
10105  31   78.7
10106  31   72.2
10107  31   81.7
10108  31   80.0
10109  31   80.5
10110  32   78.1
10111  31   79.0
10112  31   71.7
10113  31   79.4
10114  32   79.7
10115  31   81.0
10116  30   80.5
10117  31   81.7
10118  31   81.5
10119  31   80.6
10120  31   77.5
10121  31   81.3
10122  31   81.8
10123  31   78.5
10124  31   82.2
10125  31   80.6
10126  31   81.6
10127  31   82.2
10128  31   82.2
10129  31   80.5
10130  31   80.3
10131  31   79.7
10132  31   80.9
10133  31   82.2
10134  31   84.2
10135  31   82.3
10136  31   81.4
10137  31   72.4
10138  31   80.9
10139  31   81.3
10140  31   81.1
10141  31   79.4
10142  31   79.3
10143  31   79.0
10144  31   77.6
10145  31   74.2
10146  31   75.7
10147  31   79.0
10148  31   77.9
10149  31   79.1
10150  31   78.4
10151  31   81.2
10152  31   79.4
10153  31   81.3
10154  31   80.5
10155  30   80.8
10156  30   79.2
10157  30   76.8
10158  30   79.4
10159  29   78.7
10160  30   63.2
10161  29   76.6
10162  30   68.7
10163  29   77.8
10164  31   80.1
10165  30   79.7
10166  30   81.1
10167  31   79.4
10168  31   78.1
10169  30   77.6
10170  31   79.3
10171  42   80.3
10172  43   77.4
10173  31   80.8
10174  31   77.0
10175  31   77.4
10176  31   77.5
10177  30   75.9
10178  30   78.7
10179  30   78.6
10180  31   75.6
10181  29   77.2
10182  30   78.0
10183  30   79.1
10184  30   74.7
10185  30   72.6
10186  30   73.4
10187  31   78.8
10188  31   82.6
10189  30   81.4
10190  30   77.2
10191  30   77.9
10192  30   74.4
10193  30   72.8
10194  30   76.0
10195  30   74.9
10196  30   68.2
10197  30   75.6
10198  30   75.5
10199  28   79.1
10200  30   73.8
10201  30   77.3
10202  30   73.1
10203  30   73.3
10204  30   75.2
10205  30   79.3
10206  30   79.3
10207  30   64.9
10208  30   79.3
10209  31   77.7
10210  32   69.6
10211  32   80.7
10212  31   79.9
10213  30   76.3
10214  31   74.6
10215  31   74.6
10216  31   67.4
10217  31   77.7
10218  32   78.1
10219  31   78.5
10220  31   75.4
10221  31   75.1
10222  31   71.6
10223  31   75.9
10224  31   72.6
10225  31   68.9
10226  32   77.2
10227  31   76.5
10228  31   79.7
10229  31   77.3
10230  31   70.7
10231  31   77.5
10232  31   72.1
10233  31   77.8
10234  31   77.6
10235  31   75.6
10236  31   74.0
10237  31   78.6
10238  31   74.4
10239  31   76.2
10240  31   78.8
10241  31   80.0
10242  32   78.9
10243  31   81.1
10244  32   81.1
10245  31   81.3
10246  31   82.4
10247  31   79.5
10248  31   80.3
10249  31   77.7
10250  31   79.2
10251  32   67.7
10252  31   80.0
10253  31   79.0
10254  31   80.4
10255  31   80.6
10256  31   76.5
10257  31   76.7
10258  31   74.1
10259  31   67.0
10260  31   71.4
10261  31   79.2
10262  31   78.1
10263  31   79.6
10264  31   79.2
10265  31   77.1
10266  32   76.2
10267  31   76.0
10268  32   80.4
10269  32   81.3
10270  32   78.6
10271  32   77.5
10272  31   75.3
10273  31   80.0
10274  31   80.8
10275  31   80.8
10276  29   79.9
10277  31   79.3
10278  30   73.4
10279  31   79.0
10280  31   79.0
10281  31   76.8
10282  29   80.9
10283  30   80.4
10284  31   79.8
10285  31   80.6
10286  31   81.6
10287  32   80.4
10288  32   71.1
10289  31   80.9
10290  31   82.6
10291  31   81.2
10292  31   79.9
10293  31   77.0
10294  31   80.7
10295  31   79.8
10296  31   79.4
10297  31   77.5
10298  32   81.3
10299  31   79.8
10300  31   80.1
10301  31   77.5
10302  31   76.9
10303  32   78.8
10304  31   79.2
10305  31   79.3
10306  31   78.7
10307  31   77.0
10308  31   74.2
10309  31   79.5
10310  31   81.3
10311  32   81.7
10312  32   81.7
10313  34   73.5
10314  31   81.3
10315  31   79.1
10316  31   75.4
10317  31   75.9
10318  31   78.0
10319  32   78.3
10320  30   74.3
10321  32   77.9
10322  31   78.7
10323  32   79.8
10324  31   78.4
10325  32   79.0
10326  32   73.5
10327  31   74.6
10328  32   76.0
10329  32   75.1
10330  31   79.2
10331  31   79.7
10332  12   76.6
10333  12   76.4
10334  13   73.1
10335  13   74.8
10336  13   72.9
10337  13   73.8
10338  13   75.6
10339  32   81.5
10340  31   72.8
10341  31   75.5
10342  31   75.8
10343  31   71.3
10344  31   74.7
10345  31   76.5
10346  31   79.7
10347  32   79.2
10348  31   78.3
10349  31   74.9
10350  32   76.9
10351  31   79.0
10352  31   79.4
10353  31   78.6
10354  31   68.9
10355  31   76.1
10356  31   79.0
10357  32   80.9
10358  30   80.1
10359  31   79.4
10360  31   79.7
10361  31   75.2
10362  32   72.0
10363  31   80.3
10364  31   79.0
10365  31   80.2
11001  31   76.4
11002  31   80.1
11003  31   78.0
11004  31   80.4
11005  31   80.4
11006  31   76.3
11007  31   75.4
11008  31   77.8
11009  31   77.4
11010  31   80.2
11011  30   80.8
11012  31   82.5
11013  31   79.7
11014  31   75.7
11015  31   80.2
11016  31   81.5
11017  31   78.7
11018  32   67.3
11019  31   78.4
11020  30   79.2
11021  31   80.0
11022  32   81.0
11023  31   81.6
11024  31   81.2
11025  31   79.7
11026  30   79.6
11027  31   80.0
11028  31   83.1
11029  31   80.3
11030  32   82.2
11031  31   79.9
11032  32   80.9
11033  31   78.3
11034  31   79.9
11035  31   79.2
11036  31   77.9
11037  31   78.6
11038  32   77.9
11039  30   72.1
11040  31   77.6
11041  32   65.6
11042  31   79.0
11043  31   78.1
11044  30   80.6
11045  31   79.4
11046  31   71.8
11047  31   79.1
11048  31   77.5
11049  31   81.5
11050  31   79.4
11051  30   78.4
11052  31   79.3
11053  32   76.5
11054  32   79.2
11055  31   80.8
11056  31   78.7
11057  31   78.8
11058  31   77.5
11059  31   79.9
11060  32   79.0
11061  31   79.0
11062  31   72.3
11063  31   79.7
11064  31   79.1
11065  31   78.0
11066  31   81.1
11067  31   79.0
11068  31   75.3
11069  31   69.6
11070  31   79.5
11071  31   80.5
11072  31   78.5
11073  31   78.3
11074  31   77.6
11075  33   75.2
11076  30   77.4
11077  31   78.2
11078  31   80.9
11079  31   79.8
11080  31   77.0
11081  31   78.6
11082  31   77.3
11083  31   75.8
11084  31   74.7
11085  31   76.2
11086  31   78.8
11087  31   76.4
11088  31   78.6
11089  31   78.2
11090  31   74.6
11091  31   76.2
11092  31   77.1
11093  31   74.8
11094  31   78.0
11095  31   72.3
11096  31   79.2
11097  31   75.6
11098  31   77.1
11099  31   76.4
11100  31   78.0
11101  31   77.4
11102  31   78.5
11103  32   69.5
11104  32   76.1
11105  31   79.7
11106  32   79.6
11107  31   77.1
11108  31   78.1
11109  31   67.4
11110  31   71.3
11111  31   76.1
11112  31   75.8
11113  31   76.6
11114  32   75.4
11115  31   77.5
11116  31   79.1
11117  31   77.1
11118  32   75.7
11119  30   79.6
11120  31   79.6
11121  31   78.0
11122  31   78.8
11123  31   79.4
11124  31   78.4
11125  31   69.7
11126  31   79.1
11127  31   78.0
11128  31   75.8
11129  32   79.1
11130  29   77.3
11131  31   75.2
11132  31   74.8
11133  31   78.4
11134  31   76.5
11135  31   77.3
11136  31   79.4
11137  32   69.8
11138  31   77.5
11139  31   74.6
11140  31   73.4
11141  31   72.4
11142  31   73.2
11143  31   75.6
11144  31   72.8
11145  31   74.3
11146  31   70.2
11147  31   74.8
11148  31   78.1
11149  31   78.7
11150  31   75.1
11151  31   67.4
11152  31   78.2
11153  31   78.3
11154  30   75.3
11155  31   75.3
11156  31   72.5
11157  30   73.0
11158  31   73.4
11159  31   76.6
11160  31   77.2
11161  32   77.6
11162  31   77.0
11163  31   76.7
11164  31   77.5
11165  31   75.9
11166  30   74.4
11167  31   72.1
11168  31   74.7
11169  31   75.8
11170  30   77.0
11171  31   77.0
11172  31   75.0
11173  31   65.2
11174  31   72.1
11175  31   74.1
11176  31   80.0
11177  31   77.4
11178  31   74.4
11179  31   60.7
11180  31   71.0
11181  31   74.1
11182  31   70.5
11183  31   75.7
11184  31   72.8
11185  31   74.9
11186  31   72.8
11187  31   72.9
11188  31   71.1
11189  30   72.1
11190  31   72.5
11191  31   73.5
11192  32   73.0
11193  31   67.9
11194  31   68.9
11195  31   72.9
11196  31   72.4
11197  30   75.0
11198  31   70.7
11199  31   74.1
11200  31   74.6
11201  32   76.1
11202  30   72.5
11203  31   75.4
11204  31   76.2
11205  32   77.1
11206  31   75.1
11207  32   73.3
11208  31   69.5
11209  31   68.1
11210  31   74.0
11211  32   75.5
11212  31   75.4
11213  31   74.2
11214  42   72.5
11215  43   72.5
11216  43   72.1
11217  31   72.0
11218  31   70.2
11219  31   72.2
11220  31   73.9
11221  31   74.9
11222  31   78.0
11223  30   63.8
11224  30   76.1
11225  30   74.7
11226  31   73.6
11227  31   72.0
11228  30   73.1
11229  31   73.0
11230  31   71.0
11231  31   72.0
11232  30   73.2
11233  32   62.3
11234  13   67.1
11235  14   65.8
11236  12   63.4
11237  13   63.4
11238  11   63.0
11239  11   67.7
11240  30   75.3
11241  31   74.4
11242  29   76.8
11243  31   74.8
11244  31   73.5
11245  31   75.3
11246  31   71.9
11247  31   72.5
11248  32   60.6
11249  31   76.9
11250  32   73.4
11251  31   76.1
11252  31   77.9
11253  30   77.7
11254  11   65.6
11255  10   66.1
11256  11   70.5
11257  13   69.0
11258  31   63.0
11259  31   75.6
11260  31   73.8
11261  30   77.0
11262  32   77.5
11263  32   74.7
11264  31   77.5
11265  31   74.7
11266  31   77.1
11267  31   72.9
11268  31   76.0
11269  31   74.6
11270  32   73.5
11271  31   73.6
11272  31   75.6
11273  31   74.8
11274  31   77.6
11275  31   75.6
11276  30   77.2
11277  32   69.1
11278  32   75.8
11279  32   74.2
11280  32   74.6
11281  32   74.4
11282  32   76.3
11283  31   72.2
11284  31   75.0
11285  31   77.2
11286  31   79.0
11287  32   74.7
11288  32   72.9
11289  31   75.9
11290  31   71.9
11291  31   77.5
11292  31   67.9
11293  32   72.6
11294  31   78.7
11295  31   74.8
11296  32   76.4
11297  32   74.7
11298  32   73.6
11299  32   73.3
11300  31   75.6
11301  32   74.4
11302  31   75.4
11303  32   77.4
11304  31   75.2
11305  31   73.2
11306  30   57.7
11307  31   72.3
11308  31   69.2
11309  32   74.1
11310  31   74.2
11311  32   70.9
11312  32   76.2
11313  32   74.0
11314  32   71.7
11315  31   72.8
11316  32   71.8
11317  31   75.6
11318  31   72.2
11319  31   77.4
11320  32   68.4
11321  32   75.1
11322  31   79.9
11323  31   75.8
11324  32   77.0
11325  32   77.5
11326  32   77.8
11327  32   78.6
11328  16   63.9
11329  15   69.1
11330  16   69.1
11331  17   71.4
11332  17   70.8
11333  17   71.1
11334  17   70.0
11335  16   68.6
11336  16   68.7
11337  32   75.0
11338  32   73.7
11339  32   75.2
11340  32   74.1
11341  30   74.5
11342  30   69.2
11343  32   70.8
11344  32   74.1
11345  31   74.6
11346  32   70.5
11347  32   61.3
11348  33   66.9
11349  33   69.3
11350  33   76.7
11351  33   76.2
11352  33   78.0
11353  33   78.9
11354  32   78.4
11355  32   74.9
11356  33   78.3
11357  32   80.8
11358  32   75.8
11359  33   73.1
11360  32   77.5
11361  33   77.3
11362  34   78.5
11363  33   71.7
11364  33   76.7
11365  32   77.8
12001  28   74.6
12002  33   71.6
12003  33   75.5
12004  33   73.7
12005  33   76.2
12006  33   76.6
12007  32   77.2
12008  33   73.9
12009  33   77.8
12010  32   77.9
12011  33   67.4
12012  32   76.5
12013  32   74.5
12014  31   78.9
12015  31   79.8
12016  32   76.1
12017  31   78.1
12018  32   77.2
12019  32   76.0
12020  32   76.2
12021  32   76.9
12022  32   78.1
12023  32   78.8
12024  32   78.2
12025  32   69.6
12026  31   65.9
12027  33   75.0
12028  33   76.5
12029  32   79.5
12030  32   79.6
12031  32   79.3
12032  33   80.9
12033  31   79.0
12034  32   77.4
12035  32   76.7
12036  32   78.2
12037  32   77.2
12038  32   79.3
12039  32   79.3
12040  32   80.7
12041  33   78.2
12042  32   81.1
12043  33   77.9
12044  32   80.1
12045  32   79.4
12046  32   79.6
12047  31   78.0
12048  32   80.4
12049  32   80.9
12050  32   77.4
12051  32   77.9
12052  32   80.1
12053  32   81.9
12054  32   67.8
12055  32   77.3
12056  31   76.8
12057  32   79.3
12058  32   78.1
12059  32   80.5
12060  32   76.3
12061  33   74.1
12062  33   77.9
12063  33   79.2
12064  33   79.9
12065  31   79.1
12066  32   73.5
12067  31   75.9
12068  31   79.0
12069  32   76.6
12070  31   74.4
12071  31   75.9
12072  30   78.7
12073  31   78.0
12074  31   70.1
12075  30   78.3
12076  31   80.1
12077  30   75.4
12078  30   76.6
12079  30   80.2
12080  31   78.3
12081  31   79.3
12082  31   75.6
12083  31   76.3
12084  31   76.9
12085  31   77.5
12086  31   78.7
12087  31   75.5
12088  31   79.3
12089  31   66.7
12090  31   79.2
12091  31   78.6
12092  31   79.1
12093  31   76.9
12094  32   74.5
12095  33   76.7
12096  32   75.0
12097  33   76.3
12098  32   74.9
12099  32   79.0
12100  31   78.3
12101  32   77.1
12102  32   78.6
12103  31   77.7
12104  30   78.1
12105  32   80.2
12106  28   79.6
12107  31   76.6
12108  30   76.6
12109  30   78.7
12110  13   74.7
12111  30   79.2
12112  30   77.6
12113  31   76.8
12114  31   72.4
12115  31   78.9
12116  31   76.6
12117  30   70.5
12118  28   79.1
12119  30   75.5
12120  31   73.8
12121  32   76.5
12122  32   75.4
12123  32   73.6
12124  32   72.6
12125  31   74.4
12126  31   77.8
12127  31   79.1
12128  31   79.0
12129  30   75.9
12130  30   78.6
12131  30   75.9
12132  30   72.3
12133  31   76.2
12134  31   77.0
12135  31   76.6
12136  31   76.3
12137  31   77.3
12138  31   80.0
12139  31   76.6
12140  31   76.9
12141  32   77.0
12142  31   74.2
12143  31   62.6
12144  29   67.3
12145  29   70.9
12146  28   73.2
12147  29   75.2
12148  29   77.5
12149  29   74.8
12150  28   68.8
12151  29   69.5
12152  29   67.9
12153  30   75.2
12154  30   75.3
12155  30   73.0
12156  30   70.9
12157  30   76.2
12158  30   72.9
12159  27   75.3
12160  28   74.2
12161  29   67.0
12162  30   75.1
12163  29   76.0
12164  28   76.9
12165  30   69.0
12166  30   73.9
12167  28   76.8
12168  29   74.7
12169  28   76.6
12170  29   72.2
12171  28   74.3
12172  28   75.0
12173  28   71.9
12174  29   73.2
12175  27   76.7
12176  28   74.1
12177  26   71.8
12178  30   74.2
12179  26   74.8
12180  28   70.3
12181  30   69.1
12182  29   66.3
12183  28   62.3
12184  28   65.4
12185  28   71.9
12186  28   69.9
12187  28   69.9
12188  30   73.7
12189  29   70.9
12190  28   73.6
12191  28   73.7
12192  28   73.6
12193  29   74.1
12194  29   77.5
12195  29   75.2
12196  30   70.8
12197  31   73.7
12198  30   78.5
12199  30   73.9
12200  30   63.7
12201  31   62.3
12202  30   72.1
12203  30   74.2
12204  31   74.6
12205  31   74.8
12206  30   76.2
12207  30   72.3
12208  31   68.3
12209  31   72.4
12210  30   74.0
12211  20   72.7
12212  20   70.4
12213  20   76.4
12214  19   70.2
12215  21   65.9
12216  21   71.6
12217  23   70.1
12218  30   73.2
12219  30   72.8
12220  30   74.9
12221  30   75.8
12222  30   77.4
12223  30   76.1
12224  30   79.4
12225  30   77.6
12226  29   75.5
12227  30   75.6
12228  30   71.5
12229  30   71.1
12230  30   73.7
12231  30   71.0
12232  30   76.2
12233  30   71.1
12234  31   70.8
12235  31   61.7
12236  31   69.1
12237  31   72.6
12238  31   73.6
12239  31   74.7
12240  30   74.6
12241  31   71.0
12242  31   77.9
12243  31   73.9
12244  31   78.9
12245  31   77.2
12246  31   78.0
12247  31   73.4
12248  31   68.7
12249  31   69.3
12250  45   76.9
12251  45   63.8
12252  47   69.0
12253  15   64.7
12254  34   57.9
12255  45   73.4
12256  45   74.7
12257  45   77.2
12258  45   65.3
12259  45   78.9
12260  45   78.7
12261  45   76.7
12262  45   76.2
12263  45   72.8
12264  45   77.1
12265  45   76.0
12266  45   75.0
12267  45   74.4
12268  45   74.2
12269  45   76.7
12270  45   73.8
12271  45   73.9
12272  45   76.1
12273  46   71.9
12274  46   71.4
12275  48   64.6
12276  46   72.7
12277  46   71.5
12278  46   74.8
12279  46   75.5
12280  46   74.6
12281  46   75.8
12282  45   67.9
12283  46   72.7
12284  46   75.5
12285  46   71.8
12286  45   73.9
12287  45   72.7
12288  46   77.3
12289  46   76.1
12290  46   73.7
12291  46   73.3
12292  46   58.8
12293  45   70.8
12294  44   75.3
12295  46   74.5
12296  45   71.1
12297  46   73.1
12298  46   76.2
12299  46   74.0
12300  46   76.3
12301  45   76.1
12302  45   76.0
12303  46   73.8
12304  46   77.2
12305  46   75.6
12306  46   74.8
12307  46   73.8
12308  46   75.8
12309  46   76.2
12310  46   75.2
12311  45   74.0
12312  45   71.7
12313  45   71.5
12314  46   76.7
12315  45   76.1
12316  46   76.0
12317  46   73.6
12318  46   72.6
12319  46   75.4
12320  46   76.0
12321  46   75.4
12322  46   75.2
12323  46   74.0
12324  46   75.4
12325  46   76.8
12326  46   76.1
12327  46   56.6
12328  46   72.4
12329  46   75.0
12330  46   75.9
12331  46   76.3
12332  46   78.1
12333  46   76.1
12334  46   70.2
12335  46   75.4
12336  46   76.3
12337  46   74.9
12338  46   73.8
12339  46   75.6
12340  46   77.1
12341  46   76.1
12342  46   77.9
12343  46   77.7
12344  45   76.9
12345  44   75.9
12346  44   77.9
12347  44   79.3
12348  44   67.6
12349  45   78.3
12350  45   75.8
12351  45   76.2
12352  45   73.3
12353  45   74.2
12354  46   79.8
12355  45   75.4
12356  44   78.4
12357  44   76.9
12358  44   76.0
12359  44   77.9
12360  44   76.0
12361  44   78.0
12362  44   73.7
12363  44   77.1
12364  44   73.9
12365  44   76.1
12366  44   73.8
13001  45   76.2
13002  46   77.4
13003  46   74.9
13004  46   76.0
13005  46   74.6
13006  46   76.1
13007  46   73.0
13008  46   75.8
13009  46   72.1
13010  45   72.4
13011  46   74.3
13012  46   75.8
13013  46   77.9
13014  46   73.6
13015  46   75.4
13016  46   77.2
13017  46   66.8
13018  46   75.8
13019  46   76.9
13020  46   77.1
13021  46   77.7
13022  46   77.4
13023  46   77.1
13024  46   74.9
13025  45   79.6
13026  45   77.6
13027  45   74.6
13028  45   67.7
13029  45   77.4
13030  45   74.9
13031  45   74.0
13032  45   77.3
13033  45   72.8
13034  45   76.7
13035  45   76.0
13036  45   73.0
13037  45   78.1
13038  45   77.0
13039  45   78.1
13040  46   76.8
13041  46   77.4
13042  46   73.7
13043  46   76.5
13044  46   78.1
13045  46   75.4
13046  46   75.3
13047  46   77.9
13048  46   76.9
13049  46   77.3
13050  46   76.6
13051  46   77.2
13052  48   62.5
13053  46   62.7
13054  46   77.9
13055  46   79.2
13056  46   77.1
13057  46   76.6
13058  46   76.0
13059  46   66.5
13060  46   71.6
13061  45   75.6
13062  45   74.0
13063  46   76.0
13064  46   77.7
13065  46   73.9
13066  46   73.1
13067  46   75.9
13068  46   75.5
13069  46   72.5
13070  46   74.2
13071  46   74.2
13072  46   70.8
13073  46   75.2
13074  45   76.9
13075  45   77.8
13076  45   77.0
13077  46   73.0
13078  46   76.2
13079  46   77.2
13080  46   63.0
13081  46   77.0
13082  46   77.2
13083  46   78.6
13084  46   75.2
13085  46   79.6
13086  46   78.4
13087  46   75.6
13088  46   74.5
13089  46   76.2
13090  46   75.7
13091  46   75.5
13092  46   75.6
13093  46   77.3
13094  45   76.6
13095  45   76.4
13096  45   76.2
13097  45   76.5
13098  45   75.0
13099  45   75.3
13100  45   58.6
13101  45   59.8
13102  45   75.6
13103  45   75.0
13104  45   77.3
13105  46   74.2
13106  46   74.6
13107  46   77.2
13108  46   73.0
13109  46   76.5
13110  45   80.0
13111  46   74.8
13112  46   77.5
13113  46   76.6
13114  46   75.7
13115  46   59.0
13116  46   76.5
13117  46   75.9
13118  46   74.1
13119  46   74.8
13120  46   64.9
13121  46   74.4
13122  45   77.2
13123  46   73.1
13124  46   77.8
13125  46   76.9
13126  46   74.6
13127  46   73.9
13128  46   71.1
13129  46   72.9
13130  46   76.1
13131  46   74.1
13132  46   73.7
13133  46   75.9
13134  46   74.3
13135  46   74.5
13136  46   72.5
13137  46   72.3
13138  46   73.1
13139  46   73.2
13140  46   74.6
13141  46   76.5
13142  46   76.3
13143  46   75.4
13144  46   77.1
13145  46   76.3
13146  46   76.8
13147  46   76.4
13148  46   73.7
13149  45   77.2
13150  45   73.8
13151  45   75.0
13152  45   73.8
13153  45   75.4
13154  45   76.2
13155  43   69.9
13156  45   72.6
13157  45   73.2
13158  45   73.9
13159  45   73.1
13160  45   71.1
13161  45   71.1
13162  45   73.0
13163  45   71.4
13164  44   58.6
13165  45   70.6
13166  45   69.9
13167  45   70.3
13168  45   69.7
13169  45   66.3
13170  45   67.2
13171  45   66.9
13172  45   72.6
13173  45   71.9
13174  45   69.7
13175  45   67.9
13176  45   75.0
13177  45   75.4
13178  45   74.2
13179  45   70.4
13180  45   73.6
13181  45   75.1
13182  45   73.2
13183  44   72.6
13184  45   71.3
13185  44   74.6
13186  45   73.6
13187  45   71.7
13188  45   71.8
13189  45   72.6
13190  45   74.4
13191  44   69.6
13192  45   73.6
13193  45   77.0
13194  45   74.3
13195  45   73.5
13196  45   73.4
13197  45   72.0
13198  45   72.1
13199  45   70.7
13200  45   71.7
13201  45   73.1
13202  45   73.1
13203  45   67.6
13204  45   70.2
13205  45   69.4
13206  45   65.9
13207  45   68.8
13208  45   69.9
13209  45   69.6
13210  45   69.5
13211  45   68.3
13212  45   71.5
13213  45   71.1
13214  45   69.1
13215  45   65.4
13216  45   67.5
13217  45   68.5
13218  45   63.9
13219  45   68.3
13220  45   75.0
13221  45   74.6
13222  45   73.0
13223  45   72.2
13224  45   71.9
13225  44   70.8
13226  45   74.0
13227  45   70.1
13228  45   72.8
13229  45   71.8
13230  45   69.8
13231  45   68.6
13232  44   74.4
13233  45   76.6
13234  45   72.8
13235  45   72.0
13236  45   72.5
13237  45   73.1
13238  45   72.7
13239  45   74.8
13240  45   72.5
13241  45   75.5
13242  45   73.9
13243  45   72.6
13244  45   73.9
13245  45   74.9
13246  45   71.4
13247  44   75.5
13248  45   75.2
13249  45   72.1
13250  45   72.0
13251  45   73.5
13252  45   72.4
13253  45   72.8
13254  45   73.3
13255  45   71.3
13256  45   75.3
13257  45   74.8
13258  45   71.1
13259  46   70.7
13260  46   74.7
13261  46   67.3
13262  46   60.7
13263  46   73.8
13264  46   77.3
13265  46   75.7
13266  46   75.6
13267  47   72.8
13268  46   73.5
13269  45   72.3
13270  45   71.8
13271  46   73.2
13272  46   73.0
13273  45   74.9
13274  46   73.5
13275  46   72.4
13276  46   74.4
13277  46   68.3
13278  46   73.0
13279  45   73.1
13280  46   68.7
13281  45   72.1
13282  45   73.3
13283  46   64.0
13284  46   75.2
13285  14   65.9
13286  15   59.5
13287  46   72.8
13288  46   74.3
13289  46   73.9
13290  46   73.1
13291  45   75.0
13292  45   72.6
13293  46   72.6
13294  45   72.7
13295  46   72.2
13296  45   73.1
13297  45   77.1
13298  45   70.2
13299  45   70.8
13300  46   68.7
13301  46   70.9
13302  45   71.5
13303  45   71.6
13304  46   72.9
13305  46   70.9
13306  46   69.1
13307  46   71.0
13308  46   70.7
13309  45   68.5
13310  45   72.6
13311  48   63.7
13312  46   73.0
13313  46   67.2
13314  46   72.8
13315  46   71.7
13316  46   70.7
13317  46   70.1
13318  46   66.9
13319  46   71.9
13320  46   68.9
13321  46   70.0
13322  45   71.1
13323  46   72.4
13324  46   74.1
13325  46   71.7
13326  45   74.4
13327  46   75.1
13328  46   71.9
13329  45   75.3
13330  46   73.9
13331  46   74.5
13332  46   73.8
13333  46   72.6
13334  46   72.2
13335  46   68.7
13336  46   77.9
13337  46   75.7
13338  46   74.4
13339  46   73.3
13340  46   67.9
13341  46   75.8
13342  46   71.2
13343  46   67.5
13344  46   70.4
13345  46   74.7
13346  46   62.5
13347  46   74.8
13348  46   71.9
13349  46   71.0
13350  46   72.7
13351  46   72.0
13352  46   72.1
13353  46   71.4
13354  46   71.4
13355  46   70.1
13356  46   69.9
13357  46   71.0
13358  46   71.7
13359  45   73.2
13360  46   72.6
13361  45   72.3
13362  46   70.1
13363  46   71.7
13364  46   75.6
13365  46   73.4
14001  46   72.7
14002  46   71.3
14003  46   68.6
14004  46   69.5
14005  46   76.1
14006  46   73.3
14007  46   72.1
14008  45   69.3
14009  46   72.2
14010  46   69.5
14011  46   74.3
14012  46   76.0
14013  46   74.1
14014  45   73.7
14015  46   68.2
14016  46   60.2
14017  45   63.9
14018  46   72.7
14019  42   76.1
14020  46   76.1
14021  46   71.4
14022  46   71.4
14023  46   73.8
14024  45   70.0
14025  46   73.9
14026  46   71.8
14027  46   69.5
14028  46   74.7
14029  46   76.6
14030  46   75.7
14031  46   72.7
14032  46   75.2
14033  46   73.7
14034  45   74.1
14035  46   75.2
14036  46   71.8
14037  46   70.6
14038  46   71.7
14039  46   72.4
14040  46   72.6
14041  46   76.2
14042  46   74.5
14043  46   73.1
14044  46   72.4
14045  46   74.4
14046  46   69.6
14047  46   71.8
14048  46   70.6
14049  46   77.4
14050  46   67.8
14051  46   70.0
14052  46   72.0
14053  46   73.0
14054  46   74.7
14055  45   74.9
14056  45   70.9
14057  45   65.0
14058  45   68.9
14059  45   70.2
14060  45   74.0
14061  46   73.2
14062  45   71.3
14063  46   72.4
14064  46   71.4
14065  46   75.1
14066  46   70.5
14067  46   69.8
14068  46   71.7
14069  46   72.7
14070  46   71.8
14071  46   73.4
14072  46   60.5
14073  46   73.0
14074  46   65.7
14075  46   70.4
14076  46   73.1
14077  46   69.3
14078  46   70.0
14079  46   73.9
14080  46   68.9
14081  46   71.9
14082  46   72.9
14083  46   73.9
14084  45   73.8
14085  45   73.9
14086  45   74.0
14087  45   73.1
14088  45   70.1
14089  46   74.2
14090  46   71.2
14091  46   68.5
14092  45   70.0
14093  45   67.8
14094  46   71.9
14095  46   72.7
14096  46   70.7
14097  46   72.8
14098  46   67.4
14099  46   71.3
14100  46   72.8
14101  45   72.8
14102  45   73.5
14103  45   70.7
14104  45   72.5
14105  45   73.8
14106  46   73.2
14107  45   73.4
14108  46   71.2
14109  46   73.8
14110  46   71.9
14111  46   75.3
14112  46   77.4
14113  46   70.3
14114  46   61.3
14115  45   74.0
14116  46   70.6
14117  46   75.6
14118  46   65.9
14119  46   71.6
14120  45   68.5
14121  45   70.6
14122  46   73.5
14123  46   73.9
14124  46   74.8
14125  46   71.9
14126  47   57.4
14127  45   70.8
14128  46   52.0
14129  46   67.7
14130  46   71.5
14131  46   70.0
14132  46   72.6
14133  46   74.4
14134  46   73.6
14135  46   75.1
14136  46   75.0
14137  46   74.6
14138  46   73.2
14139  46   72.6
14140  45   74.4
14141  44   68.0
14142  45   71.3
14143  45   71.0
14144  45   72.6
14145  45   71.1
14146  45   69.8
14147  45   71.9
14148  46   71.1
14149  46   72.4
14150  45   72.8
14151  46   73.3
14152  46   71.7
14153  46   73.7
14154  45   71.1
14155  46   72.0
14156  46   69.1
14157  46   71.7
14158  46   72.0
14159  46   70.2
14160  46   70.3
14161  46   64.3
14162  46   65.4
14163  46   67.2
14164  46   68.8
14165  46   71.8
14166  46   71.4
14167  46   74.2
14168  46   69.5
14169  43   72.9
14170  45   70.1
14171  45   69.1
14172  46   73.6
14173  46   71.9
14174  46   69.8
14175  46   69.5
14176  46   67.1
14177  46   73.5
14178  45   71.8
14179  46   68.6
14180  46   72.4
14181  45   71.9
14182  45   71.3
14183  44   57.5
14184  46   71.1
14185  46   69.9
14186  46   70.6
14187  46   67.9
14188  46   66.6
14189  46   72.6
14190  46   69.2
14191  45   71.6
14192  46   68.7
14193  46   66.6
14194  46   69.9
14195  46   70.3
14196  45   71.0
14197  44   72.5
14198  44   68.8
14199  44   70.2
14200  44   71.5
14201  45   70.0
14202  45   72.9
14203  45   64.6
14204  44   69.9
14205  46   68.6
14206  46   68.9
14207  46   71.6
14208  46   70.4
14209  46   67.5
14210  46   70.4
14211  45   71.5
14212  45   71.0
14213  45   70.5
14214  46   67.2
14215  46   68.0
14216  46   67.9
14217  46   65.4
14218  45   70.6
14219  45   71.3
14220  45   71.5
14221  45   70.0
14222  45   69.0
14223  45   68.4
14224  45   71.0
14225  45   70.1
14226  45   70.3
14227  45   72.9
14228  45   71.3
14229  45   74.3
14230  45   70.9
14231  45   71.2
14232  44   70.2
14233  45   73.5
14234  46   73.7
14235  46   68.5
14236  46   72.4
14237  46   74.2
14238  46   70.8
14239  46   68.9
14240  45   73.4
14241  46   69.4
14242  46   67.9
14243  46   70.9
14244  46   73.7
14245  46   69.9
14246  46   73.8
14247  45   73.5
14248  46   70.2
14249  45   70.0
14250  44   67.3
14251  44   71.8
14252  45   70.5
14253  46   72.7
14254  45   71.0
14255  45   73.5
14256  45   65.3
14257  45   71.7
14258  45   72.8
14259  45   72.4
14260  45   67.6
14261  46   61.4
14262  45   70.4
14263  46   67.1
14264  46   68.2
14265  46   69.8
14266  46   73.1
14267  46   68.7
14268  46   70.5
14269  46   72.3
14270  44   69.5
14271  46   72.7
14272  46   71.2
14273  46   67.0
14274  46   68.6
14275  46   70.9
14276  46   74.2
14277  46   73.0
14278  46   71.7
14279  46   72.5
14280  46   72.9
14281  46   70.8
14282  46   71.4
14283  45   70.2
14284  45   71.0
14285  44   72.6
14286  45   71.6
14287  45   70.3
14288  44   68.5
14289  45   57.7
14290  45   73.9
14291  45   73.4
14292  46   72.2
14293  45   67.8
14294  44   67.8
14295  44   71.7
14296  45   73.1
14297  45   72.7
14298  45   71.0
14299  45   71.6
14300  45   73.7
14301  45   68.7
14302  45   68.2
14303  44   69.6
14304  46   73.8
14305  46   72.7
14306  46   73.5
14307  46   70.4
14308  45   71.3
14309  46   68.1
14310  44   72.2
14311  45   66.3
14312  46   69.8
14313  46   69.1
14314  46   72.3
14315  45   73.3
14316  45   65.4
14317  46   70.5
14318  46   74.8
14319  46   71.7
14320  46   71.4
14321  46   72.6
14322  46   71.9
14323  46   72.4
14324  46   71.0
14325  45   73.3
14326  45   69.5
14327  45   70.7
14328  45   69.9
14329  45   64.8
14330  45   69.0
14331  45   69.5
14332  45   66.3
14333  45   73.3
14334  45   73.6
14335  44   67.7
14336  45   72.0
14337  45   70.1
14338  45   72.0
14339  45   70.7
14340  44   71.2
14341  45   69.7
14342  45   72.2
14343  45   73.5
14344  45   66.2
14345  45   59.4
14346  45   66.5
14347  46   67.8
14348  46   70.2
14349  45   63.8
14350  46   67.4
14351  46   70.3
14352  46   62.4
14353  45   67.4
14354  46   67.7
14355  46   69.3
14356  46   65.0
14357  46   68.4
14358  46   68.9
14359  46   70.0
14360  46   70.1
14361  46   71.8
14362  46   73.5
14363  46   72.5
14364  46   73.1
14365  45   72.2
15001  46   72.4
15002  46   70.1
15003  46   68.8
15004  46   71.9
15005  46   73.7
15006  46   74.8
15007  46   71.2
15008  46   70.5
15009  46   69.6
15010  46   68.5
15011  46   72.2
15012  46   71.8
15013  46   72.4
15014  46   70.0
15015  46   70.0
15016  46   72.0
15017  46   71.5
15018  46   71.9
15019  46   70.2
15020  46   73.2
15021  46   73.1
15022  46   66.6
15023  46   74.1
15024  46   73.1
15025  46   72.7
15026  46   71.3
15027  46   70.6
15028  46   70.5
15029  46   74.1
15030  46   72.7
15031  46   72.8
15032  46   73.1
15033  46   71.8
15034  45   71.0
15035  45   67.0
15036  46   72.9
15037  44   72.0
15038  45   72.8
15039  45   70.2
15040  45   71.9
15041  44   71.0
15042  44   74.0
15043  45   69.6
15044  44   73.6
15045  45   71.1
15046  45   71.1
15047  45   73.5
15048  45   71.2
15049  45   71.9
15050  45   74.1
15051  45   68.2
15052  45   68.2
15053  44   69.8
15054  44   68.2
15055  44   70.4
15056  45   71.8
15057  45   74.6
15058  45   73.9
15059  44   71.7
15060  45   71.1
15061  44   67.0
15062  44   72.7
15063  45   69.6
15064  45   58.2
15065  46   58.1
15066  45   70.7
15067  48   66.7
15068  45   69.5
15069  46   71.1
15070  45   71.2
15071  44   70.4
15072  45   73.7
15073  45   70.8
15074  45   71.0
15075  45   68.9
15076  46   63.3
15077  45   73.5
15078  46   73.9
15079  46   74.5
15080  46   72.4
15081  46   73.6
15082  46   70.5
15083  46   74.6
15084  46   73.1
15085  46   72.2
15086  46   72.3
15087  46   70.4
15088  46   69.3
15089  45   71.2
15090  45   68.8
15091  45   70.9
15092  45   72.3
15093  44   73.0
15094  44   73.7
15095  44   72.9
15096  44   74.2
15097  44   76.9
15098  44   75.2
15099  44   74.9
15100  44   70.7
15101  44   73.8
15102  44   72.5
15103  45   72.1
15104  45   69.8
15105  45   72.2
15106  45   67.9
15107  45   70.2
15108  45   73.4
15109  45   73.3
15110  45   72.7
15111  45   67.8
15112  45   72.0
15113  45   70.4
15114  45   71.6
15115  45   71.4
15116  45   68.4
15117  45   68.7
15118  45   61.7
15119  45   72.9
15120  45   62.7
15121  45   73.8
15122  45   71.9
15123  45   70.7
15124  45   68.9
15125  45   71.7
15126  45   69.1
15127  45   72.0
15128  45   73.5
15129  45   69.0
15130  45   69.9
15131  44   62.0
15132  45   65.5
15133  45   62.6
15134  45   66.5
15135  45   70.2
15136  45   68.1
15137  45   70.3
15138  45   65.6
15139  45   66.4
15140  45   67.1
15141  45   70.4
15142  45   70.1
15143  45   72.5
15144  45   72.1
15145  45   70.5
15146  45   72.1
15147  45   73.1
15148  45   69.8
15149  45   68.3
15150  45   70.1
15151  45   70.9
15152  45   68.1
15153  45   66.6
15154  45   66.5
15155  45   69.6
15156  45   68.6
15157  45   65.9
15158  45   65.0
15159  45   67.6
15160  45   71.1
15161  45   70.4
15162  45   68.1
15163  45   66.5
15164  45   63.9
15165  45   66.5
15166  45   69.9
15167  45   67.2
15168  45   66.2
15169  45   53.6
15170  45   71.7
15171  45   71.6
15172  45   68.4
15173  45   67.2
15174  45   66.9
15175  44   74.3
15176  44   65.5
15177  44   69.7
15178  44   66.8
15179  45   67.5
15180  45   69.2
15181  45   70.5
15182  45   72.0
15183  45   65.1
15184  45   64.7
15185  45   61.0
15186  45   60.9
15187  45   63.2
15188  45   59.8
15189  45   62.9
15190  45   68.3
15191  45   69.6
15192  45   66.3
15193  45   65.5
15194  45   69.7
15195  44   67.8
15196  45   65.6
15197  45   52.1
15198  45   60.6
15199  45   66.3
15200  45   67.2
15201  44   64.2
15202  44   67.3
15203  44   60.4
15204  44   55.0
15205  45   57.2
15206  45   64.6
15207  44   70.7
15208  44   66.0
15209  44   64.1
15210  44   68.2
15211  44   69.4
15212  44   71.6
15213  44   68.9
15214  44   71.9
15215  44   72.6
15216  45   68.1
15217  45   69.8
15218  44   64.0
15219  45   64.0
15220  45   63.1
15221  45   64.0
15222  45   65.2
15223  45   64.1
15224  12   50.3
15225  42   46.9
15226  43   66.8
15227  42   65.6
15228  42   70.8
15229  42   60.7
15230  43   66.6
15231  44   68.4
15232  45   65.7
15233  45   63.6
15234  45   68.6
15235  45   66.9
15236  45   62.9
15237  45   64.6
15238  45   72.2
15239  45   69.4
15240  45   70.3
15241  45   71.3
15242  44   66.6
15243  44   66.5
15244  45   68.9
15245  45   67.5
15246  45   70.0
15247  45   69.2
15248  45   70.4
15249  45   71.5
15250  45   71.1
15251  45   71.0
15252  45   69.5
15253  45   71.8
15254  44   69.2
15255  45   69.7
15256  45   71.8
15257  45   66.0
15258  44   69.7
15259  44   70.0
15260  45   67.4
15261  45   70.5
15262  44   67.6
15263  44   71.5
15264  45   69.5
15265  45   68.9
15266  45   72.0
15267  45   71.8
15268  45   68.8
15269  45   69.6
15270  45   61.4
15271  45   74.2
15272  45   71.2
15273  45   68.9
15274  45   71.1
15275  44   68.6
15276  42   70.0
15277  44   68.7
15278  43   66.9
15279  43   65.7
15280  45   66.2
15281  45   71.1
15282  45   72.5
15283  45   74.5
15284  45   70.7
15285  45   73.2
15286  45   70.2
15287  45   69.6
15288  45   71.8
15289  45   73.5
15290  46   69.0
15291  46   71.1
15292  45   71.8
15293  44   72.6
15294  46   73.9
15295  45   50.5
15296  44   69.8
15297  44   72.5
15298  44   70.5
15299  44   73.5
15300  44   72.3
15301  44   71.6
15302  44   72.5
15303  44   68.5
15304  44   73.2
15305  44   74.9
15306  44   74.7
15307  44   68.9
15308  45   68.5
15309  43   71.6
15310  44   71.9
15311  43   69.7
15312  43   69.0
15313  44   65.5
15314  44   67.1
15315  44   67.8
15316  44   70.2
15317  45   69.4
15318  45   69.3
15319  44   69.0
15320  45   66.5
15321  45   66.7
15322  46   67.6
15323  44   57.2
15324  45   72.0
15325  45   69.6
15326  45   71.5
15327  45   72.7
15328  45   72.2
15329  45   70.9
15330  45   72.5
15331  45   71.0
15332  45   71.0
15333  45   71.2
15334  45   70.0
15335  45   70.9
15336  45   72.1
15337  44   71.4
15338  45   71.6
15339  45   72.0
15340  45   73.4
15341  45   70.5
15342  45   71.2
15343  44   70.0
15344  44   71.5
15345  43   69.7
15346  44   71.9
15347  44   72.2
15348  40   72.0
15349  42   68.3
15350  43   68.7
15351  45   66.7
15352  45   70.7
15353  45   71.3
15354  45   71.5
15355  45   67.7
15356  44   68.3
15357  45   69.7
15358  45   66.9
15359  45   70.5
15360  45   69.4
15361  45   70.9
15362  45   71.3
15363  45   73.6
15364  45   67.7
15365  44   68.0
16001  45   61.8
16002  45   69.6
16003  45   71.9
16004  45   70.2
16005  45   67.9
16006  45   71.6
16007  45   70.3
16008  44   69.8
16009  45   68.6
16010  45   70.8
16011  45   57.0
16012  45   63.4
16013  45   69.0
16014  45   69.7
16015  45   69.3
16016  45   73.4
16017  45   69.7
16018  44   71.6
16019  45   72.7
16020  44   69.4
16021  45   67.4
16022  45   73.6
16023  45   72.2
16024  45   71.7
16025  45   71.1
16026  45   70.6
16027  45   68.1
16028  44   67.7
16029  44   69.0
16030  44   67.8
16031  44   71.8
16032  41   70.1
16033  41   69.6
16034  40   69.0
16035  41   71.7
16036  40   72.5
16037  41   72.3
16038  41   73.5
16039  41   70.0
16040  41   70.0
16041  41   73.9
16042  41   73.5
16043  41   71.5
16044  41   69.0
16045  41   71.3
16046  41   70.1
16047  41   70.3
16048  40   71.6
16049  40   69.9
16050  40   73.0
16051  40   70.4
16052  40   71.7
16053  40   70.6
16054  40   60.2
16055  40   69.2
16056  39   67.8
16057  39   71.1
16058  40   73.4
16059  40   70.8
16060  40   71.0
16061  39   70.9
16062  40   70.2
16063  41   65.1
16064  41   71.2
16065  41   71.0
16066  41   70.0
16067  41   72.4
16068  41   72.0
16069  41   74.1
16070  41   70.8
16071  41   72.3
16072  41   72.1
16073  41   72.7
16074  41   72.8
16075  42   67.5
16076  42   71.1
16077  42   71.2
16078  42   67.7
16079  42   71.3
16080  42   71.8
16081  42   72.8
16082  42   74.5
16083  42   70.9
16084  41   71.6
16085  41   73.5
16086  42   73.2
16087  42   72.4
16088  42   70.3
16089  42   69.6
16090  42   72.3
16091  42   71.7
16092  42   72.9
16093  42   70.1
16094  42   70.1
16095  41   71.1
16096  41   71.0
16097  42   67.3
16098  42   69.9
16099  42   71.8
16100  42   70.7
16101  42   73.3
16102  42   69.0
16103  42   67.8
16104  42   69.2
16105  42   70.6
16106  42   71.2
16107  42   70.7
16108  41   72.7
16109  42   74.4
16110  42   72.3
16111  42   73.2
16112  42   64.8
16113  42   56.5
16114  41   72.4
16115  42   72.5
16116  42   72.2
16117  42   72.7
16118  42   72.1
16119  42   70.3
16120  42   71.6
16121  42   72.6
16122  42   70.8
16123  42   71.9
16124  42   69.4
16125  42   68.9
16126  42   68.6
16127  42   70.8
16128  42   72.7
16129  42   67.8
16130  42   69.8
16131  41   67.4
16132  41   66.7
16133  41   69.3
16134  41   67.1
16135  41   68.9
16136  41   72.9
16137  41   73.4
16138  41   70.7
16139  41   73.1
16140  40   71.8
16141  40   71.8
16142  40   72.2
16143  40   69.3
16144  40   67.3
16145  40   74.4
16146  40   69.6
16147  40   68.1
16148  40   66.3
16149  41   67.8
16150  41   61.1
16151  41   69.3
16152  41   68.6
16153  40   68.3
16154  39   71.6
16155  40   71.1
16156  41   67.7
16157  41   68.4
16158  41   63.2
16159  41   68.2
16160  41   68.2
16161  41   70.3
16162  41   71.2
16163  41   69.3
16164  37   72.7
16165  37   69.9
16166  36   59.7
16167  37   71.3
16168  37   73.1
16169  37   69.7
16170  37   70.7
16171  37   72.4
16172  37   71.1
16173  37   71.5
16174  37   72.6
16175  37   71.2
16176  37   65.2
16177  37   65.7
16178  37   70.2
16179  37   64.0
16180  37   71.4
16181  37   71.9
16182  37   68.4
16183  37   71.4
16184  37   66.6
16185  37   70.8
16186  37   73.0
16187  37   68.6
16188  37   72.0
16189  37   71.1
16190  35   67.6
16191  37   70.1
16192  37   70.4
16193  37   64.2
16194  37   69.0
16195  37   68.0
16196  37   66.7
16197  37   72.6
16198  37   70.1
16199  37   70.0
16200  37   68.7
16201  37   70.8
16202  36   71.2
16203  37   46.5
16204  36   62.9
16205  37   70.4
16206  37   69.3
16207  37   70.2
16208  31   69.6
16209  37   66.4
16210  37   70.4
16211  31   67.9
16212  37   65.2
16213  37   67.3
16214  37   70.6
16215  37   71.9
16216  37   68.5
16217  37   66.2
16218  37   69.6
16219  37   67.7
16220  37   70.9
16221  38   68.9
16222  37   67.1
16223  37   71.8
16224  37   74.1
16225  37   68.9
16226  37   71.4
16227  37   69.5
16228  37   70.1
16229  36   70.5
16230  37   67.8
16231  37   67.7
16232  37   69.3
16233  37   68.1
16234  37   68.2
16235  37   72.0
16236  37   70.2
16237  37   73.8
16238  37   72.6
16239  37   70.7
16240  37   68.1
16241  37   65.3
16242  37   63.7
16243  37   69.7
16244  37   68.7
16245  37   67.6
16246  36   70.6
16247  37   66.0
16248  37   68.5
16249  37   67.2
16250  37   71.1
16251  37   72.8
16252  37   71.5
16253  37   72.1
16254  37   71.7
16255  37   69.6
16256  37   71.9
16257  37   70.7
16258  37   70.4
16259  30   64.7
16260  37   68.7
16261  37   74.5
16262  37   70.8
16263  37   73.6
16264  37   72.6
16265  37   73.2
16266  23   70.3
16267  37   70.5
16268  37   74.2
16269  37   73.5
16270  37   72.6
16271  37   71.9
16272  37   72.8
16273  37   71.3
16274  37   70.2
16275  37   71.4
16276  37   73.0
16277  37   72.4
16278  37   76.0
16279  37   75.2
16280  37   77.2
16281  37   74.2
16282  37   71.8
16283  36   76.5
16284  37   76.8
16285  37   72.9
16286  37   74.1
16287  37   59.7
16288  37   73.8
16289  37   73.6
16290  37   73.7
16291  37   74.6
16292  37   74.3
16293  37   69.4
16294  37   73.5
16295  36   72.8
16296  37   76.1
16297  37   74.7
16298  37   57.8
16299  37   72.2
16300  37   74.2
16301  37   72.8
16302  37   71.7
16303  37   72.4
16304   9   73.9
16305   9   73.1
