04001   2  100.0
04002   4   99.7
04003   4   98.9
04004   3   97.9
04005   4   98.4
04006   3   99.2
04007   4  100.0
04008   4  100.0
04009   5   99.5
04010   4   99.1
04011   6   98.5
04012   6   98.6
04013   6   97.1
04014   5   97.3
04015   6   99.8
04016   6   99.5
04017   5   99.3
04018   5   98.7
04019   6   98.1
04020   6   99.1
04021   7   98.8
04022   7   99.3
04023   7   98.5
04024   7   98.3
04025   6   98.6
04026   4   99.4
04027   7   96.7
04028   6   99.0
04029   6   99.2
04030   6  100.0
04031   6   98.9
04032   6   99.8
04033   6   99.2
04034   6   99.3
04035   5   99.0
04036   5   97.7
04037   5   98.2
04038   5   98.5
04039   5   99.2
04040   5   98.8
04041   6   99.3
04042   6   99.3
04043   6   98.2
04044   5   98.8
04045   5   99.1
04046   6  100.0
04047   5   99.1
04048   5   99.6
04049   6   99.7
04050   6   99.6
04051   6   98.8
04052   6   99.0
04053   6   96.6
04054   6   98.2
04055   7   99.0
04056   5   97.8
04057   5  100.0
04058   6   99.4
04059   6   98.5
04060   6   99.8
04061   6   99.1
04062   6   99.6
04063   6   99.6
04064   7   99.7
04065   7   99.5
04066   7   99.4
04067   6   99.2
04068   6   99.8
04069   6  100.0
04070   6   99.1
04071   6   98.6
04072   6   99.0
04073   7   99.7
04074   7   99.3
04075   7  100.0
04076   7   99.8
04077   7   98.2
04078   7   99.7
04079   5   98.6
04080   5   99.5
04081   5   99.8
04082   7   99.0
04083   7   99.8
04084   7   99.0
04085   7   99.8
04086   6   99.1
04087   6   99.6
04088   6  100.0
04089   5   98.8
04090   6   99.2
04091   6   98.8
04092   6   98.5
04093   6   99.1
04094   6   99.6
04095   6   98.9
04096   6   98.9
04097   6   98.2
04098   7  100.0
04099   6   99.3
04100   7   99.0
04101   7   99.7
04102   7   99.2
04103   7   99.7
04104   7   99.4
04105   7   99.8
04106   6   99.6
04107   6   98.8
04108   7   98.8
04109   7  100.0
04110   6   99.1
04111   5   99.8
04112   6   99.3
04113   7   99.3
04114   6   99.3
04115   7   99.2
04116   7   98.8
04117   6  100.0
04118   6   99.3
04119   6   98.0
04120   6   98.7
04121   5   98.3
04122   5   97.7
04123   5   99.0
04124   5   98.9
04125   5   99.5
04126   4   98.1
04127   6   98.9
04128   5  100.0
04129   5   99.3
04130   5   98.6
04131   5   98.4
04132   4   98.5
04133   4   99.4
04134   5   98.3
04135   5   98.0
04136   6   99.0
04137   6   97.4
04138   6   99.0
04139   5   99.8
04140   6   98.7
04141   5   99.8
04142   6   98.7
04143   5   98.1
04144   4   99.1
04145   4   99.4
04146   5   99.1
04147   5   97.4
04148   5   97.9
04149   5   98.5
04150   4   97.4
04151   5   99.4
04152   5   97.9
04153   5   98.9
04154   4   98.1
04155   5   97.5
04156   4   97.6
04157   6   97.6
04158   5   98.3
04159   4   99.7
04160   5   98.9
04161   5   99.5
04162   4  100.0
04163   5   98.0
04164   5   98.5
04165   4   98.4
04166   4   98.7
04167   4   97.9
04168   4   98.7
04169   3   98.6
04170   3   96.7
04171   4   98.9
04172   3   98.6
04173   3   98.9
04174   4   97.0
04175   4   96.7
04176   6   92.8
04177   3   97.0
04178   3   96.6
04179   3   95.0
04180   3   96.9
04181   3   97.9
04182   3   98.6
04183   3   97.0
04184   3   97.1
04185   3   98.0
04186   3   99.3
04187   3   97.3
04188   3   98.6
04189   3   97.7
04190   3   93.3
04191   3   97.3
04192   3   98.7
04193   3   98.0
04194   3   98.1
04195   3   99.2
04196   3   99.0
04197   3   98.4
04198   3   97.0
04199   3   96.7
04200   3   97.5
04201   3   96.1
04202   3   97.7
04203   3   96.2
04204   3   96.6
04205   3   95.3
04206   3   95.9
04207   3   96.6
04208   3   95.8
04209   3   97.8
04210   3   97.4
04211   3   97.2
04212   3   97.6
04213   2   96.8
04214   2   98.5
04215   3   98.9
04216   3   97.4
04217   3   97.5
04218   3   97.3
04219   3   98.3
04222   3   96.7
04223   3   98.1
04224   3   98.2
04225   3   96.4
04226   3   95.9
04227   3   98.0
04228   3   98.0
04229   3   97.7
04230   3   98.5
04231   3   97.8
04232   3   96.2
04233   3   99.4
04234   3   98.4
04235   3   98.1
04236   3   98.1
04237   3   97.8
04238   3   98.4
04239   3   98.7
04240   3   98.5
04241   3   98.6
04242   3   96.6
04243   3   96.7
04244   3   99.4
04245   3   99.1
04246   3   96.1
04247   3   97.8
04248   3   98.4
04249   3   98.2
04250   3   96.9
04251   3   97.4
04252   3   98.7
04253   3   99.4
04254   3   98.4
04255   3   97.8
04256   3   98.5
04257   3   96.2
04258   3   96.2
04259   3   98.7
04260   3   99.0
04261   3   99.4
04262   3   99.0
04263   3   96.7
04264   3   97.7
04265   3   98.5
04266   3   98.1
04267   3   97.5
04268   3   98.7
04269   3   99.3
04270   3   99.0
04271   3   99.7
04272   3   99.1
04273   3   99.3
04274   3   98.4
04275   3   98.2
04276   3   99.1
04277   3   99.4
04278   3   98.1
04279   3   99.7
04280   3   99.7
04281   3   98.8
04282   3   99.4
04283   3  100.0
04284   3   97.8
04285   3   99.1
04286   3   98.1
04287   3   97.6
04288   3   99.1
04289   3   99.1
04290   3   99.4
04291   3   99.7
04292   3   98.1
04293   3   98.7
04294   3   98.6
04295   3   96.1
04296   3   98.0
04297   3   95.9
04298   3   93.2
04299   3   97.3
04300   3   97.7
04301   3   97.5
04302   3   98.5
04303   3   97.9
04304   3   97.3
04305   3   99.4
04306   3   98.4
04307   3   99.1
04308   3   98.5
04309   3   98.5
04310   3   97.6
04311   3   98.1
04312   3   98.1
04313   3   97.2
04314   3   97.4
04315   3   97.9
04316   3   99.7
04317   3   98.5
04318   3   97.8
04319   3   98.2
04320   3   99.1
04321   3   98.7
04322   3   98.0
04323   3   99.3
04324   3   96.3
04325   3   97.2
04326   3   98.8
04327   3   99.1
04328   3   99.1
04329   3   93.3
04330   3   97.7
04331   3   98.5
04332   3   97.6
04333   3   98.8
04334   3   98.7
04335   3   98.1
04336   3   98.4
04337   3   97.6
04338   3   97.8
04339   3   96.0
04340   3   97.8
04341   3   97.5
04342   3   98.8
04343   3   98.4
04344   3   97.6
04345   3   99.7
04346   3   99.0
04347   3   97.9
04348   3   97.5
04349   3   99.0
04350   3   98.8
04351   3   98.4
04352   3   99.7
04353   3   98.0
04354   3   97.6
04355   3   98.6
04356   3   98.9
04357   3   99.0
04358   3   97.5
04359   3   98.3
04360   3   97.2
04361   3   97.7
04362   3   96.6
04363   3   97.2
04364   3   95.9
04365   3   97.8
04366   3   99.0
05001   3   96.1
05002   3   97.4
05003   3   99.4
05004   3   96.1
05005   3   97.5
05006   3   99.3
05007   3   97.7
05008   3   99.4
05009   3   99.1
05010   3   99.1
05011   3   99.4
05012   3   96.1
05013   3   97.5
05014   3   99.0
05015   3   99.7
05016   3   99.4
05017   3   99.7
05018   3   98.1
05019   3   97.7
05020   3   98.6
05021   3   92.2
05022   3   98.7
05023   3   98.7
05024   3   98.5
05025   3   95.9
05026   3   98.2
05027   3   99.0
05028   3   97.9
05029   3  100.0
05030   3  100.0
05031   3   99.1
05032   3   96.3
05033   3  100.0
05034   3   97.6
05035   3   99.5
05036   3   99.4
05037   3   98.8
05038   3   98.9
05039   3   98.7
05040   3   99.0
05041   3   97.5
05042   3   97.2
05043   3   97.5
05044   3   95.4
05045   3   98.4
05046   3   97.2
05047   3   98.7
05048   3   98.7
05049   3   98.7
05050   3   99.0
05051   3   98.7
05052   3   98.0
05053   3   97.7
05054   3   99.2
05055   3   98.0
05056   3   97.8
05057   3  100.0
05058   2  100.0
05059   3  100.0
05060   3   99.3
05061   3   99.1
05062   3   98.6
05063   3   98.7
05064   3   98.4
05065   3   98.4
05066   3   99.1
05067   3   99.4
05068   3   97.8
05069   3   98.7
05070   3   98.4
05071   3   97.1
05072   3   99.3
05073   3   97.7
05074   3   97.3
05075   3   98.1
05076   3   94.8
05077   3   97.6
05078   3   98.4
05079   3   96.9
05080   3   97.8
05081   3   98.7
05082   3   98.7
05083   3   99.2
05084   3   96.8
05085   3   98.1
05086   3   99.7
05087   3   99.7
05088   3   97.6
05089   3   98.3
05090   3   97.3
05091   3   99.4
05092   3   98.7
05093   3   98.7
05094   3  100.0
05095   2   99.0
05096   3   99.3
05097   3   97.1
05098   3  100.0
05099   3  100.0
05100   3   98.0
05101   3   99.3
05102   3   97.0
05103   3   99.0
05105   3   98.1
05106   3   97.9
05107   3   99.7
05108   3   98.7
05109   3   98.7
05110   3   99.4
05111   3   99.1
05112   3   99.6
05113   3   98.6
05114   2   99.5
05115   3   99.0
05116   3   99.7
05117   3   98.3
05118   3   99.4
05119   3   98.0
05120   3   99.4
05121   3   98.0
05122   3   97.8
05123   3   97.2
05124   2   98.3
05126   3   97.9
05127   3   98.4
05128   3   99.0
05129   3   99.7
05130   2  100.0
05131   3   98.7
05132   3   99.4
05133   3   99.3
05134   3   99.7
05135   3   98.3
05136   3   99.6
05137   3   98.2
05138   1  100.0
05139   3   98.0
05140   2   99.0
05141   3   98.7
05142   3  100.0
05143   3   98.1
05144   3   99.4
05145   2   98.7
05146   2   97.0
05147   2   96.6
05148   2   98.1
05149   2   96.1
05150   2   95.7
05151   3   97.7
05152   3   96.8
05153   3   98.8
05154   3   98.6
05155   3   96.6
05156   3   97.9
05157   3   99.0
05158   3   98.5
05159   3   99.3
05160   3   98.9
05161   3   99.7
05162   3   99.3
05163   3   95.3
05164   3   97.4
05165   3   99.3
05166   3   98.6
05167   3   98.2
05168   3   97.5
05169   3   99.3
05170   3   98.3
05171   3   98.3
05172   3   97.0
05173   3   97.3
05174   3   95.9
05175   3   94.5
05176   3   98.2
05177   2   96.4
05178   3   98.0
05179   3   97.3
05180   3   99.0
05181   3   97.3
05182   3   96.9
05183   3   99.0
05184   3  100.0
05185   3   98.5
05186   3   99.0
05187   3   97.3
05188   3   96.5
05189   3   97.0
05190   3   97.2
05191   3   97.3
05192   3   95.3
05193   3   96.2
05194   3   98.0
05195   3   95.4
05196   3   97.7
05197   3   95.3
05198   3   97.1
05199   3   96.5
05200   3   98.6
05201   3   99.0
05202   3   97.4
05203   3   98.3
05204   3   98.7
05205   3   98.6
05206   3   96.3
05207   3   98.3
05208   3   96.8
05209   3   97.3
05210   3   96.9
05211   3   95.4
05212   2   96.9
05213   4   98.5
05214   4   98.5
05215   4   97.5
05216   4   97.2
05217   4   97.8
05218   4   98.5
05219   4   98.2
05220   4   97.7
05221   4   99.0
05222   4   98.0
05223   4   94.7
05224   4   97.8
05225   4   99.5
05226   4   98.7
05227   4   99.0
05228   4   97.9
05230   2   97.1
05231   2   95.7
05232   3   97.3
05233   3   97.8
05234   4   96.5
05235   4   98.4
05236   4   96.9
05237   4   94.0
05238   4   97.1
05239   4   94.1
05240   4   96.7
05241   4   98.0
05242   5   95.8
05243   4   96.1
05244   4   97.0
05245   4   94.5
05246   4   97.1
05247   4   96.2
05248   5   98.5
05249   5   99.0
05250   5   98.5
05251   4   99.5
05252   5   98.0
05253   5   97.6
05254   5   97.6
05255   5   95.1
05256   5   99.0
05257   5   96.5
05258   6   96.8
05259   5   96.4
05260   6   98.4
05261   6   98.9
05262   6   98.1
05263   6   98.7
05264   6   97.6
05265   6   98.7
05266   6   98.6
05267   6   98.4
05268   6   97.7
05269   6   97.2
05270   6   97.4
05271   6   97.1
05272   6   97.7
05273   6   98.9
05274   6   98.9
05275   6   98.4
05276   6   98.9
05277   6   96.3
05278   5   97.7
05279   6   98.6
05280   6   97.6
05281   6   97.4
05282   6   97.0
05283   4   99.3
05284   4   98.1
05285   6   98.7
05286   6   98.8
05287   6   99.5
05288   6   98.6
05289   6   99.1
05290   6   99.5
05291   6   98.2
05292   6   96.2
05293   6   98.7
05294   6   97.8
05295   6   97.7
05296   6   97.2
05297   6   98.5
05298   6   96.8
05299   6   99.0
05300   6   98.7
05301   6   99.0
05302   6   98.9
05303   6   97.2
05304   6   98.5
05305   6   97.4
05306   6   98.0
05307   5   97.3
05308   6   99.5
05309   6   99.2
05310   6   98.5
05311   6   97.9
05312   6   99.8
05313   5   98.8
05314   6   99.8
05315   6   98.4
05316   6   97.2
05317   6   97.7
05318   6   97.8
05319   6   98.1
05320   6   98.7
05321   6   98.6
05322   6   97.4
05323   6   98.4
05324   6   98.9
05325   6   98.6
05326   6   99.3
05327   6   99.3
05328   6   98.4
05329   6   99.3
05330   5   99.6
05331   5   99.2
05332   6   99.5
05333   6   98.5
05334   6   98.0
05335   6   97.9
05336   6   96.8
05337   6   98.7
05338   6   98.1
05339   5   98.6
05340   6   97.0
05341   6   98.7
05342   6   97.1
05343   6   97.6
05344   6   96.0
05345   6   99.2
05346   6   96.7
05347   6   93.8
05348   5   99.3
05349   6   97.8
05350   6   94.7
05351   6   96.7
05352   4   97.3
05353   6   95.6
05354   6   93.7
05355   6   95.6
05356   6   95.4
05357   6   97.8
05358   6   96.9
05359   6   96.8
05360   6   97.0
05361   6   96.0
05362   6   97.8
05363   6   96.8
05364   6   95.5
05365   6   95.0
06001   6   95.9
06002   6   95.1
06003   6   96.4
06004   6   96.4
06005   6   96.9
06006   5   91.3
06009   6   96.0
06010   6   95.6
06011   6   97.2
06012   6   95.8
06013   6   96.7
06014   6   96.2
06015   6   96.6
06016   6   93.4
06017   6   96.9
06018   6   94.6
06019   6   93.5
06021   6   96.7
06022   6   97.8
06023   6   96.9
06024   6   97.9
06025   6   95.6
06026   6   95.0
06027   6   94.5
06028   6   94.6
06029   6   96.4
06030   6   96.9
06031   6   97.3
06032   6   95.6
06033   6   95.5
06034   4   96.7
06035   6   96.5
06036   6   95.7
06037   6   92.1
06038   5   96.9
06039   5   95.1
06040   5   96.1
06041   5   97.4
06042   5   97.4
06043   5   96.8
06044   5   95.7
06045   6   96.8
06046   6   95.6
06047   5   94.8
06048   5   95.5
06049   6   95.2
06050   5   94.1
06051   6   95.7
06052   5   95.0
06053   5   95.3
06054   4   95.8
06055   4   96.9
06056   3   96.3
06057   4   96.4
06058   4   95.9
06059   5   94.7
06060   5   95.4
06061   5   97.0
06062   5   96.7
06063   5   96.2
06064   5   95.8
06065   5   96.0
06066   5   97.4
06067   5   95.2
06068   6   94.8
06069   6   94.7
06070   6   97.5
06071   6   97.5
06072   6   95.3
06073   6   97.4
06074   6   96.5
06075   6   97.5
06076   6   97.9
06077   6   97.7
06078   6   97.5
06079   5   97.7
06080   6   96.4
06081   6   97.2
06082   6   97.2
06083   6   95.4
06084   6   96.5
06085   6   96.3
06086   6   95.1
06087   6   97.4
06088   6   97.2
06089   6   96.0
06090   6   96.2
06091   6   95.5
06092   5   96.2
06093   6   95.3
06094   6   95.5
06095   6   96.0
06096   6   93.9
06097   6   95.1
06098   6   96.4
06099   6   94.9
06100   6   94.3
06101   6   96.3
06102   6   94.9
06103   6   96.9
06104   6   95.5
06105   5   95.9
06106   6   96.7
06107   6   95.7
06108   6   96.6
06109   6   96.6
06110   6   96.5
06111   5   95.7
06112   6   96.7
06113   6   94.8
06114   6   95.2
06115   6   95.3
06116   6   96.0
06117   6   96.4
06118   6   96.1
06119   5   96.7
06120   6   96.3
06121   6   96.9
06122   6   97.1
06123   6   96.4
06124   6   96.2
06125   6   92.3
06126   4   93.1
06127   4   97.9
06128   6   96.5
06129   6   96.2
06130   6   95.7
06131   6   96.1
06132   6   95.9
06133   6   95.6
06134   6   96.7
06135   6   96.9
06136   6   92.5
06137   6   94.2
06138   6   95.8
06139   6   95.5
06140   6   96.6
06141   6   97.4
06142   6   95.7
06143   6   96.7
06144   6   95.1
06145   6   95.8
06146   6   94.0
06147   6   95.0
06148   6   95.8
06149   6   96.4
06150   6   96.3
06151   6   95.2
06152   5   96.3
06153   6   95.0
06154   6   94.2
06155   6   93.6
06156   6   95.6
06157   6   94.7
06158   6   94.9
06159   6   96.1
06160   5   95.9
06161   4   96.0
06162   5   96.5
06163   6   90.6
06164   5   91.1
06165   6   95.9
06166   6   95.4
06167   6   94.3
06168   5   94.6
06169   5   93.8
06170   6   93.3
06171   6   95.0
06172   5   94.8
06173   6   93.8
06174   6   96.5
06175   6   94.1
06176   6   93.7
06177   6   94.2
06178   6   92.9
06179   4   93.3
06180   3   94.4
06181   4   96.4
06182   4   95.0
06183   5   96.9
06184   5   91.2
06185   4   95.7
06186   5   96.2
06187   5   90.0
06188   4   95.0
06189   4   95.0
06190   4   92.9
06191   3   90.7
06192   3   91.8
06193   4   93.1
06194   4   93.9
06195   3   94.6
06196   3   95.0
06197   3   98.2
06198   4   94.0
06199   5   94.4
06200   6   95.9
06201   6   93.8
06202   6   94.9
06203   5   94.5
06204   5   95.2
06205   5   96.7
06206   6   95.1
06207   6   94.5
06208   6   94.9
06209   6   93.4
06210   6   96.3
06211   6   94.9
06212   6   95.6
06213   6   96.4
06214   6   96.5
06215   6   97.3
06216   6   96.7
06217   6   96.0
06218   5   94.1
06219   6   96.4
06220   6   94.7
06221   6   96.8
06222   6   97.1
06223   6   96.2
06224   6   95.9
06225   6   96.7
06226   6   97.1
06227   6   96.3
06228   6   96.5
06229   6   95.2
06230   6   94.1
06231   6   95.6
06232   6   96.2
06233   6   95.6
06234   6   96.9
06235   6   96.4
06236   6   95.6
06237   6   96.7
06238   4   96.3
06239   6   96.5
06240   6   96.5
06241   6   96.1
06242   6   97.2
06243   6   96.3
06244   6   96.5
06245   6   97.3
06246   5   97.1
06247   6   94.3
06248   6   92.3
06249   6   95.9
06250   5   95.4
06251   5   97.1
06252   5   98.0
06253   5   95.9
06254   5   96.6
06255   5   96.9
06256   5   96.4
06257   4   96.2
06258   3   94.8
06259   5   96.0
06260   3   96.7
06261   4   95.5
06262   4   95.5
06263   5   95.7
06264   5   97.5
06265   6   97.2
06266   6   96.2
06267   6   93.2
06268   6   96.1
06269   6   96.2
06270   5   97.8
06271   5   95.9
06272   5   94.0
06273   4   97.7
06274   6   92.6
06275   5   94.9
06276   6   97.8
06277   5   95.9
06278   5   97.6
06279   6   97.4
06280   6   96.8
06281   6   97.7
06282   6   98.1
06283   6   96.9
06284   5   97.6
06285   6   97.5
06286   6   95.6
06287   6   95.6
06288   6   95.7
06289   6   95.8
06290   6   96.1
06291   6   96.3
06292   6   96.1
06293   6   95.9
06294   6   94.4
06295   6   94.9
06296   6   94.1
06297   6   91.0
06298   6   90.7
06299   6   94.6
06300   6   95.9
06301   6   95.4
06302   6   94.7
06303   6   95.8
06304   6   94.3
06305   6   93.4
06306   6   94.8
06307   5   95.4
06308   5   95.6
06309   5   95.4
06310   6   94.5
06311   6   93.9
06312   6   94.9
06313   5   94.9
06314   6   95.0
06315   6   93.5
06316   5   85.2
06317   4   94.0
06318   6   94.5
06319   5   92.6
06320   5   94.2
06321   6   92.0
06322   6   95.2
06323   6   96.1
06324   6   94.1
06325   6   95.2
06326   6   95.3
06327   5   93.3
06328   6   94.0
06329   6   92.0
06330   6   93.7
06331   6   94.7
06332   6   95.2
06333   5   94.8
06334   6   92.7
06335   5   95.2
06336   5   96.2
06337   6   95.3
06338   6   93.9
06339   6   95.1
06340   6   92.6
06341   6   93.7
06342   5   93.6
06343   5   95.5
06344   6   93.6
06345   6   95.4
06346   5   92.6
06347   5   95.7
06348   6   94.5
06349   4   91.9
06352   4   92.7
06353   6   92.1
06354   6   93.3
06355   6   93.7
06356   6   93.9
06357   6   93.4
06358   5   93.3
06359   5   93.8
06360   5   92.8
06361   5   91.8
06362   5   93.7
06363   6   93.7
06364   5   93.4
06365   6   93.4
07001   6   93.2
07002   6   93.1
07003   5   90.5
07004   5   89.9
07005   5   92.9
07006   5   92.9
07007   5   92.9
07008   5   92.6
07009   6   93.8
07010   5   92.3
07011   5   91.8
07012   5   90.7
07013   4   92.9
07014   4   92.9
07015   5   92.9
07016   6   92.4
07017   6   93.8
07018   6   92.5
07019   5   93.5
07020   5   94.6
07021   5   91.7
07022   5   93.4
07023   6   93.7
07024   5   94.7
07025   6   94.5
07026   6   94.7
07027   6   94.5
07028   6   92.7
07029   6   92.8
07030   6   92.4
07031   6   93.5
07032   6   92.0
07033   5   92.9
07034   6   93.1
07035   6   93.9
07036   6   93.1
07037   6   94.2
07038   5   94.8
07039   3   95.5
07040   6   92.8
07041   6   94.2
07042   6   93.7
07043   5   91.3
07044   6   90.8
07045   6   94.6
07046   6   93.7
07047   6   94.4
07048   6   94.9
07049   6   93.8
07050   5   94.4
07051   6   89.9
07052   6   91.0
07053   6   94.3
07054   6   93.3
07055   6   94.0
07056   6   94.5
07057   6   93.3
07058   5   94.4
07059   5   93.8
07060   6   92.9
07061   6   94.7
07062   6   93.7
07063   6   93.2
07064   6   92.7
07065   6   93.4
07066   6   93.3
07067   6   93.4
07068   6   95.0
07069   6   92.4
07070   6   93.7
07071   6   94.3
07072   6   94.3
07073   6   93.2
07074   6   88.8
07075   6   93.6
07076   6   93.9
07077   6   93.8
07078   6   93.6
07079   6   94.1
07080   6   92.4
07081   6   93.7
07082   6   93.7
07083   6   93.3
07084   6   92.7
07085   5   91.8
07086   5   93.6
07087   6   94.3
07088   6   94.3
07089   6   94.4
07090   6   94.1
07091   5   94.4
07092   5   92.2
07093   6   91.6
07094   6   89.3
07095   5   93.9
07096   6   93.5
07097   6   93.8
07098   6   94.1
07099   6   93.2
07100   5   94.0
07101   5   92.9
07102   6   90.7
07103   6   91.8
07104   6   94.0
07105   6   92.6
07106   6   93.9
07107   6   93.5
07108   6   91.0
07109   6   93.6
07110   6   93.8
07111   6   94.7
07112   6   92.9
07113   6   92.0
07114   6   92.0
07115   6   93.2
07116   5   91.8
07117   5   93.6
07118   6   94.8
07119   5   93.6
07120   5   93.6
07121   6   93.6
07122   6   93.5
07123   6   92.8
07124   6   93.9
07125   5   95.2
07126   5   94.7
07127   5   92.5
07128   6   89.6
07129   6   94.4
07130   6   91.5
07131   6   92.9
07132   6   92.3
07133   6   90.5
07134   6   92.6
07135   6   93.7
07136   6   93.3
07137   6   94.1
07138   5   94.3
07139   5   93.1
07140   6   93.5
07141   6   91.6
07142   6   89.6
07143   5   88.9
07144   5   92.3
07145   6   92.1
07146   6   91.6
07147   5   92.1
07148   5   93.8
07149   4   93.2
07150   6   93.2
07151   5   94.2
07152   6   93.2
07153   6   92.9
07154   6   93.2
07155   6   92.0
07156   6   92.7
07157   5   89.6
07158   6   93.0
07159   6   91.9
07160   6   90.9
07161   6   90.1
07162   6   91.8
07163   6   89.1
07164   6   88.9
07165   6   89.9
07166   6   90.9
07167   6   90.4
07168   6   91.7
07169   6   91.0
07170   6   90.7
07171   6   88.0
07172   5   91.6
07173   5   91.2
07174   5   91.2
07175   5   90.8
07176   5   90.0
07177   5   91.3
07178   5   91.8
07179   4   91.6
07180   5   92.3
07181   5   92.3
07182   6   91.9
07183   6   91.4
07184   6   92.1
07185   5   91.6
07186   5   93.0
07187   5   91.3
07188   5   93.2
07189   5   93.4
07190   5   90.8
07191   6   93.9
07192   6   89.9
07193   5   93.7
07194   5   90.0
07195   6   90.8
07196   6   91.7
07197   6   90.4
07198   5   91.1
07199   6   91.0
07200   6   90.8
07201   5   91.1
07204   5   92.9
07205   6   91.6
07206   6   93.4
07207   6   93.4
07208   6   91.8
07209   6   92.5
07210   6   92.1
07211   6   92.3
07212   6   93.1
07213   6   91.1
07214   6   91.2
07215   6   94.5
07216   6   91.5
07217   6   91.1
07218   6   90.6
07219   6   91.8
07220   5   91.7
07221   6   92.8
07222   6   93.4
07223   6   93.1
07224   6   93.2
07225   6   91.5
07226   6   94.0
07227   6   93.6
07228   6   91.1
07229   6   90.0
07230   6   92.8
07231   6   90.2
07232   6   92.7
07233   6   92.4
07234   6   93.0
07235   6   92.4
07236   6   95.0
07237   6   93.8
07238   6   92.9
07239   6   91.8
07240   6   91.0
07241   6   91.0
07242   6   93.5
07243   6   94.2
07244   6   94.2
07245   6   94.3
07246   5   91.3
07247   5   91.2
07248   5   92.6
07249   5   93.2
07250   5   91.4
07251   6   93.4
07252   6   93.7
07253   6   92.7
07254   5   93.7
07255   5   93.3
07256   6   93.0
07257   6   92.9
07258   6   91.2
07259   6   91.5
07260   6   93.2
07261   6   94.2
07262   6   94.0
07263   6   92.4
07264   6   94.4
07265   6   93.8
07266   6   94.4
07267   6   92.4
07268   6   93.5
07269   6   94.4
07270   6   94.7
07271   6   94.7
07272   6   94.2
07273   6   94.7
07274   6   94.4
07275   6   93.2
07276   6   93.8
07277   6   94.0
07278   6   93.3
07279   6   93.9
07280   6   95.5
07281   6   91.7
07282   6   95.2
07283   6   94.6
07284   6   94.8
07285   6   93.4
07286   6   94.2
07287   6   94.4
07288   6   94.6
07289   6   93.3
07290   6   91.1
07291   5   90.5
07292   5   93.4
07293   6   94.2
07294   6   94.8
07295   6   94.0
07296   6   93.6
07297   5   94.9
07298   5   93.9
07299   6   93.3
07300   6   93.1
07301   6   93.3
07302   6   93.0
07303   6   93.5
07304   6   92.7
07305   6   91.9
07306   5   91.6
07307   4   93.0
07308   5   92.9
07309   6   92.6
07310   5   92.6
07311   5   93.1
07312   5   93.4
07313   6   92.2
07314   6   91.8
07315   6   92.1
07316   6   93.2
07317   6   91.6
07318   5   92.9
07319   6   92.3
07320   6   92.2
07321   6   92.9
07322   5   92.6
07323   5   90.5
07324   6   90.9
07325   6   93.2
07326   6   93.2
07327   6   91.4
07328   6   92.0
07329   6   92.2
07330   6   90.2
07331   6   93.0
07332   4   94.3
07333   6   91.8
07334   4   92.4
07335   5   92.9
07336   5   91.9
07337   5   92.1
07338   4   90.0
07339   4   90.5
07340   5   90.6
07341   4   91.0
07342   5   91.1
07343   5   89.5
07344   5   91.0
07345   3   89.1
07346   4   90.6
07347   5   90.3
07348   5   88.4
07349   5   91.0
07350   5   90.7
07351   5   92.2
07352   5   89.4
07353   5   88.2
07354   5   91.9
07355   5   92.8
07356   5   93.5
07357   5   92.2
07358   6   91.3
07359   6   91.6
07360   6   91.2
07361   5   91.6
07362   6   91.8
07363   6   92.1
07364   7   92.7
07365   7   91.6
08001   6   92.0
08002   6   91.8
08003   6   90.6
08004   6   90.4
08005   5   87.6
08006   6   89.4
08007   6   89.4
08008   6   90.3
08009   6   90.1
08010   5   87.3
08011   6   89.0
08012   6   88.6
08013   6   91.0
08014   6   91.7
08015   6   90.3
08016   6   88.1
08017   6   93.2
08018   6   88.6
08019   6   87.2
08020   6   90.3
08021   6   85.2
08022   5   91.5
08023   6   88.6
08024   6   91.6
08025   5   90.5
08026   5   90.2
08027   5   89.1
08028   5   87.3
08029   4   86.7
08040   5   89.8
08041   5   87.7
08042   5   88.3
08043   5   88.3
08044   5   91.0
08045   5   90.2
08046   5   86.1
08047   5   87.9
08048   5   88.9
08049   5   87.6
08050   5   80.8
08051   5   87.3
08052   4   88.9
08053   4   86.5
08054   5   89.3
08055   5   90.4
08056   5   86.4
08057   3   86.2
08058   5   88.6
08059   6   84.7
08060   6   88.2
08061   4   83.9
08062   5   88.5
08063   5   89.3
08064   6   90.0
08065   6   83.9
08066   5   88.9
08067   6   88.4
08068   6   89.5
08069   6   89.2
08070   5   82.8
08071   6   89.3
08072   5   88.2
08073   6   80.4
08074   6   89.2
08075   6   90.0
08076   6   89.4
08077   6   90.2
08078   6   88.9
08079   6   89.9
08080   4   89.8
08081   5   88.6
08082   6   90.5
08083   6   89.6
08084   6   87.1
08085   5   84.5
08086   5   87.7
08087   6   86.1
08088   5   87.9
08089   6   86.1
08090   6   86.4
08091   6   89.1
08092   6   87.0
08093   5   87.5
08094   5   88.8
08095   6   88.8
08096   6   88.5
08097   5   87.4
08098   6   88.4
08099   5   88.1
08100   5   87.5
08101   5   89.0
08102   5   87.2
08103   5   87.7
08104   4   87.8
08105   5   88.1
08106   5   81.8
08107   5   88.1
08108   5   89.0
08109   5   89.3
08110   5   88.8
08111   5   89.5
08112   5   89.2
08113   3   87.7
08114   3   85.6
08115   5   87.9
08116   4   88.0
08117   5   89.4
08118   5   90.0
08119   5   86.2
08120   5   89.9
08121   4   90.9
08122   4   90.9
08123   5   88.6
08124   5   89.3
08125   5   89.7
08126   5   89.6
08127   5   88.5
08128   5   82.6
08129   5   89.6
08130   5   89.7
08131   5   89.9
08132   5   89.4
08133   5   89.8
08134   5   87.4
08135   4   91.2
08136   5   89.9
08137   6   89.5
08138   5   89.5
08139   4   88.0
08140   5   87.0
08141   5   87.8
08142   5   86.1
08143   6   88.5
08144   6   87.6
08145   6   88.6
08146   5   90.7
08147   5   86.9
08148   5   88.5
08149   6   87.9
08150   6   87.4
08151   6   86.7
08152   6   86.4
08153   6   90.1
08154   6   87.5
08155   6   86.9
08156   6   88.3
08157   6   90.2
08158   6   88.2
08159   5   88.7
08160   5   88.6
08161   6   88.5
08162   6   86.6
08163   5   84.7
08164   5   88.0
08165   5   89.6
08166   5   90.0
08167   5   84.1
08168   5   86.9
08169   5   89.0
08170   6   87.8
08171   6   88.2
08172   6   88.2
08173   6   88.6
08174   6   85.1
08175   6   85.2
08176   6   86.1
08177   6   85.0
08178   6   87.0
08179   4   81.0
08180   6   88.2
08181   6   86.0
08182   6   78.2
08183   6   85.3
08184   6   85.7
08185   5   86.2
08186   6   85.8
08187   5   83.7
08188   4   80.8
08189   5   84.8
08190   6   89.0
08191   6   89.2
08192   6   86.1
08193   6   83.4
08194   6   87.3
08195   6   88.5
08196   6   85.4
08197   6   86.3
08198   6   87.3
08199   6   87.6
08200   6   87.4
08201   6   85.2
08202   6   84.5
08203   6   87.2
08209   6   88.5
08210   6   87.7
08211   6   87.8
08212   6   88.4
08213   5   88.3
08214   5   86.9
08215   5   88.9
08216   5   86.6
08217   5   87.8
08218   4   91.8
08219   6   89.0
08220   5   86.8
08221   4   88.6
08222   6   89.2
08223   5   89.8
08224   6   87.8
08225   6   88.3
08226   6   84.9
08227   6   88.5
08228   6   89.1
08229   6   89.4
08230   6   85.6
08231   6   89.0
08232   6   82.8
08233   6   86.0
08234   6   88.5
08235   6   87.6
08236   5   85.3
08237   5   89.9
08238   6   87.9
08239   6   89.1
08240   6   88.9
08241   6   88.8
08242   6   90.2
08243   6   89.9
08244   5   87.5
08245   6   86.3
08246   6   87.6
08247   6   86.6
08248   6   77.5
08249   6   82.5
08250   5   88.0
08251   6   88.7
08252   6   89.1
08253   6   88.2
08254   5   84.7
08255   6   86.2
08256   6   88.1
08257   6   90.0
08258   5   88.7
08259   6   89.3
08260   6   88.2
08261   6   91.7
08262   6   89.2
08263   6   89.8
08264   6   90.2
08265   6   89.1
08266   6   88.4
08267   6   90.3
08268   6   89.3
08269   6   89.2
08270   6   90.5
08271   6   90.0
08272   6   90.6
08273   6   88.7
08274   6   89.5
08275   6   89.1
08276   6   90.0
08277   6   89.4
08278   6   87.7
08279   5   89.3
08280   5   89.2
08281   6   87.5
08282   6   89.5
08283   6   90.9
08284   6   89.8
08285   6   89.5
08286   6   88.8
08287   5   89.8
08288   6   86.5
08289   6   89.7
08290   6   85.5
08291   6   89.9
08292   5   89.2
08293   5   88.5
08294   6   88.8
08295   6   88.9
08296   6   89.6
08297   6   90.4
08298   6   88.6
08299   6   87.8
08300   5   88.5
08301   5   87.2
08302   6   84.2
08303   6   84.5
08304   6   88.8
08305   6   89.9
08306   6   89.7
08307   5   90.0
08308   6   86.7
08309   6   88.3
08310   4   88.2
08311   4   88.1
08312   6   89.6
08313   4   87.2
08314   4   85.9
08315   6   89.9
08316   6   89.0
08317   6   88.9
08318   5   84.4
08319   5   89.9
08320   6   89.8
08321   6   83.1
08322   6   86.5
08323   6   85.5
08324   6   87.6
08325   6   87.2
08326   5   89.8
08327   6   90.4
08328   6   90.2
08329   6   89.1
08330   6   88.9
08331   6   87.3
08332   6   88.6
08333   5   88.3
08334   5   88.2
08335   5   89.3
08336   6   90.3
08337   6   89.0
08338   6   89.3
08339   5   89.3
08340   6   88.0
08341   5   86.7
08342   6   89.5
08343   6   90.3
08344   5   88.1
08345   6   90.5
08346   6   83.1
08347   6   83.0
08348   4   86.8
08349   5   90.7
08350   6   89.6
08351   6   88.9
08352   6   88.8
08353   6   90.4
08354   6   89.2
08355   5   88.5
08356   5   88.7
08357   6   88.6
08358   6   88.7
08359   6   88.4
08360   6   90.2
08361   6   89.9
08362   6   89.4
08363   6   89.7
08364   6   85.0
08365   5   89.7
09002   5   88.6
09003   6   90.6
09004   6   89.0
09005   5   86.0
09006   6   88.0
09007   6   88.6
09008   6   90.8
09009   6   91.9
09010   6   89.5
09011   6   89.0
09012   6   85.4
09013   6   86.4
09014   6   83.5
09015   6   88.6
09016   6   85.6
09017   6   90.0
09018   5   89.4
09019   4   90.3
09020   6   89.6
09021   5   87.8
09022   6   90.2
09023   6   89.4
09024   6   89.2
09025   6   90.1
09026   6   88.3
09027   6   90.6
09028   6   88.9
09029   6   88.0
09030   6   83.4
09031   6   86.5
09032   6   88.4
09033   5   82.2
09034   5   83.6
09035   6   85.5
09036   6   90.8
09037   5   86.8
09038   6   87.3
09039   6   87.6
09040   6   89.9
09041   5   83.7
09042   6   84.7
09043   6   83.1
09044   5   91.3
09045   5   90.5
09046   4   88.7
09047   5   90.4
09048   6   88.5
09049   6   89.7
09050   6   89.5
09051   6   90.0
09052   5   88.9
09053   5   88.3
09054   5   87.0
09055   6   86.6
09056   6   86.2
09057   5   86.7
09058   6   88.3
09059   6   89.5
09060   6   88.8
09061   6   89.0
09062   6   87.9
09063   5   90.0
09064   6   89.1
09065   6   89.5
09066   6   89.7
09067   6   90.3
09068   6   88.9
09069   6   89.2
09070   6   88.5
09071   6   86.3
09072   6   89.9
09073   6   88.1
09074   6   88.9
09075   6   88.6
09076   6   90.6
09077   4   89.4
09078   4   86.4
09079   6   89.7
09080   5   89.8
09081   5   89.3
09082   6   90.2
09083   5   89.5
09084   3   86.7
09085   6   89.2
09086   5   88.9
09087   6   89.9
09088   5   88.7
09089   5   85.7
09090   6   87.6
09091   6   89.8
09092   6   87.6
09093   6   88.0
09094   6   88.8
09095   6   89.5
09096   6   89.3
09097   6   87.7
09098   4   90.0
09099   5   88.2
09100   5   89.4
09101   5   88.6
09102   5   88.7
09103   5   87.9
09104   5   88.6
09105   5   88.8
09106   5   87.8
09107   5   87.7
09108   5   88.5
09109   5   88.7
09110   5   87.8
09111   5   79.6
09112   5   87.5
09113   3   88.7
09114   4   89.7
09115   5   88.9
09116   5   87.5
09117   5   83.9
09118   5   87.3
09119   5   87.0
09120   5   87.9
09121   5   85.9
09122   5   86.7
09123   5   87.7
09124   5   85.0
09125   5   86.1
09126   5   88.2
09127   5   87.3
09128   6   89.1
09129   6   89.1
09130   6   89.9
09131   6   89.8
09132   6   88.9
09133   6   89.0
09134   6   88.6
09135   6   89.8
09136   6   90.4
09137   6   87.3
09138   5   83.8
09139   6   88.2
09140   6   89.3
09141   6   88.0
09142   6   86.5
09143   6   89.2
09144   6   88.7
09145   6   85.8
09146   6   87.7
09147   6   88.2
09148   6   90.5
09149   6   84.2
09150   5   91.5
09151   5   91.3
09152   6   88.5
09153   6   89.0
09154   6   87.8
09155   6   88.5
09156   5   87.5
09157   5   90.1
09158   6   85.8
09159   6   90.2
09160   5   89.8
09161   6   89.7
09162   6   86.8
09163   6   87.7
09164   5   90.0
09165   5   88.8
09166   6   88.0
09167   6   84.7
09168   6   83.4
09169   5   85.6
09170   5   81.7
09171   6   86.7
09172   6   87.4
09173   6   88.3
09174   6   89.4
09175   5   88.6
09176   6   89.0
09177   6   87.2
09178   6   87.3
09179   6   88.0
09180   6   86.3
09181   6   85.5
09182   6   86.5
09183   6   88.2
09184   6   83.8
09185   6   87.1
09186   6   87.7
09187   5   88.1
09188   6   88.8
09189   6   89.1
09190   6   88.3
09191   6   89.0
09192   6   89.1
09193   6   90.6
09194   6   88.7
09195   6   88.2
09196   6   85.8
09197   6   87.6
09198   5   89.2
09199   5   86.3
09200   5   89.4
09201   6   82.0
09202   6   89.5
09203   6   87.5
09204   6   87.0
09205   6   89.8
09206   6   88.8
09207   6   88.9
09208   6   89.9
09209   6   88.5
09210   6   88.4
09211   6   81.2
09212   6   87.2
09213   6   87.9
09214   6   88.1
09215   6   90.3
09216   6   89.0
09217   6   87.9
09218   6   86.5
09219   6   86.8
09220   6   86.2
09221   6   87.8
09222   5   88.3
09223   6   85.6
09224   6   82.2
09225   6   88.4
09226   6   86.7
09227   6   88.7
09228   6   86.2
09229   6   85.3
09230   6   85.4
09231   6   88.9
09232   6   87.4
09233   5   87.3
09234   5   89.5
09235   5   89.6
09236   6   88.7
09237   6   84.9
09238   6   85.7
09239   6   88.5
09240   6   86.0
09241   6   86.1
09242   6   87.1
09243   6   88.4
09244   6   85.8
09245   4   85.1
09246   4   81.9
09247   5   83.3
09248   5   87.9
09249   5   90.4
09250   5   88.1
09251   5   87.4
09252   6   88.5
09253   6   87.1
09254   6   80.7
09255   6   86.0
09256   6   86.5
09257   6   88.8
09258   6   87.2
09259   6   88.8
09260   6   88.1
09261   6   86.0
09262   6   87.0
09263   6   88.4
09264   6   86.8
09265   6   88.7
09266   6   89.9
09267   6   88.0
09268   6   87.2
09269   6   87.8
09270   6   88.2
09271   6   88.1
09272   6   87.2
09273   3   84.8
09274   5   87.4
09275   5   83.3
09276   6   89.1
09277   6   88.0
09278   6   81.7
09279   5   88.1
09280   6   87.1
09281   5   85.7
09282   6   88.4
09283   6   87.5
09284   6   87.5
09285   6   87.2
09286   5   86.4
09287   3   86.3
09288   6   79.1
09289   6   88.1
09290   5   88.5
09291   5   88.9
09292   5   88.9
09293   6   86.0
09294   6   88.2
09295   6   82.6
09296   6   83.9
09297   6   87.0
09298   6   84.7
09299   6   86.2
09300   6   86.7
09301   6   88.5
09302   6   86.3
09303   6   82.7
09304   6   86.4
09305   6   87.2
09306   6   86.2
09307   6   86.4
09308   6   85.7
09309   5   87.5
09310   5   86.5
09311   5   89.1
09312   5   88.4
09313   5   89.2
09314   5   87.1
09315   5   87.4
09316   5   86.7
09317   5   82.0
09318   5   88.2
09319   5   86.8
09320   5   88.0
09321   5   90.8
09322   5   87.5
09323   5   90.5
09324   5   87.7
09325   5   90.1
09326   5   89.7
09327   5   91.0
09328   5   84.4
09329   5   87.7
09330   5   89.0
09331   5   90.5
09332   5   91.3
09333   5   90.3
09334   5   90.0
09335   5   89.8
09336   5   91.5
09337   5   90.2
09338   5   90.6
09339   5   90.1
09340   5   90.4
09341   5   89.0
09342   5   84.2
09343   5   85.1
09344   5   84.1
09345   5   83.9
09346   5   89.3
09347   5   87.5
09348   5   87.7
09349   5   88.0
09350   5   91.0
09351   5   90.8
09352   5   89.6
09353   5   90.1
09354   5   90.2
09355   5   89.2
09356   5   90.3
09357   5   90.6
09358   5   88.7
09359   5   90.0
09360   5   91.2
09361   5   89.8
09362   5   87.5
09363   5   90.9
09364   5   89.7
09365   5   89.5
10001   5   89.6
10002   5   90.8
10003   5   92.0
10004   5   90.6
10005   5   90.4
10006   5   89.4
10007   5   90.0
10008   5   91.1
10009   5   90.7
10010   5   90.0
10011   5   89.7
10012   5   91.0
10013   5   90.4
10014   5   89.6
10015   5   90.8
10016   5   90.6
10017   5   89.8
10018   5   86.0
10019   5   90.9
10020   5   90.6
10021   5   91.9
10022   5   88.9
10023   5   91.4
10024   5   90.8
10025   5   90.5
10026   5   84.8
10027   5   89.3
10028   5   90.1
10029   5   88.6
10030   5   90.1
10031   5   90.4
10032   5   90.0
10033   5   90.5
10034   5   92.2
10035   5   90.6
10036   5   87.3
10037   5   90.0
10038   5   90.3
10039   5   86.5
10040   5   87.8
10041   5   89.2
10042   5   89.5
10043   6   85.1
10044   5   89.3
10045   5   88.8
10046   5   82.1
10047   5   88.2
10048   4   87.7
10049   5   91.1
10050   5   85.8
10051   5   91.0
10052   5   90.8
10053   5   87.1
10054   5   88.1
10055   5   87.1
10056   5   87.7
10057   5   91.2
10058   5   91.2
10059   5   90.5
10060   5   91.3
10061   5   88.5
10062   5   90.5
10063   5   88.6
10064   5   90.6
10065   5   91.3
10066   5   89.7
10067   5   90.6
10068   5   88.6
10069   5   88.7
10070   5   92.0
10071   5   87.8
10072   5   91.1
10073   4   87.1
10074   5   87.4
10075   5   90.5
10076   5   90.8
10077   5   91.2
10078   5   89.7
10079   5   89.7
10080   5   89.3
10081   5   91.1
10082   5   83.7
10083   5   91.3
10084   5   88.6
10085   5   88.6
10086   5   90.7
10087   5   90.8
10088   5   91.4
10089   5   89.8
10090   5   89.4
10091   3   85.8
10092   5   89.5
10093   2   84.0
10094   1   92.6
10095   2   68.6
10096   2   91.3
10097   4   87.0
10098   2   85.4
10099   5   86.2
10100   5   89.2
10101   5   91.3
10102   5   91.7
10103   5   91.2
10104   5   90.3
10105   5   90.9
10106   5   87.0
10107   5   89.9
10108   5   89.2
10109   5   89.3
10110   4   91.0
10111   5   90.5
10112   5   84.8
10113   5   89.4
10114   4   87.8
10115   5   90.1
10116   5   90.3
10117   5   90.8
10118   5   90.1
10119   5   83.9
10120   5   86.8
10121   5   90.5
10122   5   88.5
10123   5   86.5
10124   5   90.5
10125   5   90.5
10126   5   89.8
10127   5   88.8
10128   5   91.4
10129   5   89.8
10130   5   89.2
10131   5   90.4
10132   5   86.7
10133   5   90.5
10134   5   90.5
10135   5   90.4
10136   5   90.6
10137   5   86.5
10138   5   90.8
10139   5   90.2
10140   5   90.6
10141   5   90.8
10142   5   88.2
10143   5   88.0
10144   5   87.3
10145   5   85.5
10146   5   86.7
10147   5   89.4
10148   5   89.3
10149   5   87.7
10150   5   88.6
10151   5   86.9
10152   5   87.6
10153   5   89.5
10154   5   91.5
10155   6   88.6
10156   6   87.6
10157   6   84.5
10158   6   85.7
10159   6   86.2
10160   6   80.8
10161   6   83.9
10162   6   82.3
10163   6   87.1
10164   5   88.0
10165   6   85.7
10166   6   89.2
10167   5   88.8
10168   5   87.3
10169   6   90.2
10170   5   88.9
10171   7   92.8
10172   7   91.5
10173   5   88.8
10174   5   89.7
10175   5   86.0
10176   5   85.4
10177   6   87.8
10178   6   87.8
10179   6   87.0
10180   5   84.9
10181   6   88.3
10182   6   87.1
10183   6   88.1
10184   6   86.3
10185   6   82.5
10186   6   85.0
10187   5   88.2
10188   5   90.5
10189   6   88.1
10190   6   88.3
10191   6   88.2
10192   6   86.9
10193   6   86.8
10194   6   88.8
10195   6   87.9
10196   6   84.0
10197   6   88.3
10198   6   86.5
10199   6   89.4
10200   6   90.4
10201   6   89.6
10202   6   84.7
10203   6   84.6
10204   6   89.1
10205   6   89.8
10206   6   88.3
10207   6   83.0
10208   6   84.7
10209   6   87.7
10210   5   83.3
10211   5   90.5
10212   6   89.8
10213   6   87.7
10214   6   87.9
10215   6   86.4
10216   6   81.1
10217   6   88.9
10218   5   88.7
10219   6   90.2
10220   6   87.3
10221   6   86.4
10222   6   86.5
10223   6   88.8
10224   6   86.4
10225   6   84.0
10226   5   89.0
10227   6   85.8
10228   6   87.5
10229   5   88.5
10230   4   88.5
10231   6   86.7
10232   6   86.6
10233   6   88.4
10234   6   87.4
10235   6   87.3
10236   6   83.5
10237   6   88.3
10238   6   87.7
10239   6   86.7
10240   6   86.9
10241   6   86.4
10242   5   88.4
10243   6   88.1
10244   5   84.7
10245   6   88.7
10246   6   88.4
10247   6   86.9
10248   6   88.6
10249   6   87.2
10250   6   85.9
10251   5   79.6
10252   6   86.2
10253   6   89.0
10254   6   88.3
10255   6   89.0
10256   6   87.5
10257   6   87.4
10258   6   87.5
10259   6   79.7
10260   6   87.0
10261   6   84.2
10262   6   86.9
10263   6   88.6
10264   6   85.9
10265   6   86.3
10266   5   89.5
10267   6   86.8
10268   5   89.5
10269   5   90.2
10270   5   89.5
10271   5   88.4
10272   6   88.1
10273   6   88.0
10274   6   87.7
10275   6   87.3
10276   5   89.8
10277   6   85.7
10278   6   88.3
10279   6   87.0
10280   6   85.6
10281   6   88.2
10282   6   87.1
10283   6   86.9
10284   6   85.3
10285   6   88.4
10286   6   85.3
10287   5   89.3
10288   5   83.8
10289   6   86.9
10290   6   87.9
10291   6   88.5
10292   6   86.4
10293   6   86.6
10294   6   86.5
10295   6   86.0
10296   6   87.9
10297   6   85.9
10298   5   82.5
10299   6   86.0
10300   6   87.4
10301   6   84.9
10302   6   85.7
10303   5   86.5
10304   5   86.0
10305   6   86.8
10306   6   88.2
10307   6   84.1
10308   6   84.4
10309   6   86.6
10310   6   85.9
10311   5   88.4
10312   5   89.0
10313   3   82.5
10314   6   87.7
10315   6   87.2
10316   6   85.2
10317   6   86.5
10318   6   84.9
10319   5   84.1
10320   6   82.3
10321   5   87.2
10322   6   85.8
10323   5   85.9
10324   6   86.7
10325   5   85.9
10326   5   84.8
10327   6   82.5
10328   5   86.5
10329   5   84.3
10330   6   83.2
10331   5   88.3
10339   5   87.3
10340   6   85.1
10341   6   82.9
10342   6   84.5
10343   6   85.7
10344   6   86.3
10345   6   86.6
10346   6   88.8
10347   5   87.5
10348   6   85.7
10349   6   85.4
10350   5   83.8
10351   6   84.6
10352   6   86.3
10353   6   87.6
10354   6   82.3
10355   6   84.4
10356   6   88.4
10357   5   87.8
10358   6   86.0
10359   6   86.2
10360   6   87.2
10361   6   87.2
10362   5   88.9
10363   6   86.8
10364   6   87.7
10365   6   87.3
11001   6   85.9
11002   6   84.2
11003   6   88.8
11004   6   88.1
11005   6   88.7
11006   6   87.5
11007   6   87.9
11008   6   85.7
11009   6   86.9
11010   6   89.1
11011   6   85.3
11012   6   88.8
11013   6   87.8
11014   6   85.3
11015   6   87.7
11016   6   88.5
11017   6   86.7
11018   5   78.3
11019   6   85.5
11020   6   87.8
11021   6   86.9
11022   5   85.7
11023   6   88.6
11024   6   89.1
11025   6   84.5
11026   6   89.2
11027   6   89.7
11028   6   87.0
11029   5   90.3
11030   5   90.1
11031   6   87.5
11032   5   89.9
11033   6   88.7
11034   6   88.5
11035   6   87.9
11036   6   85.3
11037   6   88.4
11038   5   89.8
11039   6   85.7
11040   6   85.0
11041   5   82.0
11042   5   85.8
11043   5   90.0
11044   6   89.2
11045   5   88.1
11046   6   84.7
11047   6   88.1
11048   6   88.5
11049   6   89.0
11050   6   88.7
11051   5   89.8
11052   5   87.3
11053   5   83.4
11054   5   86.7
11055   5   85.5
11056   6   88.7
11057   6   88.9
11058   6   89.1
11059   6   89.1
11060   5   84.9
11061   6   89.2
11062   6   85.1
11063   6   87.5
11064   6   87.6
11065   6   87.1
11066   6   87.9
11067   6   87.5
11068   6   81.9
11069   6   77.4
11070   6   88.9
11071   6   87.8
11072   6   87.3
11073   6   85.4
11074   6   85.1
11075   4   83.6
11076   6   87.1
11077   6   87.4
11078   6   88.5
11079   6   88.6
11080   6   84.1
11081   6   86.7
11082   6   88.3
11083   6   86.5
11084   6   86.3
11085   6   85.9
11086   6   88.8
11087   6   85.9
11088   6   87.9
11089   6   87.5
11090   6   85.5
11091   6   85.5
11092   6   83.5
11093   6   82.6
11094   6   85.5
11095   6   84.3
11096   6   85.7
11097   6   86.2
11098   6   88.2
11099   6   87.4
11100   6   84.3
11101   6   85.5
11102   6   87.3
11103   5   84.8
11104   4   91.0
11105   5   88.7
11106   4   86.6
11107   5   90.9
11108   5   90.2
11109   6   80.1
11110   6   86.2
11111   6   87.0
11112   6   87.2
11113   6   88.4
11114   5   88.6
11115   6   87.4
11116   6   88.8
11117   6   88.7
11118   5   86.8
11119   6   88.2
11120   6   88.6
11121   6   88.1
11122   6   85.7
11123   6   88.0
11124   6   87.7
11125   6   82.5
11126   6   87.3
11127   6   87.6
11128   6   87.5
11129   5   88.1
11130   6   87.6
11131   6   85.2
11132   6   85.8
11133   6   84.5
11134   6   86.3
11135   6   84.2
11136   6   86.9
11137   5   81.6
11138   6   87.1
11139   6   85.7
11140   6   87.2
11141   6   83.6
11142   6   84.0
11143   6   85.1
11144   6   84.2
11145   6   86.3
11146   5   82.7
11147   6   85.3
11148   6   88.3
11149   6   85.9
11150   6   84.6
11151   6   84.9
11152   6   86.5
11153   6   86.9
11154   6   83.1
11155   6   84.6
11156   6   85.7
11157   6   82.5
11158   6   86.0
11159   6   87.5
11160   6   87.2
11161   5   87.9
11162   6   88.3
11163   6   87.8
11164   6   85.7
11165   6   86.0
11166   6   86.3
11167   6   83.6
11168   6   86.4
11169   6   85.4
11170   6   86.1
11171   6   87.2
11172   6   86.3
11173   6   79.3
11174   6   88.5
11175   6   86.8
11176   6   88.1
11177   6   86.8
11178   6   84.1
11179   6   77.3
11180   6   80.5
11181   6   84.3
11182   5   83.2
11183   6   87.5
11184   6   87.2
11185   6   84.3
11186   6   85.3
11187   6   86.4
11188   6   85.3
11189   6   86.1
11190   6   86.8
11191   6   84.2
11192   5   89.1
11193   6   84.6
11194   6   82.6
11195   6   84.5
11196   6   84.0
11197   6   84.5
11198   6   86.1
11199   6   86.0
11200   6   86.2
11201   5   86.7
11202   6   81.3
11203   6   86.8
11204   6   86.9
11205   5   86.7
11206   6   86.3
11207   5   87.2
11208   6   80.2
11209   6   86.0
11210   6   86.0
11211   5   87.8
11212   6   87.3
11213   6   85.5
11214   8   89.5
11215   7   90.0
11216   8   88.1
11217   6   83.7
11218   6   83.6
11219   6   85.8
11220   6   83.1
11221   6   85.7
11222   6   86.5
11223   6   82.4
11224   6   87.6
11225   6   87.4
11226   6   85.3
11227   6   86.9
11228   6   85.2
11229   6   86.8
11230   6   84.0
11231   6   85.4
11232   6   85.7
11233   3   90.3
11240   6   87.0
11241   5   87.9
11242   6   87.9
11243   6   87.0
11244   6   86.1
11245   6   85.8
11246   6   85.9
11247   6   84.4
11248   5   83.0
11249   6   87.8
11250   5   87.3
11251   6   85.5
11252   6   88.0
11253   6   88.1
11258   6   79.3
11259   6   86.3
11260   6   87.1
11261   6   87.3
11262   5   89.1
11263   5   88.0
11264   5   87.9
11265   5   88.2
11266   5   88.4
11267   5   88.7
11268   5   89.1
11269   5   86.1
11270   5   88.3
11271   6   84.1
11272   6   87.2
11273   6   87.4
11274   6   86.4
11275   6   86.7
11276   6   87.1
11277   5   80.7
11278   5   87.2
11279   5   86.2
11280   5   86.1
11281   5   86.8
11282   5   88.7
11283   6   84.9
11284   6   85.9
11285   6   83.0
11286   6   86.2
11287   5   87.0
11288   5   85.2
11289   6   83.4
11290   6   85.1
11291   6   83.9
11292   6   77.0
11293   5   84.6
11294   5   84.2
11295   6   85.1
11296   5   86.3
11297   5   83.1
11298   5   81.9
11299   5   81.3
11300   5   84.5
11301   5   86.2
11302   6   83.5
11303   5   85.4
11304   6   83.1
11305   6   81.7
11306   6   74.8
11307   6   82.8
11308   6   79.2
11309   5   84.1
11310   6   84.0
11311   5   80.9
11312   5   83.6
11313   5   84.9
11314   5   80.8
11315   6   79.1
11316   5   83.0
11317   6   83.5
11318   6   81.1
11319   6   82.7
11320   5   79.3
11321   5   85.7
11322   6   82.6
11323   6   81.0
11324   5   83.3
11325   5   84.6
11326   5   84.1
11327   5   79.7
11337   5   83.5
11338   5   83.2
11339   5   82.7
11340   5   79.0
11341   4   82.2
11342   5   79.3
11343   4   75.5
11344   4   80.2
11345   4   79.5
11346   4   77.0
11347   4   70.6
11348   3   68.9
11349   4   77.3
11350   4   77.1
11351   4   77.5
11352   4   81.4
11353   4   82.1
11354   5   83.7
11355   4   81.3
11356   4   81.9
11357   4   84.1
11358   5   83.9
11359   4   80.1
11360   5   81.1
11361   4   81.9
11362   3   84.6
11363   4   75.8
11364   4   82.9
11365   5   82.5
12001   4   82.0
12002   4   79.0
12003   4   79.4
12004   4   80.4
12005   4   80.4
12006   4   81.2
12007   5   81.3
12008   4   82.3
12009   4   84.5
12010   4   80.6
12011   3   77.8
12012   4   84.6
12013   4   84.0
12014   4   81.6
12015   4   85.3
12016   4   84.7
12017   4   84.5
12018   4   82.4
12019   4   84.3
12020   4   82.5
12021   4   82.7
12022   4   81.3
12023   4   84.5
12024   4   85.3
12025   4   76.0
12026   5   80.4
12027   4   80.6
12028   4   82.1
12029   5   87.5
12030   5   85.6
12031   5   86.1
12032   4   84.5
12033   6   84.8
12034   5   84.2
12035   5   86.3
12036   5   83.4
12037   5   83.5
12038   5   80.7
12039   5   84.1
12040   5   87.5
12041   4   85.7
12042   5   82.6
12043   4   83.5
12044   5   87.3
12045   5   86.9
12046   5   87.0
12047   4   82.7
12048   5   87.1
12049   5   89.0
12050   5   86.2
12051   5   86.3
12052   5   85.9
12053   5   86.1
12054   5   75.7
12055   5   87.1
12056   6   85.4
12057   5   87.6
12058   5   88.5
12059   5   88.3
12060   4   87.6
12061   4   86.4
12062   4   88.2
12063   4   88.4
12064   4   88.7
12065   4   87.6
12066   4   86.4
12067   3   83.9
12068   5   86.8
12069   4   83.6
12070   4   84.5
12071   4   84.7
12072   5   85.0
12073   4   85.8
12074   5   80.5
12075   5   87.2
12076   5   89.2
12077   5   86.8
12078   4   84.3
12079   4   79.2
12080   4   83.8
12081   4   85.6
12082   4   85.8
12083   4   82.3
12084   4   84.6
12085   4   85.0
12086   4   85.2
12087   4   84.9
12088   5   87.7
12089   5   77.5
12090   4   87.8
12091   4   89.7
12092   4   88.5
12093   4   86.4
12094   3   83.4
12095   3   79.4
12096   4   88.2
12097   2   78.2
12098   3   83.7
12099   3   85.8
12100   3   83.7
12101   2   79.2
12102   2   83.0
12103   3   87.3
12104   3   88.0
12105   3   83.1
12106   4   85.0
12107   3   84.3
12108   2   85.2
12109   3   88.9
12111   3   86.4
12112   3   87.3
12113   3   87.8
12114   3   86.1
12115   3   86.7
12116   4   87.3
12117   4   83.5
12118   5   88.9
12119   4   89.0
12120   4   89.0
12121   5   87.9
12122   5   85.5
12123   5   86.1
12124   5   88.9
12125   4   88.7
12126   5   88.4
12127   5   88.6
12128   5   85.3
12129   5   86.9
12130   5   88.2
12131   6   86.1
12132   6   86.1
12133   5   88.4
12134   5   86.7
12135   5   88.1
12136   5   86.4
12137   4   88.2
12138   4   90.7
12139   4   88.3
12140   4   88.5
12141   4   86.2
12142   4   86.7
12143   4   83.7
12144   5   82.4
12145   5   85.2
12146   5   84.5
12147   4   89.6
12148   4   90.5
12149   4   87.5
12150   5   85.8
12151   5   85.7
12152   5   86.8
12153   4   88.1
12154   4   88.1
12155   5   83.7
12156   5   83.9
12157   4   89.8
12158   5   87.4
12159   5   87.4
12160   4   88.7
12161   5   86.2
12162   4   87.6
12163   4   89.1
12164   4   90.3
12165   4   81.1
12166   4   87.8
12167   6   83.1
12168   4   83.4
12169   4   83.6
12170   6   81.0
12171   6   84.1
12172   6   82.1
12173   6   78.6
12174   5   84.2
12175   6   84.6
12176   6   83.4
12177   5   79.6
12178   5   86.5
12179   6   83.5
12180   6   83.1
12181   5   85.2
12182   4   83.2
12183   4   86.2
12184   5   85.0
12185   5   85.4
12186   6   80.5
12187   6   82.6
12188   5   84.9
12189   5   86.1
12190   6   82.1
12191   5   84.3
12192   5   86.5
12193   6   85.8
12194   6   85.8
12195   5   84.2
12196   5   83.8
12197   5   85.2
12198   6   88.1
12199   6   86.9
12200   6   80.1
12201   5   80.0
12202   6   86.8
12203   6   84.8
12204   5   85.5
12205   5   85.2
12206   6   85.0
12207   6   85.0
12208   5   85.7
12209   5   85.2
12210   6   82.5
12211   3   79.8
12212   1   79.7
12213   2   75.8
12214   2   74.4
12215   3   77.8
12216   2   79.4
12217   2   79.3
12218   6   84.0
12219   6   84.7
12220   6   85.4
12221   6   86.1
12222   5   87.1
12223   5   84.2
12224   5   86.3
12225   5   87.9
12226   6   84.7
12227   6   82.9
12228   5   87.2
12229   5   85.8
12230   6   83.8
12231   6   86.0
12232   5   86.4
12233   5   84.8
12234   5   86.2
12235   5   80.8
12236   5   84.7
12237   5   87.9
12238   5   87.5
12239   5   87.2
12240   5   88.7
12241   5   84.8
12242   5   86.5
12243   5   88.0
12244   5   88.5
12245   5   87.0
12246   5   88.9
12247   5   87.1
12248   5   85.9
12249   5   87.8
12250   5   87.3
12251   5   81.3
12252   2   86.2
12254   3   81.2
12255   5   86.5
12256   5   87.3
12257   5   85.9
12258   5   80.4
12259   5   88.8
12260   5   89.3
12261   5   88.3
12262   5   86.3
12263   5   88.7
12264   5   88.5
12265   5   88.4
12266   5   87.1
12267   5   87.3
12268   5   84.3
12269   5   86.0
12270   5   85.2
12271   5   87.5
12272   5   86.4
12273   5   87.2
12274   5   85.0
12275   2   82.3
12276   5   83.4
12277   5   85.6
12278   5   86.2
12279   5   87.7
12280   5   87.2
12281   5   88.4
12282   5   86.9
12283   5   83.3
12284   5   84.4
12285   5   82.3
12286   5   85.8
12287   5   86.4
12288   5   86.0
12289   5   84.7
12290   5   86.1
12291   5   87.2
12292   5   79.4
12293   5   85.9
12294   5   86.9
12295   5   86.0
12296   5   87.0
12297   5   85.2
12298   5   84.1
12299   5   86.0
12300   5   82.8
12301   5   85.3
12302   4   79.9
12303   5   84.4
12304   5   86.0
12305   5   85.7
12306   5   84.3
12307   5   84.6
12308   5   87.3
12309   5   86.9
12310   5   86.1
12311   5   84.5
12312   5   82.6
12313   5   83.0
12314   5   84.9
12315   5   85.0
12316   5   84.1
12317   5   86.2
12318   5   85.0
12319   5   83.6
12320   5   84.3
12321   5   81.2
12322   5   83.7
12323   5   84.7
12324   5   84.2
12325   5   86.0
12326   5   84.0
12327   5   75.4
12328   5   83.2
12329   5   83.1
12330   5   82.9
12331   5   84.2
12332   5   82.0
12333   5   82.1
12334   5   84.9
12335   5   84.9
12336   5   86.2
12337   5   84.6
12338   5   80.2
12339   5   81.3
12340   5   84.7
12341   5   83.7
12342   5   85.4
12343   5   87.4
12344   5   86.9
12345   3   91.0
12346   3   88.6
12347   3   87.0
12348   3   84.4
12349   4   90.4
12350   5   85.1
12351   5   86.2
12352   5   84.4
12353   5   83.3
12354   5   85.0
12355   5   83.7
12356   5   82.6
12357   5   82.9
12358   5   83.6
12359   5   84.7
12360   5   83.3
12361   5   82.8
12362   5   83.0
12363   5   81.9
12364   5   85.4
12365   5   87.4
12366   5   87.0
13001   5   87.1
13002   5   86.0
13003   5   86.2
13004   5   86.7
13005   5   86.2
13006   5   86.6
13007   5   83.4
13008   5   84.7
13009   5   83.8
13010   5   83.0
13011   5   79.0
13012   5   86.5
13013   5   86.8
13014   5   84.6
13015   5   82.1
13016   5   82.1
13017   5   79.9
13018   5   85.7
13019   5   85.2
13020   5   82.7
13021   5   85.8
13022   5   86.3
13023   5   86.3
13024   5   81.6
13025   5   83.0
13026   5   85.6
13027   5   86.3
13028   5   78.1
13029   5   86.4
13030   5   84.1
13031   5   86.3
13032   5   87.0
13033   5   86.6
13034   5   83.9
13035   5   84.5
13036   5   82.8
13037   5   85.3
13038   5   84.2
13039   5   85.3
13040   5   86.3
13041   5   86.2
13042   5   82.3
13043   5   86.2
13044   5   84.3
13045   5   84.8
13046   5   85.8
13047   5   87.2
13048   5   85.6
13049   5   86.6
13050   5   79.9
13051   5   87.5
13052   3   86.4
13053   5   76.7
13054   5   86.3
13055   5   85.0
13056   5   86.5
13057   5   85.4
13058   5   83.2
13059   5   76.3
13060   5   78.4
13061   5   84.0
13062   5   81.2
13063   5   78.2
13064   5   83.1
13065   5   80.2
13066   5   84.9
13067   5   85.6
13068   5   85.3
13069   5   84.4
13070   5   80.8
13071   5   85.8
13072   5   85.8
13073   5   85.2
13074   5   81.6
13075   5   84.5
13076   5   84.6
13077   5   85.8
13078   5   87.1
13079   5   84.0
13080   5   79.0
13081   5   86.0
13082   5   86.8
13083   5   88.2
13084   5   87.0
13085   5   88.0
13086   5   85.2
13087   5   86.9
13088   5   82.8
13089   5   83.2
13090   5   82.7
13091   5   85.3
13092   5   86.5
13093   5   84.3
13094   5   85.4
13095   5   86.9
13096   5   85.5
13097   5   85.8
13098   5   83.8
13099   5   86.5
13100   5   83.7
13101   5   84.4
13102   5   84.0
13103   5   84.8
13104   5   84.3
13105   5   83.7
13106   5   84.3
13107   5   87.6
13108   5   83.0
13109   5   86.3
13110   5   86.6
13111   5   85.9
13112   5   87.4
13113   5   84.7
13114   5   83.6
13115   5   79.4
13116   5   86.1
13117   4   87.3
13118   4   85.3
13119   5   83.9
13120   5   78.3
13121   5   83.8
13122   5   85.1
13123   5   85.1
13124   5   82.9
13125   5   85.7
13126   5   85.8
13127   5   84.0
13128   5   83.1
13129   5   87.6
13130   5   86.4
13131   5   86.7
13132   5   84.4
13133   5   85.3
13134   5   85.7
13135   5   85.2
13136   5   85.4
13137   5   83.8
13138   5   84.1
13139   5   85.2
13140   5   85.7
13141   5   86.0
13142   5   84.8
13143   5   86.5
13144   5   80.3
13145   5   86.0
13146   5   84.9
13147   5   85.3
13148   5   84.9
13149   5   86.9
13150   5   85.0
13151   5   85.7
13152   5   84.1
13153   5   85.4
13154   5   86.6
13155   5   84.7
13156   5   83.2
13157   5   84.4
13158   5   80.7
13159   5   84.9
13160   5   85.0
13161   5   87.4
13162   5   85.8
13163   5   83.1
13164   6   74.4
13165   5   83.6
13166   5   82.8
13167   5   82.1
13168   5   79.2
13169   5   77.8
13170   5   83.6
13171   5   81.1
13172   5   84.2
13173   5   83.7
13174   5   80.1
13175   5   76.2
13176   5   84.9
13177   5   84.1
13178   4   78.1
13179   4   80.8
13180   5   83.4
13181   5   84.5
13182   5   85.3
13183   6   80.0
13184   5   81.3
13185   6   81.7
13186   5   83.6
13187   5   82.6
13188   5   81.9
13189   5   84.9
13190   5   84.4
13191   5   83.6
13192   5   84.9
13193   5   86.2
13194   5   86.6
13195   5   85.2
13196   5   84.3
13197   5   84.3
13198   5   81.5
13199   5   83.5
13200   5   84.4
13201   5   85.8
13202   5   85.0
13203   5   81.9
13204   5   78.6
13205   5   83.3
13206   5   77.8
13207   5   83.2
13208   5   83.5
13209   5   83.0
13210   5   83.5
13211   5   83.9
13212   5   83.1
13213   5   82.2
13214   5   82.7
13215   5   81.1
13216   5   80.6
13217   5   79.7
13218   5   82.5
13219   5   81.3
13220   5   82.8
13221   5   85.0
13222   5   85.8
13223   5   85.7
13224   5   82.1
13225   6   79.8
13226   5   86.3
13227   5   81.8
13228   5   83.1
13229   5   85.1
13230   5   84.5
13231   5   84.7
13232   5   84.5
13233   5   84.4
13234   5   85.2
13235   5   83.0
13236   5   85.8
13237   5   84.8
13238   5   84.8
13239   5   85.7
13240   5   84.8
13241   5   84.1
13242   5   84.5
13243   5   85.5
13244   5   83.5
13245   5   86.6
13246   5   83.0
13247   6   81.9
13248   5   83.0
13249   5   84.0
13250   5   83.0
13251   5   83.9
13252   5   84.9
13253   5   85.4
13254   5   83.0
13255   5   84.8
13256   5   85.8
13257   5   86.4
13258   5   85.2
13259   5   82.9
13260   4   81.1
13261   5   84.4
13262   5   79.0
13263   5   82.9
13264   5   84.9
13265   5   85.7
13266   5   81.8
13267   4   88.1
13268   5   83.4
13269   5   84.1
13270   5   82.7
13271   5   85.4
13272   5   82.3
13273   5   83.9
13274   5   84.1
13275   5   78.9
13276   5   83.1
13277   5   84.2
13278   5   82.5
13279   5   82.9
13280   5   84.2
13281   5   83.8
13282   5   85.4
13283   5   78.1
13284   5   80.3
13287   4   78.4
13288   5   83.8
13289   5   81.8
13290   5   82.1
13291   5   81.9
13292   5   79.8
13293   5   82.7
13294   5   82.7
13295   5   83.9
13296   5   84.4
13297   5   84.3
13298   5   81.4
13299   5   83.9
13300   5   81.8
13301   5   83.5
13302   5   83.1
13303   5   83.0
13304   5   84.6
13305   5   80.7
13306   5   81.1
13307   5   81.9
13308   5   81.0
13309   5   81.5
13310   5   84.1
13311   3   88.6
13312   5   81.5
13313   5   80.6
13314   5   82.7
13315   5   79.7
13316   5   80.1
13317   5   84.3
13318   5   78.7
13319   5   80.0
13320   5   81.0
13321   5   78.5
13322   5   81.9
13323   5   81.8
13324   5   83.7
13325   5   81.4
13326   6   82.9
13327   5   83.3
13328   5   81.9
13329   5   80.6
13330   5   82.9
13331   5   83.1
13332   5   80.1
13333   5   80.9
13334   5   81.2
13335   5   80.9
13336   5   84.7
13337   5   82.9
13338   5   83.0
13339   5   80.9
13340   5   76.4
13341   5   79.6
13342   5   79.7
13343   5   78.2
13344   5   78.7
13345   5   80.5
13346   5   77.0
13347   5   79.8
13348   5   80.5
13349   5   79.4
13350   5   82.0
13351   5   83.4
13352   5   82.9
13353   5   82.5
13354   5   81.1
13355   5   80.0
13356   5   82.7
13357   5   78.1
13358   5   76.3
13359   5   78.8
13360   5   79.5
13361   5   82.1
13362   5   80.8
13363   5   83.5
13364   5   81.2
13365   5   84.7
14001   5   81.5
14002   5   79.7
14003   5   81.4
14004   5   81.3
14005   5   84.5
14006   5   80.7
14007   5   83.0
14008   6   79.6
14009   5   79.9
14010   5   78.4
14011   5   84.1
14012   5   83.6
14013   5   81.3
14014   5   80.1
14015   5   82.6
14016   5   73.6
14017   5   78.5
14018   5   82.7
14019   4   81.2
14020   5   84.4
14021   5   82.8
14022   5   81.7
14023   5   79.9
14024   5   80.0
14025   5   79.4
14026   5   79.7
14027   5   79.9
14028   5   81.3
14029   5   83.7
14030   5   84.7
14031   5   81.2
14032   5   82.7
14033   5   82.5
14034   5   82.8
14035   5   80.6
14036   5   80.4
14037   5   77.8
14038   5   75.7
14039   5   79.7
14040   5   82.0
14041   5   85.3
14042   5   81.7
14043   5   82.4
14044   4   84.1
14045   5   83.1
14046   5   84.6
14047   5   80.3
14048   5   79.0
14049   5   81.0
14050   5   76.9
14051   5   74.8
14052   5   80.1
14053   5   81.2
14054   5   83.0
14055   5   79.5
14056   5   82.3
14057   5   75.3
14058   5   81.8
14059   5   78.4
14060   5   82.3
14061   5   79.9
14062   5   81.9
14063   5   81.7
14064   5   82.1
14065   5   81.4
14066   5   78.0
14067   5   79.5
14068   5   79.4
14069   5   80.0
14070   5   81.5
14071   5   80.0
14072   5   70.1
14073   5   80.0
14074   5   76.2
14075   5   78.6
14076   5   81.1
14077   5   81.2
14078   5   80.3
14079   5   84.5
14080   5   83.2
14081   5   81.8
14082   5   81.7
14083   5   80.3
14084   5   83.6
14085   5   83.4
14086   5   77.5
14087   5   81.1
14088   5   79.6
14089   5   83.1
14090   5   84.2
14091   5   83.4
14092   5   80.3
14093   5   83.5
14094   5   84.7
14095   5   83.0
14096   5   83.5
14097   5   81.3
14098   5   83.3
14099   5   84.8
14100   5   85.0
14101   5   81.1
14102   5   80.5
14103   5   82.3
14104   5   83.2
14105   5   84.4
14106   5   81.0
14107   5   83.5
14108   5   82.5
14109   5   83.8
14110   5   82.7
14111   5   82.6
14112   5   84.1
14113   5   83.2
14114   5   73.9
14115   5   82.8
14116   5   83.5
14117   5   85.4
14118   5   81.8
14119   5   85.7
14120   5   84.1
14121   5   82.5
14122   5   83.0
14123   5   84.1
14124   5   84.0
14125   5   84.2
14126   2   87.5
14127   5   83.6
14128   3   84.9
14129   5   85.6
14130   5   83.8
14131   5   82.7
14132   5   79.7
14133   5   84.9
14134   5   84.0
14135   5   84.5
14136   5   84.1
14137   5   84.5
14138   5   85.5
14139   5   83.3
14140   5   81.0
14141   5   80.4
14142   5   82.1
14143   5   83.2
14144   5   84.7
14145   5   82.1
14146   5   82.4
14147   5   83.6
14148   5   82.2
14149   5   82.9
14150   5   84.2
14151   5   83.6
14152   5   81.3
14153   5   78.9
14154   5   79.6
14155   5   82.2
14156   5   80.7
14157   5   81.6
14158   5   80.7
14159   5   78.8
14160   5   79.2
14161   5   78.1
14162   5   78.3
14163   5   78.3
14164   5   79.6
14165   5   78.3
14166   5   80.1
14167   5   81.3
14168   5   77.2
14169   6   80.0
14170   5   81.3
14171   5   82.4
14172   5   79.5
14173   5   81.8
14174   5   81.4
14175   5   82.2
14176   5   77.2
14177   5   81.8
14178   5   82.9
14179   4   76.2
14180   5   81.7
14181   5   79.0
14182   5   77.4
14183   5   73.2
14184   5   77.9
14185   5   79.4
14186   5   82.3
14187   5   80.8
14188   5   79.5
14189   5   81.9
14190   5   76.6
14191   5   80.5
14192   5   81.3
14193   5   81.1
14194   5   82.6
14195   5   77.3
14196   5   83.0
14197   5   83.1
14198   5   81.6
14199   5   81.5
14200   5   81.6
14201   5   82.5
14202   5   80.8
14203   5   78.2
14204   6   78.9
14205   5   78.6
14206   5   80.3
14207   5   80.2
14208   5   82.2
14209   5   81.5
14210   5   81.0
14211   5   82.1
14212   6   81.4
14213   5   79.8
14214   5   79.3
14215   5   80.0
14216   5   80.4
14217   4   77.1
14218   5   81.1
14219   5   81.2
14220   5   81.3
14221   5   82.7
14222   5   81.2
14223   5   82.5
14224   5   79.3
14225   5   79.5
14226   5   82.4
14227   5   80.3
14228   5   81.6
14229   5   82.9
14230   5   83.5
14231   5   82.4
14232   6   81.5
14233   5   82.1
14234   5   80.3
14235   5   83.0
14236   5   81.4
14237   5   82.2
14238   5   81.3
14239   5   79.7
14240   6   81.5
14241   5   82.9
14242   5   81.9
14243   5   82.9
14244   5   81.8
14245   5   78.7
14246   5   82.3
14247   5   82.1
14248   5   81.0
14249   5   80.5
14250   6   78.9
14251   6   78.0
14252   5   79.8
14253   5   79.5
14254   4   83.3
14255   5   76.9
14256   5   73.6
14257   5   82.5
14258   5   82.9
14259   5   80.5
14260   5   81.4
14261   5   81.1
14262   6   80.3
14263   5   78.5
14264   5   78.2
14265   5   77.8
14266   5   80.7
14267   5   80.6
14268   5   76.5
14269   5   81.0
14270   5   80.6
14271   5   80.8
14272   5   80.8
14273   5   80.0
14274   5   81.2
14275   5   80.9
14276   5   80.7
14277   5   79.1
14278   5   79.2
14279   5   80.0
14280   5   80.1
14281   5   80.8
14282   5   79.9
14283   5   78.7
14284   5   78.0
14285   5   79.7
14286   5   78.6
14287   5   79.5
14288   6   78.9
14289   5   73.5
14290   5   80.2
14291   6   77.7
14292   5   79.8
14293   6   78.8
14294   6   79.1
14295   6   78.7
14296   6   74.5
14297   6   77.9
14298   6   79.5
14299   6   78.0
14300   6   79.6
14301   6   75.4
14302   5   79.5
14303   5   79.9
14304   5   79.4
14305   5   79.2
14306   5   79.2
14307   5   74.8
14308   5   78.6
14309   5   75.7
14310   6   78.1
14311   5   81.0
14312   5   79.2
14313   5   79.1
14314   5   76.1
14315   5   78.3
14316   5   70.6
14317   5   81.1
14318   5   79.0
14319   5   76.9
14320   5   78.6
14321   5   77.9
14322   5   76.8
14323   5   78.0
14324   5   76.1
14325   5   79.5
14326   5   72.3
14327   5   75.7
14328   5   76.9
14329   5   78.3
14330   5   75.8
14331   5   78.4
14332   5   76.2
14333   5   78.0
14334   5   74.9
14335   5   76.8
14336   5   74.3
14337   5   77.1
14338   5   77.9
14339   5   76.7
14340   5   77.4
14341   5   77.3
14342   5   77.8
14343   5   80.4
14344   5   74.1
14345   5   70.3
14346   5   76.1
14347   5   77.2
14348   5   79.5
14349   6   78.4
14350   5   72.0
14351   5   77.7
14352   5   71.7
14353   5   76.6
14354   5   77.0
14355   5   76.0
14356   5   77.5
14357   5   77.9
14358   5   78.5
14359   5   78.4
14360   5   78.0
14361   5   79.6
14362   5   81.4
14363   5   80.5
14364   5   81.1
14365   5   80.9
15001   5   81.0
15002   5   79.9
15003   5   75.4
15004   5   77.2
15005   5   79.6
15006   5   81.7
15007   5   73.4
15008   5   77.3
15009   5   78.5
15010   5   74.6
15011   5   77.3
15012   5   75.7
15013   5   76.0
15014   5   78.5
15015   5   78.8
15016   5   77.4
15017   5   78.5
15018   5   76.4
15019   5   77.3
15020   5   78.4
15021   5   78.8
15022   5   81.0
15023   5   79.5
15024   5   77.9
15025   5   76.3
15026   5   77.2
15027   5   79.3
15028   5   75.4
15029   5   80.8
15030   5   71.8
15031   5   78.4
15032   5   76.8
15033   5   75.2
15034   5   76.5
15035   5   74.4
15036   5   77.7
15037   6   75.1
15038   5   75.9
15039   5   77.7
15040   4   80.1
15041   5   77.2
15042   5   78.2
15043   4   81.8
15044   5   78.3
15045   5   77.5
15046   5   78.8
15047   5   78.7
15048   5   75.5
15049   5   77.4
15050   5   74.1
15051   5   78.4
15052   5   74.7
15053   5   76.5
15054   5   76.5
15055   5   77.6
15056   5   77.0
15057   5   77.8
15058   5   77.5
15059   5   77.6
15060   5   78.9
15061   5   74.4
15062   5   75.4
15063   5   75.3
15064   5   67.8
15065   2   72.8
15066   5   78.1
15067   1   63.6
15068   5   78.7
15069   5   76.1
15070   5   78.6
15071   5   80.2
15072   5   80.4
15073   5   79.3
15074   5   80.2
15075   5   78.5
15076   5   72.1
15077   5   81.0
15078   5   81.4
15079   5   81.0
15080   5   80.0
15081   5   81.0
15082   5   80.8
15083   5   80.5
15084   5   80.2
15085   5   79.5
15086   5   79.6
15087   5   76.2
15088   5   78.1
15089   5   71.2
15090   5   77.6
15091   5   79.5
15092   5   77.6
15093   5   79.1
15094   5   80.7
15095   5   81.6
15096   5   80.0
15097   5   79.8
15098   5   76.5
15099   5   76.6
15100   5   74.4
15101   5   73.6
15102   5   75.6
15103   5   80.1
15104   4   83.7
15105   4   85.2
15106   4   83.4
15107   4   83.6
15108   4   84.7
15109   4   85.3
15110   4   81.0
15111   4   83.3
15112   4   82.7
15113   4   82.8
15114   4   83.8
15115   4   82.8
15116   4   81.6
15117   5   79.0
15118   5   72.2
15119   5   80.8
15120   5   76.3
15121   5   78.5
15122   5   77.9
15123   5   81.3
15124   5   80.1
15125   5   80.4
15126   5   79.6
15127   5   81.1
15128   5   81.0
15129   5   78.1
15130   5   80.0
15131   5   70.8
15132   5   77.5
15133   5   76.7
15134   5   77.0
15135   5   78.8
15136   5   78.2
15137   5   78.1
15138   4   81.5
15139   4   84.1
15140   4   83.4
15141   4   83.7
15142   4   82.0
15143   4   83.1
15144   4   83.6
15145   4   81.9
15146   4   79.6
15147   4   83.1
15148   4   82.5
15149   4   82.1
15150   4   80.9
15151   4   78.5
15152   4   81.0
15153   4   83.2
15154   4   82.4
15155   4   82.3
15156   4   81.2
15157   4   78.5
15158   4   77.9
15159   4   76.7
15160   4   78.4
15161   4   82.7
15162   4   80.7
15163   4   81.3
15164   4   81.6
15165   4   80.3
15166   4   79.6
15167   4   81.7
15168   4   82.0
15169   4   74.0
15170   4   81.0
15171   4   82.1
15172   4   79.4
15173   4   81.2
15174   4   80.9
15175   4   82.3
15176   4   78.1
15177   4   82.3
15178   4   80.7
15179   4   80.0
15180   4   80.4
15181   4   83.0
15182   4   83.1
15183   4   81.2
15184   4   72.3
15185   4   78.2
15186   4   78.8
15187   4   79.8
15188   4   79.4
15189   4   77.1
15190   4   78.2
15191   4   81.1
15192   4   81.0
15193   4   81.5
15194   4   70.7
15195   5   77.7
15196   4   81.7
15197   4   71.2
15198   4   79.6
15199   4   80.6
15200   4   80.8
15201   5   76.6
15202   4   80.4
15203   4   78.6
15204   4   82.1
15205   4   73.7
15206   4   79.2
15207   4   78.5
15208   4   80.2
15209   4   75.7
15210   4   80.5
15211   4   82.5
15212   4   80.5
15213   4   80.8
15214   4   81.6
15215   4   82.7
15216   4   81.8
15217   4   81.7
15218   4   80.9
15219   4   75.2
15220   4   77.8
15221   4   68.1
15222   4   80.0
15223   4   75.6
15225   2   67.2
15226   4   73.9
15227   4   73.1
15228   4   76.0
15229   4   67.2
15230   4   74.0
15231   3   75.4
15232   3   77.6
15233   4   83.3
15234   4   83.1
15235   4   82.3
15236   4   81.8
15237   4   76.4
15238   4   81.7
15239   4   80.0
15240   4   83.4
15241   4   84.0
15242   5   78.3
15243   5   76.8
15244   4   81.6
15245   4   83.2
15246   4   83.4
15247   4   82.0
15248   4   82.8
15249   4   83.4
15250   4   82.7
15251   4   83.5
15252   4   79.0
15253   4   81.7
15254   5   80.5
15255   4   84.2
15256   4   83.5
15257   4   80.8
15258   5   74.0
15259   5   77.3
15260   4   80.7
15261   4   79.6
15262   4   82.4
15263   4   80.4
15264   4   83.4
15265   4   83.9
15266   4   77.1
15267   4   82.7
15268   4   81.4
15269   4   76.1
15270   4   76.8
15271   4   82.8
15272   4   80.4
15273   4   82.7
15274   4   78.5
15275   5   82.1
15276   5   79.5
15277   4   75.9
15278   5   75.5
15279   5   82.0
15280   4   74.8
15281   4   78.4
15282   4   85.3
15283   4   80.6
15284   4   85.0
15285   4   72.4
15286   4   79.9
15287   4   79.0
15288   4   77.6
15289   4   81.5
15290   3   88.2
15291   3   88.5
15292   4   78.4
15293   4   81.0
15294   3   87.7
15295   4   69.8
15296   5   77.1
15297   5   76.6
15298   5   78.1
15299   5   78.2
15300   5   77.8
15301   5   79.7
15302   5   78.7
15303   5   79.2
15304   5   77.9
15305   5   78.9
15306   5   79.0
15307   4   81.3
15308   4   79.9
15309   5   75.0
15310   4   81.2
15311   5   80.1
15312   5   80.3
15313   5   75.7
15314   5   77.8
15315   5   77.5
15316   5   78.8
15317   4   80.6
15318   4   81.5
15319   5   76.5
15320   4   81.8
15321   4   80.9
15322   3   86.6
15323   5   67.5
15324   4   82.5
15325   4   80.8
15326   4   82.3
15327   4   82.2
15328   4   76.4
15329   4   82.6
15330   4   84.2
15331   4   79.9
15332   4   80.6
15333   4   74.4
15334   4   81.7
15335   4   83.3
15336   4   82.0
15337   4   83.5
15338   4   84.5
15339   4   81.3
15340   4   82.5
15341   4   83.6
15342   4   84.1
15343   5   80.4
15344   5   73.2
15345   5   79.3
15346   5   79.4
15347   5   80.6
15348   5   80.7
15349   5   78.7
15350   4   80.7
15351   4   82.2
15352   4   84.2
15353   4   81.9
15354   4   81.8
15355   4   81.2
15356   5   78.6
15357   4   81.6
15358   4   79.6
15359   4   80.8
15360   4   78.7
15361   4   77.4
15362   4   79.2
15363   4   81.2
15364   4   80.8
15365   4   80.7
16001   3   77.8
16002   4   81.0
16003   4   79.2
16004   4   78.7
16005   4   79.3
16006   4   83.0
16007   4   80.8
16008   5   75.9
16009   4   80.6
16010   4   83.0
16011   4   81.1
16012   4   81.1
16013   4   80.8
16014   4   79.5
16015   4   79.7
16016   4   83.1
16017   4   83.6
16018   5   80.0
16019   4   82.1
16020   4   70.4
16021   4   83.1
16022   4   83.2
16023   4   83.1
16024   4   83.5
16025   4   80.7
16026   4   80.9
16027   4   81.4
16028   4   82.2
16029   4   81.9
16030   4   79.3
16031   4   81.0
16032   3   86.1
16033   3   87.0
16034   3   87.1
16035   3   86.7
16036   3   88.5
16037   3   85.7
16038   3   87.3
16039   3   87.3
16040   3   86.1
16041   3   86.6
16042   3   86.1
16043   3   87.0
16044   3   86.1
16045   3   84.5
16046   3   85.8
16047   3   86.7
16048   3   88.1
16049   3   87.1
16050   3   87.7
16051   3   87.3
16052   3   87.7
16053   3   87.5
16054   3   87.7
16055   3   86.5
16056   3   88.0
16057   3   86.7
16058   3   88.4
16059   3   87.9
16060   3   87.3
16061   3   86.4
16062   3   88.2
16063   3   86.2
16064   3   88.2
16065   3   88.3
16066   3   87.7
16067   3   87.0
16068   2   98.6
16069   3   87.7
16070   3   81.7
16071   3   76.3
16072   3   86.9
16073   2   99.5
16074   3   84.3
16075   3   82.2
16076   3   86.4
16077   3   87.7
16078   3   86.8
16079   3   86.7
16080   3   87.6
16081   3   88.3
16082   3   87.9
16083   3   86.8
16084   3   87.9
16085   3   88.2
16086   3   87.4
16087   3   88.6
16088   3   88.0
16089   3   87.3
16090   3   88.6
16091   3   79.6
16092   3   88.1
16093   3   88.6
16094   3   88.5
16095   3   80.7
16096   3   86.2
16097   3   86.4
16098   3   80.2
16099   3   88.1
16100   3   89.1
16101   3   88.9
16102   3   88.5
16103   3   88.4
16104   3   81.3
16105   3   88.4
16106   3   87.5
16107   3   89.1
16108   3   88.1
16109   3   87.9
16110   3   83.8
16111   3   83.7
16112   3   88.9
16113   3   80.5
16114   3   88.5
16115   3   89.0
16116   3   89.0
16117   3   87.9
16118   3   87.0
16119   3   75.7
16120   3   78.3
16121   3   88.8
16122   3   88.0
16123   3   83.3
16124   3   84.4
16125   3   85.6
16126   3   88.7
16127   3   87.1
16128   3   87.1
16129   3   87.1
16130   3   88.6
16131   3   87.4
16132   3   86.2
16133   3   88.3
16134   3   88.9
16135   3   88.5
16136   3   88.4
16137   3   88.6
16138   3   88.2
16139   3   86.6
16140   3   87.7
16141   3   89.0
16142   3   88.4
16143   3   86.5
16144   3   87.2
16145   3   88.6
16146   3   87.0
16147   3   87.0
16148   3   86.7
16149   3   86.2
16150   3   86.5
16151   3   88.4
16152   3   87.4
16153   3   87.9
16154   3   88.7
16155   3   88.1
16156   3   87.4
16157   3   86.7
16158   3   87.6
16159   3   85.9
16160   2   82.8
16161   3   86.9
16162   3   88.4
16163   3   86.9
16164   3   88.7
16165   3   86.0
16166   3   79.6
16167   3   88.2
16168   3   87.4
16169   3   87.2
16170   3   85.9
16171   3   86.4
16172   3   87.6
16173   3   87.4
16174   3   83.4
16175   2   75.2
16176   3   82.4
16177   3   82.0
16178   3   84.2
16179   3   83.1
16180   3   74.9
16181   3   87.0
16182   3   85.1
16183   3   86.3
16184   3   86.5
16185   3   86.7
16186   3   86.8
16187   3   85.6
16188   3   86.3
16189   3   87.8
16190   3   86.9
16191   3   88.2
16192   3   84.6
16193   3   79.9
16194   3   85.7
16195   3   86.2
16196   3   87.6
16197   3   87.1
16198   3   87.7
16199   3   87.2
16200   3   86.7
16201   3   84.6
16202   3   83.0
16203   3   80.9
16204   3   84.6
16205   3   84.6
16206   3   86.1
16207   3   82.9
16208   3   82.4
16209   3   84.1
16210   3   87.0
16211   3   87.1
16212   3   84.6
16213   3   83.2
16214   3   86.7
16215   3   87.6
16216   3   86.5
16217   3   84.8
16218   3   82.4
16219   3   87.2
16220   3   87.2
16221   2   81.8
16222   2   81.4
16223   2   81.2
16224   2   81.4
16225   2   81.7
16226   2   82.4
16227   2   80.9
16228   2   81.5
16229   2   81.2
16230   2   81.2
16231   2   78.4
16232   2   80.3
16233   2   79.8
16234   2   80.4
16235   2   82.4
16236   2   81.2
16237   2   78.4
16238   2   80.6
16239   2   80.3
16240   2   79.8
16241   2   81.0
16242   2   80.3
16243   2   81.9
16244   2   82.4
16245   2   80.7
16246   2   81.2
16247   2   80.5
16248   4   89.7
16249   4   89.6
16250   4   90.5
16251   4   90.1
16252   4   90.5
16253   4   88.7
16254   4   89.9
16255   4   89.5
16256   4   88.9
16257   4   88.6
16258   4   88.0
16259   4   86.5
16260   4   89.1
16261   4   90.0
16262   4   90.3
16263   4   90.4
16264   4   85.3
16265   4   90.6
16266   4   90.6
16267   4   90.0
16268   4   90.6
16269   4   90.0
16270   4   90.0
16271   4   89.8
16272   4   89.3
16273   4   89.9
16274   4   88.5
16275   4   90.2
16276   4   90.7
16277   4   88.7
16278   4   90.0
16279   4   90.9
16280   4   90.4
16281   4   89.9
16282   4   90.4
16283   4   90.5
16284   4   91.0
16285   4   90.4
16286   4   90.0
16287   4   83.4
16288   4   88.7
16289   4   90.2
16290   4   89.8
16291   4   90.0
16292   4   89.7
16293   4   90.5
16294   4   90.2
16295   4   89.7
16296   4   90.5
16297   4   90.2
16298   4   88.3
16299   4   89.2
16300   4   90.0
16301   4   89.8
16302   4   90.8
16303   4   89.6
16304   1   98.4
16305   1   98.5
