08115   1   78.3
08116   1   79.2
08117   1   70.0
08118   1   72.2
08119   1   77.3
08120   1   77.3
08121   1   38.1
08122   1   80.0
08123   1   81.2
08124   1   73.3
08125   1   76.5
08126   1   77.8
08127   1   78.9
08128   1   47.4
08129   1   76.5
08130   1   80.0
08131   1   81.0
08132   1   78.9
08133   1   88.6
08134   1   86.1
08135   1   58.0
08136   1   77.8
08137   1   57.9
08138   1   55.6
08140   1   47.1
08141   1   42.9
08142   1   27.4
08143   1   82.6
08144   1   47.4
08145   1   75.0
08146   1   80.0
08147   1   65.4
08148   1   57.1
08149   1   76.5
08150   1   81.2
08151   1   53.8
08152   1    3.3
08153   1   76.5
08154   1    5.6
08155   1   56.2
08156   1   81.0
08157   1   80.0
08158   1   85.7
08159   1   86.2
08160   1   82.6
08161   1   78.9
08162   1    2.9
08163   1    1.6
08164   1   80.0
08165   1   78.9
08166   1   76.2
08167   1   83.3
08168   1   77.8
08169   1   73.3
08170   1   75.0
08171   1   78.9
08172   1   80.0
08173   1   77.8
08174   1   77.8
08175   1   78.9
08176   1   77.8
08177   1   73.3
08178   1   70.6
08180   1   80.0
08181   1   76.5
08182   1   55.8
08183   1   70.0
08184   1   66.7
08185   1   71.4
08186   1   76.5
08190   1   77.1
08191   1   84.0
08192   1   60.0
08193   1   57.7
08194   1   76.5
08195   1   77.8
08196   1   55.0
08197   1   78.9
08198   1   79.2
08199   1   77.8
08200   1   73.3
08201   1   71.4
08202   1   32.3
08203   1   36.2
08209   1   70.0
08210   1   76.5
08211   1   77.8
08212   1   77.8
08213   1   50.0
08214   1   76.5
08215   1   76.5
08216   1   73.3
08217   1   66.7
08218   1   76.5
08219   1   78.9
08220   1   76.5
08221   1   75.0
08222   1   77.8
08223   1   75.0
08224   1   76.5
08225   1   73.3
08226   1   55.0
08227   1   77.8
08228   1   73.5
08229   1   75.0
08230   1   75.0
08231   1   76.3
08232   1   44.4
08233   1   76.5
08234   1   77.8
08235   1   80.0
08237   1   75.0
08238   1   77.8
08239   1   80.0
08240   1   76.5
08241   1   61.1
08242   1   76.2
08243   1   77.3
08244   1   73.7
08245   1   79.2
08246   1   77.3
08247   1   75.0
08248   1   64.3
08249   1   70.6
08250   1   80.0
08251   1   76.1
08252   1   38.9
08253   1   77.3
08254   1   36.4
08255   1   73.4
08256   1   50.0
08257   1   53.7
08258   1   72.4
08259   1   70.4
08260   1   73.1
08261   1   74.1
08262   1   74.1
08263   1   75.0
08264   1   72.4
08265   1   60.3
08266   1   42.2
08267   1   58.0
08268   1   69.2
08269   1   69.6
08270   1   27.4
08271   1   71.7
08272   1   70.4
08273   1   58.6
08274   1   50.0
08275   1   63.5
08276   1   70.4
08277   1   72.4
08278   1   73.3
08279   1   74.2
08280   1   72.4
08281   1   71.4
08282   1   73.1
08283   1   70.4
08284   1   64.8
08285   1   59.3
08286   1   72.6
08287   1   43.8
08288   1   72.4
08289   1   72.4
08290   1   53.6
08291   1   73.3
08292   1    4.4
08293   1    2.6
08294   1   67.3
08295   1   70.4
08296   1   72.4
08297   1   67.9
08298   1   51.9
08299   1   71.4
08302   1   35.4
08303   1   42.5
08304   1   50.0
08305   1   67.9
08306   1   62.5
08307   1   58.7
08308   1   41.7
08309   1   66.1
08310   1   56.2
08311   1   36.4
08312   1   45.3
08313   1    3.2
08314   1    0.0
08315   1   48.3
08316   1   55.4
08317   1   50.0
08318   1   52.4
08319   1   55.7
08320   1   69.7
08321   1   60.6
08322   1   57.6
08323   1   34.8
08324   1   57.1
08325   1   70.6
08326   1   56.2
08327   1   64.5
08328   1   71.0
08329   1   58.1
08330   1   70.0
08331   1   67.9
08332   1   56.2
08333   1    1.7
08334   1   51.5
08335   1   62.9
08336   1   62.5
08337   1   71.9
08338   1   65.6
08339   1   48.6
08340   1   56.8
08342   1   54.1
08343   1   60.7
08345   1   70.3
08346   1   58.1
08347   1    4.3
08349   1   55.7
08350   1   56.6
08351   1   51.3
08352   1   58.6
08353   1   69.7
08354   1   54.4
08355   1   59.5
08356   1   69.7
08357   1   72.9
08358   1   72.0
08359   1   73.2
08360   1   58.3
08361   1   65.3
08362   1   69.1
08363   1   71.2
08364   1   48.6
08365   1   67.7
09002   1   65.4
09003   1   73.6
09004   1   73.5
09006   1   73.3
09007   1   75.0
09008   1   76.3
09009   1   76.3
09010   1   62.5
09011   1   74.3
09012   1   57.9
09013   1   41.2
09014   1    3.8
09015   1   62.5
09016   1   75.7
09017   1   77.1
09018   1   73.3
09019   1   75.0
09020   1   65.8
09021   1   51.3
09022   1   73.5
09023   1   72.9
09024   1   72.7
09025   1   72.7
09026   1   73.5
09027   1   75.0
09028   1   75.7
09029   1   64.1
09030   1   14.2
09031   1   30.2
09032   1   75.0
09033   1   54.8
09034   1   73.7
09035   1   76.3
09036   1   77.5
09037   1   64.5
09038   1   74.3
09039   1   60.0
09040   1   53.3
09041   1   65.7
09042   1   41.9
09043   1   39.4
09044   1   57.3
09045   1   51.0
09047   1   78.4
09048   1   59.1
09049   1   65.8
09050   1   69.7
09051   1   60.2
09052   1   63.2
09053   1   74.3
09054   1   74.3
09055   1    4.6
09056   1   55.8
09057   1   64.5
09058   1   66.7
09059   1   78.6
09060   1   67.5
09061   1   73.5
09062   1   74.3
09063   1   74.3
09064   1   75.0
09065   1   76.9
09066   1   78.0
09067   1   78.0
09068   1   75.6
09069   1   64.1
09070   1   75.9
09071   1   58.6
09072   1   76.9
09073   1    5.5
09074   1   78.6
09075   1   76.8
09076   1   77.5
09077   1   48.0
09078   1   70.0
09079   1   77.5
09080   1    0.0
09081   1    1.0
09082   1   77.5
09083   1   78.0
09084   1   46.7
09085   1   77.5
09086   1   59.2
09087   1   70.9
09088   1   50.0
09089   1   72.7
09090   1   71.2
09091   1   57.9
09092   1   75.7
09093   1   58.3
09094   1   72.9
09095   1   74.4
09096   1   10.8
09097   1    0.0
09128   1   77.5
09129   1   77.4
09130   1   77.9
09131   1   75.6
09132   1   74.4
09133   1   76.3
09134   2   72.3
09135   2   77.4
09136   2   77.2
09137   2   75.6
09138   2   60.0
09139   2   75.0
09140   2   74.3
09141   2   70.7
09142   2   74.0
09143   2   76.6
09144   2   72.2
09145   2   74.7
09146   2   73.5
09147   2   65.0
09148   2   71.6
09149   2   51.4
09150   2   75.0
09151   2   72.9
09152   2   72.6
09153   2   74.0
09154   2   63.7
09155   2   72.9
09156   2   62.7
09157   2   72.6
09158   2   60.3
09159   2   75.7
09160   2   75.7
09161   2   76.0
09162   2   68.3
09163   2   70.9
09164   2   75.3
09165   2   73.0
09166   2   66.0
09167   2   70.8
09168   2   61.9
09169   2   74.4
09170   2   26.4
09171   2   74.7
09172   2   74.7
09173   2   62.8
09174   2   64.4
09175   2   61.4
09176   2   74.4
09177   2   50.0
09178   2   69.9
09179   2   77.2
09180   2   63.9
09181   2   59.9
09182   2   75.0
09183   2   74.0
09184   2   45.1
09185   2   72.2
09186   2   71.8
09187   2   72.7
09188   2   73.7
09189   2   73.6
09190   2   69.5
09191   2   74.7
09192   2   76.0
09193   2   74.1
09194   2   74.1
09195   2   75.9
09196   2   55.2
09197   2   73.6
09198   2   73.7
09199   2   73.9
09200   2   74.3
09201   2   56.1
09202   2   68.9
09203   2   70.1
09204   2   62.3
09205   2   69.0
09206   2   71.8
09207   2   76.3
09208   2   73.3
09209   2   75.6
09210   2   74.4
09211   2   48.4
09212   2   71.2
09213   2   71.8
09214   2   72.1
09215   2   72.8
09216   2   76.0
09217   2   74.4
09218   2   61.5
09219   2   73.7
09220   2   76.3
09221   2   71.6
09222   2   74.7
09223   2   74.0
09224   2   55.7
09225   2   75.3
09226   2   77.2
09227   2   76.6
09228   2   75.0
09229   2   71.4
09230   2   74.3
09231   2   78.7
09232   2   76.4
09233   2   73.3
09234   2   74.4
09235   2   76.6
09236   2   75.3
09237   2   74.3
09238   2   76.3
09239   2   75.0
09240   2   73.4
09241   2   76.9
09242   2   76.6
09243   2   72.2
09244   2   75.0
09245   2   69.7
09246   2   58.1
09247   2   76.3
09248   2   75.7
09249   2   75.3
09250   2   75.0
09251   2   78.8
09252   2   75.0
09253   2   69.4
09254   2   50.0
09255   2   76.0
09256   2   72.9
09257   2   76.5
09258   2   77.1
09259   2   73.9
09260   2   70.0
09261   2   23.9
09262   2   24.8
09263   2   74.0
09264   2   64.8
09265   2   64.9
09266   2   75.3
09267   2   72.6
09268   2   74.7
09269   2   72.3
09270   2   70.6
09271   2   70.8
09272   2   72.7
09274   2   71.9
09275   2   60.7
09276   2   72.5
09277   2   73.4
09278   2   53.0
09279   2   72.6
09280   2   62.7
09281   2   54.0
09282   2   72.9
09283   2   74.7
09284   2   63.8
09285   2   72.2
09286   2   25.6
09287   2   49.3
09288   2   47.3
09289   2   74.7
09290   2   72.2
09291   2   75.7
09292   2   75.0
09293   2   70.7
09294   2   75.6
09295   2   48.3
09296   2   65.6
09297   2   73.3
09298   2   71.7
09299   2   73.0
09300   2   70.8
09301   2   71.8
09302   2   60.9
09303   2   63.8
09304   2   72.0
09305   2   71.6
09306   2   73.6
09307   2   70.0
09308   2   67.4
09309   2   69.4
09310   2   69.9
09311   2   71.4
09312   2   70.9
09313   2   69.0
09314   2   72.1
09315   2   71.8
09316   2   72.4
09317   2   47.9
09318   2   72.5
09319   2   73.1
09320   2   69.9
09321   3   60.0
09322   3   71.4
09323   3   69.8
09324   3   62.0
09325   3   70.3
09326   3   70.5
09327   3   68.0
09328   3   30.1
09329   3   30.1
09330   3   60.5
09331   3   70.1
09332   3   70.9
09333   3   70.2
09334   3   72.5
09335   3   71.0
09336   3   71.1
09337   3   73.6
09338   3   72.9
09339   3   72.2
09340   3   72.4
09341   3   67.0
09342   3   49.1
09343   3   46.6
09344   3   42.4
09345   3   50.0
09346   3   71.6
09347   3   72.1
09348   3   68.8
09349   3   69.1
09350   3   70.5
09351   3   70.0
09352   3   70.2
09353   3   73.0
09354   3   72.2
09355   3   74.3
09356   3   70.2
09357   3   68.3
09358   3   69.8
09359   3   73.8
09360   3   71.2
09361   3   71.1
09362   3   50.0
09363   3   71.6
09364   3   68.8
09365   3   65.9
10001   3   67.4
10002   3   70.3
10003   3   72.2
10004   3   73.3
10005   3   72.9
10006   3   73.8
10007   3   70.5
10008   3   65.3
10009   3   66.5
10010   3   69.6
10011   3   61.3
10012   3   73.0
10013   3   71.7
10014   3   63.6
10015   3   68.1
10016   3   67.9
10017   3   69.5
10018   3   54.6
10019   3   72.0
10020   3   73.9
10021   3   74.6
10022   3   64.0
10023   3   70.9
10024   3   71.1
10025   3   70.9
10026   3   58.8
10027   3   74.1
10028   3   72.4
10029   3   65.8
10030   3   74.2
10031   3   74.0
10032   3   67.4
10033   3   69.0
10034   3   73.4
10035   3   76.3
10036   3   66.2
10037   3   71.7
10038   3   73.6
10039   3   61.5
10040   3   71.2
10041   3   74.2
10042   3   75.0
10043   3   67.8
10044   3   74.2
10045   3   73.2
10046   3   54.6
10047   3   73.8
10048   2   71.6
10049   3   69.5
10050   3   54.5
10051   3   75.0
10052   3   71.1
10053   3   66.3
10054   3   70.0
10055   3   63.7
10056   3   58.9
10057   3   71.2
10058   3   72.6
10059   3   70.7
10060   3   71.6
10061   3   65.2
10062   3   70.7
10063   3   62.1
10064   3   59.4
10065   3   71.2
10066   3   65.1
10067   3   71.4
10068   3   33.8
10069   3   27.8
10070   3   71.2
10071   3   49.2
10072   3   70.0
10073   2   70.4
10074   3   60.7
10075   3   70.9
10076   3   75.0
10077   3   72.8
10078   3   71.4
10079   3   66.0
10080   3   63.9
10081   3   69.2
10082   3   43.9
10083   3   70.0
10084   3   30.8
10085   3   34.9
10086   3   68.9
10087   3   72.0
10088   3   72.5
10089   3   73.8
10090   3   74.8
10091   2   73.1
10092   3   77.3
10093   2    0.0
10094   1    0.0
10095   2    0.0
10096   2   61.1
10097   3   56.8
10098   2   52.4
10099   3   29.0
10100   3   37.5
10101   3   76.8
10102   3   76.1
10103   3   76.3
10104   3   74.8
10105   3   75.9
10106   3   59.0
10107   3   76.3
10108   3   77.4
10109   3   74.1
10110   3   74.4
10111   3   73.0
10112   3   48.6
10113   3   67.2
10114   2   76.1
10115   3   76.9
10116   3   74.8
10117   3   76.1
10118   3   73.5
10119   3   36.2
10120   3   56.4
10121   3   75.9
10122   3   70.3
10123   3   66.8
10124   3   77.4
10125   3   77.0
10126   3   76.4
10127   3   69.3
10128   3   75.9
10129   3   74.4
10130   3   76.8
10131   3   77.8
10132   3   65.0
10133   3   78.1
10134   3   77.1
10135   3   76.6
10136   3   75.2
10137   3   59.7
10138   3   64.7
10139   3   77.0
10140   3   77.0
10141   3   75.7
10142   3   77.2
10143   3   76.7
10144   3   74.3
10145   3   72.2
10146   3   74.5
10147   3   76.4
10148   3   75.5
10149   3   68.9
10150   3   75.6
10151   3   68.3
10152   3   53.9
10153   3   70.7
10154   3   76.5
10155   3   76.8
10156   3   75.2
10157   3   71.4
10158   3   75.5
10159   3   74.8
10160   3   41.2
10161   3   75.2
10162   3   49.4
10163   3   73.3
10164   3   75.0
10165   3   77.2
10166   3   77.9
10167   3   67.0
10168   3   66.8
10169   3   74.3
10170   3   73.2
10171   5   86.1
10172   5   77.4
10173   3   69.2
10174   3   78.1
10175   3   75.4
10176   3   71.2
10177   3   73.0
10178   3   74.4
10179   3   73.5
10180   3   73.9
10181   3   66.8
10182   3   75.7
10183   3   73.6
10184   3   73.0
10185   3   51.4
10186   3   74.1
10187   3   75.4
10188   3   76.9
10189   3   77.0
10190   3   70.4
10191   3   74.6
10192   3   73.3
10193   3   74.0
10194   3   72.8
10195   3   67.6
10196   3   55.9
10197   3   74.4
10198   3   74.4
10199   3   76.2
10200   3   73.1
10201   3   72.9
10202   3   65.4
10203   3   72.8
10204   3   74.1
10205   3   76.5
10206   3   72.1
10207   3   50.7
10208   3   66.7
10209   3   72.7
10210   3   53.6
10211   3   76.8
10212   3   73.9
10213   3   75.8
10214   3   67.0
10215   3   74.8
10216   3   57.1
10217   3   67.7
10218   3   75.5
10219   3   76.9
10220   3   74.6
10221   3   68.7
10222   3   71.8
10223   3   75.0
10224   3   72.9
10225   3   52.7
10226   3   77.2
10227   3   76.1
10228   3   71.1
10229   2   75.6
10230   2   56.7
10231   3   66.8
10232   3   67.3
10233   3   76.8
10234   3   75.2
10235   3   73.7
10236   3   67.8
10237   3   74.6
10238   3   75.4
10239   3   72.7
10240   3   75.0
10241   3   76.1
10242   3   76.4
10243   3   69.2
10244   3   71.1
10245   3   77.6
10246   3   76.5
10247   3   73.3
10248   3   72.6
10249   3   75.2
10250   3   69.0
10251   3   55.4
10252   3   59.1
10253   3   76.0
10254   3   75.2
10255   3   75.2
10256   3   75.2
10257   3   75.9
10258   3   75.4
10259   3   54.9
10260   3   66.2
10261   3   71.4
10262   3   64.0
10263   3   76.0
10264   3   71.8
10265   3   67.6
10266   3   75.2
10267   3   74.4
10268   3   67.7
10269   3   76.0
10270   3   73.8
10271   3   76.2
10272   3   75.2
10273   3   76.0
10274   3   66.7
10275   3   67.4
10276   2   71.1
10277   3   64.9
10278   3   60.8
10279   3   66.5
10280   3   62.7
10281   3   74.8
10282   3   75.2
10283   3   73.9
10284   3   51.9
10285   3   63.6
10286   3   56.4
10287   3   73.6
10288   3   51.3
10289   3   63.4
10290   3   71.7
10291   3   71.3
10292   3   70.7
10293   3   69.8
10294   3   71.6
10295   3   70.6
10296   3   73.5
10297   3   70.2
10298   3   56.7
10299   3   64.5
10300   3   57.6
10301   3   69.2
10302   3   71.8
10303   3   72.7
10304   3   70.6
10305   3   71.8
10306   3   72.2
10307   3   70.9
10308   3   48.4
10309   3   53.0
10310   3   64.6
10311   3   73.3
10312   3   72.0
10313   2   49.4
10314   3   71.2
10315   3   69.7
10316   3   67.1
10317   3   67.1
10318   3   64.1
10319   3   62.6
10320   3   39.6
10321   3   20.7
10322   3   27.9
10323   3   72.5
10324   3   71.1
10325   3   71.3
10326   3   59.2
10327   3   56.2
10328   3   71.1
10329   3   68.8
10330   3   51.9
10331   3   53.2
10339   3   66.1
10340   3   50.4
10341   3   62.0
10342   3   65.2
10343   3   69.6
10344   3   68.6
10345   3   63.9
10346   3   70.6
10347   3   48.5
10348   3   67.8
10349   3   69.0
10350   3   64.9
10351   3   63.8
10352   3   67.9
10353   3   66.2
10354   3   52.0
10355   3   57.3
10356   3   73.6
10357   3   71.8
10358   3   69.3
10359   3   63.3
10360   3   67.5
10361   3   67.5
10362   3   69.9
10363   3   70.2
10364   3   69.8
10365   3   70.8
11001   3   62.8
11002   3   66.8
11003   3   73.0
11004   3   73.1
11005   3   73.8
11006   3   72.8
11007   3   66.1
11008   3   70.4
11009   3   71.1
11010   3   73.7
11011   3   68.3
11012   3   73.0
11013   3   73.0
11014   3   60.1
11015   3   74.6
11016   3   74.6
11017   3   73.5
11018   3   46.7
11019   3   66.2
11020   3   73.7
11021   3   69.1
11022   3   61.0
11023   3   62.1
11024   3   74.3
11025   3   72.5
11026   3   73.8
11027   3   75.7
11028   3   68.6
11029   3   76.2
11030   3   75.7
11031   3   72.3
11032   3   76.1
11033   3   74.6
11034   3   75.9
11035   3   73.2
11036   3   65.4
11037   3   75.2
11038   3   69.3
11039   3   73.9
11040   3   66.7
11041   3   49.1
11042   3   63.1
11043   3   74.1
11044   3   76.1
11045   3   69.0
11046   3   70.0
11047   3   74.1
11048   3   71.2
11049   3   75.5
11050   3   75.9
11051   3   76.1
11052   3   62.0
11053   3   63.6
11054   3   68.6
11055   3   53.6
11056   3   72.1
11057   3   75.4
11058   3   74.1
11059   3   76.4
11060   3   56.5
11061   3   75.5
11062   3   70.8
11063   3   72.4
11064   3   73.7
11065   3   75.7
11066   3   74.3
11067   3   76.4
11068   3   58.8
11069   3   47.7
11070   3   75.2
11071   3   72.6
11072   3   73.9
11073   3   69.8
11074   3   62.9
11075   2   61.5
11076   3   58.6
11077   3   70.1
11078   3   74.8
11079   3   74.3
11080   3   59.1
11081   3   76.2
11082   3   75.0
11083   3   48.2
11084   3   64.4
11085   3   67.8
11086   3   73.3
11087   3   67.5
11088   3   75.3
11089   3   73.8
11090   3   72.3
11091   3   63.9
11092   3   66.9
11093   3   68.0
11094   3   58.9
11095   3   72.1
11096   3   73.6
11097   3   73.3
11098   3   70.1
11099   3   71.3
11100   3   61.5
11101   3   68.6
11102   3   73.7
11103   3   69.3
11104   2   74.0
11105   3   74.5
11106   2   75.0
11107   3   75.7
11108   3   76.5
11109   3   51.9
11110   3   73.9
11111   3   73.4
11112   3   72.2
11113   3   74.7
11114   3   73.3
11115   3   72.8
11116   3   75.0
11117   3   74.5
11118   3   66.9
11119   3   75.2
11120   3   75.2
11121   3   73.9
11122   3   69.2
11123   3   76.9
11124   3   76.3
11125   3   56.1
11126   3   76.5
11127   3   74.8
11128   3   72.9
11129   3   58.6
11130   3   47.4
11131   3   57.4
11132   3   50.9
11133   3   59.1
11134   3   76.0
11135   3   70.2
11136   3   51.7
11137   3   57.2
11138   3   74.5
11139   3   58.7
11140   3   75.0
11141   3   72.7
11142   3   73.7
11143   3   64.8
11144   3   73.1
11145   3   70.4
11146   3   68.8
11147   3   58.4
11148   3   75.3
11149   3   75.8
11150   3   73.7
11151   3   72.9
11152   3   69.5
11153   3   72.8
11154   3   70.2
11155   3   73.2
11156   3   74.8
11157   3   74.0
11158   3   53.6
11159   3   73.2
11160   3   72.1
11161   3   61.5
11162   3   73.3
11163   3   74.7
11164   3   73.6
11165   3   76.3
11166   3   72.4
11167   3   71.8
11168   3   73.6
11169   3   72.7
11170   3   74.2
11171   3   58.4
11172   3   64.9
11173   3   52.6
11174   3   72.1
11175   3   45.4
11176   3   73.0
11177   3   73.1
11178   3   67.6
11179   3   50.0
11180   3   65.2
11181   3   63.2
11182   3   51.5
11183   3   71.5
11184   3   71.8
11185   3   66.7
11186   3   66.9
11187   3   51.6
11188   3   56.9
11189   3   72.6
11190   3   71.7
11191   3   71.1
11192   3   70.6
11193   3   71.2
11194   3   71.7
11195   3   63.6
11196   3   72.4
11197   3   73.9
11198   3   72.6
11199   3   72.8
11200   3   57.2
11201   3   72.0
11202   3   53.8
11203   3   75.3
11204   3   73.9
11205   3   74.8
11206   3   66.7
11207   3   72.1
11208   3   59.1
11209   3   72.3
11210   3   49.1
11211   3   73.7
11212   3   71.2
11213   3   74.0
11214   5   83.9
11215   5   84.0
11216   5   84.6
11217   3   74.2
11218   3   74.0
11219   3   72.1
11220   3   71.2
11221   3   72.2
11222   3   72.6
11223   3   53.1
11224   3   73.9
11225   3   72.7
11226   3   73.2
11227   3   71.7
11228   3   71.8
11229   3   71.1
11230   3   62.9
11231   3   72.0
11232   3   65.8
11233   3   39.2
11240   3   70.0
11241   3   53.0
11242   3   74.7
11243   3   60.2
11244   3   74.7
11245   3   67.3
11246   3   74.5
11247   3   59.5
11248   3   68.6
11249   3   73.9
11250   3   73.1
11251   3   70.5
11252   3   73.1
11253   3   73.3
11258   3   44.0
11259   3   65.2
11260   3   72.7
11261   3   58.8
11262   3   74.4
11263   3   73.5
11264   3   73.2
11265   3   71.3
11266   3   73.2
11267   3   73.2
11268   3   74.0
11269   3   60.7
11270   3   74.7
11271   3   54.6
11272   3   74.8
11273   3   72.9
11274   3   74.5
11275   3   71.8
11276   3   74.1
11277   3   44.6
11278   3   72.0
11279   3   47.4
11280   3   45.8
11281   3   73.1
11282   3   72.1
11283   3   42.0
11284   3   69.9
11285   3   66.2
11286   3   66.2
11287   3   59.9
11288   3   73.2
11289   3   72.7
11290   3   71.1
11291   3   70.4
11292   3   53.0
11293   3   70.7
11294   3   73.5
11295   3   74.5
11296   3   71.9
11297   3   72.1
11298   3   69.5
11299   3   67.8
11300   3   75.7
11301   3   75.7
11302   3   74.7
11303   3   71.4
11304   3   75.7
11305   3   70.9
11306   3   43.3
11307   3   73.9
11308   3   64.2
11309   3   73.8
11310   3   73.7
11311   3   66.8
11312   3   73.0
11313   3   75.9
11314   3   54.2
11315   3   52.8
11316   3   74.8
11317   3   72.8
11318   3   66.1
11319   3   74.2
11320   3   56.1
11321   3   76.2
11322   3   74.7
11323   3   70.7
11324   3   75.7
11325   3   76.0
11326   3   73.4
11327   3   66.2
11337   3   73.5
11338   3   73.6
11339   3   72.8
11340   3   68.2
11341   2   62.9
11342   3   67.4
11343   2   70.6
11344   2   74.0
11345   2   75.5
11346   2   65.0
11347   2   29.8
11348   1   36.4
11349   2   58.1
11350   2   55.2
11351   2   55.8
11352   2   71.1
11353   2   73.8
11354   2   68.1
11355   2   62.1
11356   2   74.2
11357   1   77.6
11358   2   73.4
11359   2   72.8
11360   2   72.7
11361   2   76.9
11362   2   73.0
11363   2   51.2
11364   2   74.8
11365   2   75.5
12001   2   69.0
12002   2   69.4
12003   2   65.1
12004   2   75.5
12005   2   73.3
12006   2   76.4
12007   2   72.6
12008   2   73.8
12009   2   76.5
12010   2   62.5
12011   2   54.3
12012   2   76.0
12013   2   73.3
12014   2   68.2
12015   2   75.7
12016   2   77.9
12017   2   76.2
12018   2   67.0
12019   2   74.5
12020   2   65.5
12021   2   74.5
12022   2   74.8
12023   2   75.5
12024   2   76.0
12025   2   55.0
12026   3   52.9
12027   2   70.8
12028   2   73.7
12029   3   72.5
12030   3   74.8
12031   3   65.0
12032   2   71.3
12033   3   74.3
12034   2   74.7
12035   3   72.8
12036   3   75.5
12037   3   71.3
12038   2   77.9
12039   2   78.6
12040   3   62.2
12041   2   65.9
12042   3   66.6
12043   2   76.7
12044   3   76.0
12045   3   65.7
12046   3   61.4
12047   2   76.4
12048   3   66.8
12049   3   77.6
12050   3   74.7
12051   3   66.2
12052   3   76.5
12053   3   76.4
12054   3   58.6
12055   3   73.7
12056   3   77.4
12057   3   77.3
12058   3   77.4
12059   3   70.6
12060   3   77.3
12061   3   59.0
12062   3   77.8
12063   3   75.3
12064   3   77.5
12065   3   77.7
12066   3   66.1
12067   2   67.5
12068   3   66.5
12069   2   79.1
12070   2   76.3
12071   2   77.2
12072   2   79.4
12073   2   79.8
12074   3   62.2
12075   3   78.8
12076   3   66.5
12077   3   70.9
12078   2   79.3
12079   2   58.1
12080   2   69.1
12081   2   78.2
12082   2   77.2
12083   2   74.1
12084   2   77.9
12085   2   76.5
12086   2   78.7
12087   2   77.1
12088   3   77.1
12089   3   57.8
12090   3   62.8
12091   3   78.6
12092   3   79.2
12093   3   58.8
12094   2   75.8
12095   2   64.7
12096   3   75.0
12097   1   73.5
12098   2   72.2
12099   2   75.8
12100   2   74.2
12101   1   74.1
12102   1   72.1
12103   2   74.8
12104   2   72.0
12105   2   78.1
12106   2   78.5
12107   2   79.9
12108   2   69.1
12109   2   78.5
12111   2   78.1
12112   2   79.6
12113   2   64.6
12114   2   69.8
12115   2   80.4
12116   3   61.8
12117   3   56.2
12118   3   78.9
12119   3   77.5
12120   3   75.9
12121   3   75.2
12122   3   76.4
12123   3   76.8
12124   3   78.2
12125   3   79.0
12126   3   78.1
12127   3   79.1
12128   3   78.4
12129   3   78.4
12130   3   77.4
12131   3   78.3
12132   3   75.6
12133   3   79.1
12134   3   78.9
12135   3   78.1
12136   3   77.7
12137   3   79.1
12138   3   79.9
12139   3   76.8
12140   3   75.8
12141   3   76.1
12142   3   76.2
12143   3   68.4
12144   3   75.3
12145   3   74.2
12146   3   69.4
12147   3   76.9
12148   3   75.6
12149   3   74.7
12150   3   75.0
12151   3   72.9
12152   3   77.2
12153   3   75.9
12154   3   74.7
12155   3   75.8
12156   3   63.0
12157   3   77.8
12158   3   76.0
12159   3   77.5
12160   3   76.6
12161   3   75.6
12162   3   75.3
12163   3   78.4
12164   3   70.6
12165   3   54.9
12166   3   76.7
12167   3   75.2
12168   2   75.2
12169   2   74.0
12170   3   72.6
12171   3   75.0
12172   3   75.2
12173   3   72.6
12174   3   64.8
12175   3   74.3
12176   3   75.2
12177   2   62.9
12178   3   77.6
12179   3   75.7
12180   3   75.0
12181   3   75.8
12182   3   72.2
12183   3   69.9
12184   3   72.1
12185   3   36.9
12186   3   34.5
12187   3   72.5
12188   3   75.9
12189   3   78.4
12190   3   77.7
12191   3   75.8
12192   3   73.8
12193   3   74.0
12194   3   76.1
12195   3   77.5
12196   3   76.6
12197   3   74.2
12198   3   77.4
12199   3   76.4
12200   3   55.0
12201   3   58.8
12202   3   77.2
12203   3   74.0
12204   3   71.9
12205   3   76.5
12206   3   73.4
12207   3   73.3
12208   3   71.5
12209   3   73.0
12210   3   74.7
12211   1   79.1
12213   1   45.2
12214   1   45.2
12215   1   70.5
12216   1   75.9
12217   1   73.6
12218   3   73.9
12219   3   70.0
12220   3   74.3
12221   3   76.1
12222   3   76.6
12223   3   77.3
12224   3   77.9
12225   3   77.3
12226   3   76.8
12227   3   57.7
12228   3   75.8
12229   3   76.6
12230   3   79.5
12231   3   77.9
12232   3   78.8
12233   3   77.2
12234   3   75.2
12235   3   58.8
12236   3   68.9
12237   3   77.2
12238   3   75.9
12239   3   76.1
12240   3   79.3
12241   3   71.1
12242   3   73.1
12243   3   76.4
12244   3   78.4
12245   3   77.8
12246   3   77.5
12247   3   77.9
12248   3   59.8
12249   3   77.0
12250   3   78.1
12251   3   59.7
12252   2   61.0
12254   3   32.0
12255   3   60.7
12256   3   72.9
12257   3   76.7
12258   3   50.7
12259   3   76.1
12260   3   76.8
12261   3   77.0
12262   3   77.8
12263   3   74.5
12264   3   76.3
12265   3   68.5
12266   3   72.4
12267   3   67.9
12268   3   65.6
12269   3   75.6
12270   3   75.2
12271   3   75.5
12272   3   74.4
12273   3   75.6
12274   3   74.4
12275   2   62.3
12276   3   75.6
12277   3   76.4
12278   3   74.2
12279   3   76.1
12280   3   72.9
12281   3   75.5
12282   3   75.8
12283   3   74.4
12284   3   76.9
12285   3   55.9
12286   3   74.5
12287   3   72.9
12288   3   75.9
12289   3   67.7
12290   3   61.0
12291   3   75.9
12292   3   57.5
12293   3   74.8
12294   3   75.2
12295   3   75.5
12296   3   74.8
12297   3   74.5
12298   3   74.7
12299   3   76.4
12300   3   71.3
12301   3   76.4
12302   2   51.1
12303   3   76.2
12304   3   77.4
12305   3   75.7
12306   3   76.7
12307   3   77.1
12308   3   77.8
12309   3   78.2
12310   3   76.5
12311   3   76.7
12312   3   71.6
12313   3   70.6
12314   3   77.8
12315   3   78.7
12316   3   77.4
12317   3   75.9
12318   3   70.8
12319   3   77.2
12320   3   75.6
12321   3   76.5
12322   3   76.1
12323   3   78.6
12324   3   77.1
12325   3   77.7
12326   3   73.8
12327   3   42.4
12328   3   76.2
12329   3   72.6
12330   3   68.1
12331   3   78.8
12332   3   78.3
12333   3   75.6
12334   3   69.9
12335   3   76.2
12336   3   77.6
12337   3   77.1
12338   3   75.9
12339   3   67.9
12340   3   68.0
12341   3   59.2
12342   3   76.1
12343   3   77.3
12344   3   74.8
12345   3   75.9
12346   3   72.3
12347   3   58.7
12348   3   48.3
12349   3   77.9
12350   3   74.0
12351   3   72.7
12352   3   77.5
12353   3   76.0
12354   3   77.2
12355   3   79.1
12356   3   73.0
12357   3   74.3
12358   3   78.2
12359   3   75.6
12360   3   76.9
12361   3   75.3
12362   3   74.4
12363   3   69.3
12364   3   76.4
12365   3   73.2
12366   3   74.5
13001   3   77.3
13002   3   74.2
13003   3   76.2
13004   3   76.0
13005   3   78.2
13006   3   76.6
13007   3   76.2
13008   3   74.7
13009   3   74.3
13010   3   75.0
13011   3   64.4
13012   3   74.1
13013   3   77.2
13014   3   75.0
13015   3   69.0
13016   3   69.2
13017   3   58.9
13018   3   78.6
13019   3   78.4
13020   3   73.9
13021   3   78.6
13022   3   76.6
13023   3   65.9
13024   3   73.3
13025   3   74.2
13026   3   75.7
13027   3   77.7
13028   3   59.7
13029   3   65.6
13030   3   75.1
13031   3   78.1
13032   3   75.7
13033   3   75.6
13034   3   75.6
13035   3   72.0
13036   3   75.6
13037   3   77.4
13038   3   73.4
13039   3   76.3
13040   3   77.7
13041   3   76.9
13042   3   68.6
13043   3   77.5
13044   3   75.0
13045   3   78.6
13046   3   74.7
13047   3   68.8
13048   3   77.4
13049   3   78.0
13050   3   61.6
13051   3   75.9
13052   3   61.1
13053   3   53.9
13054   3   77.2
13055   3   76.9
13056   3   76.8
13057   3   76.0
13058   3   68.7
13059   3   50.6
13060   3   62.3
13061   3   79.7
13062   3   73.6
13063   3   65.8
13064   3   74.3
13065   3   59.6
13066   3   75.1
13067   3   74.2
13068   3   76.7
13069   3   73.4
13070   3   65.3
13071   3   77.7
13072   3   76.7
13073   3   70.9
13074   3   70.8
13075   3   75.6
13076   3   76.2
13077   3   79.1
13078   3   79.3
13079   3   72.7
13080   3   55.5
13081   3   79.4
13082   3   78.5
13083   3   80.6
13084   3   81.8
13085   3   81.3
13086   3   78.4
13087   3   80.6
13088   3   39.7
13089   3   41.6
13090   3   78.5
13091   3   78.1
13092   3   69.8
13093   3   79.4
13094   3   76.9
13095   3   77.1
13096   3   76.3
13097   3   75.8
13098   3   75.7
13099   3   76.1
13100   3   77.4
13101   3   78.9
13102   3   75.4
13103   3   76.9
13104   3   78.0
13105   3   74.9
13106   3   77.7
13107   3   75.8
13108   3   78.5
13109   3   73.5
13110   3   66.2
13111   3   76.8
13112   3   79.6
13113   3   80.6
13114   3   72.3
13115   3   59.5
13116   3   74.0
13117   2   78.4
13118   2   78.8
13119   3   75.6
13120   3   61.1
13121   3   78.4
13122   3   79.9
13123   3   78.8
13124   3   75.8
13125   3   78.9
13126   3   78.9
13127   3   76.9
13128   3   72.6
13129   3   77.4
13130   3   78.0
13131   3   80.5
13132   3   77.2
13133   3   78.9
13134   3   78.9
13135   3   77.1
13136   3   78.0
13137   3   74.1
13138   3   70.1
13139   3   75.8
13140   3   74.7
13141   3   77.9
13142   3   78.4
13143   3   77.3
13144   3   19.1
13145   3   78.3
13146   3   78.6
13147   3   76.9
13148   3   77.0
13149   3   79.1
13150   3   77.3
13151   3   76.6
13152   3   78.1
13153   3   77.1
13154   3   78.8
13155   3   78.3
13156   3   78.2
13157   3   77.8
13158   3   72.8
13159   3   75.6
13160   3   73.0
13161   3   77.4
13162   3   74.0
13163   3   69.5
13164   3   52.5
13165   3   76.0
13166   3   76.7
13167   3   76.5
13168   3   72.9
13169   3   73.4
13170   3   74.0
13171   3   70.1
13172   3   76.9
13173   3   76.0
13174   3   72.9
13175   3   61.4
13176   3   78.1
13177   3   78.1
13178   2   70.9
13179   2   77.0
13180   3   77.9
13181   3   79.5
13182   3   77.0
13183   3   74.8
13184   3   77.5
13185   3   76.8
13186   3   60.6
13187   3   76.4
13188   3   76.2
13189   3   75.1
13190   3   78.1
13191   3   73.4
13192   3   78.0
13193   3   79.9
13194   3   78.1
13195   3   77.8
13196   3   77.9
13197   3   78.8
13198   3   63.5
13199   3   76.0
13200   3   79.7
13201   3   76.4
13202   3   78.7
13203   3   76.0
13204   3   76.1
13205   3   66.8
13206   3   59.9
13207   3   77.4
13208   3   75.4
13209   3   77.5
13210   3   77.0
13211   3   77.0
13212   3   76.9
13213   3   78.9
13214   3   76.8
13215   3   73.9
13216   3   71.3
13217   3   76.3
13218   3   73.5
13219   3   77.3
13220   3   59.8
13221   3   78.2
13222   3   75.3
13223   3   58.8
13224   3   74.5
13225   3   65.9
13226   3   76.9
13227   3   75.1
13228   3   68.9
13229   3   54.7
13230   3   71.7
13231   3   72.7
13232   3   76.8
13233   3   47.7
13234   3   51.5
13235   3   61.4
13236   3   71.2
13237   3   77.5
13238   3   75.8
13239   3   70.9
13240   3   73.6
13241   3   78.5
13242   3   76.3
13243   3   68.0
13244   3   77.7
13245   3   68.2
13246   3   76.7
13247   3   67.9
13248   3   71.7
13249   3   72.6
13250   3   62.9
13251   3   71.1
13252   3   62.0
13253   3   65.2
13254   3   77.3
13255   3   79.0
13256   3   77.1
13257   3   77.6
13258   3   75.3
13259   3   61.1
13260   2   76.5
13261   3   77.9
13262   3   52.8
13263   3   71.7
13264   3   62.3
13265   3   79.2
13266   3   75.3
13267   3   78.6
13268   3   77.8
13269   3   71.1
13270   3   77.8
13271   3   76.9
13272   3   64.3
13273   3   65.7
13274   3   63.9
13275   3   71.3
13276   3   73.4
13277   3   68.0
13278   3   67.9
13279   3   68.1
13280   3   77.4
13281   3   78.7
13282   3   55.6
13283   3   58.2
13284   3   70.5
13287   2   74.8
13288   3   76.7
13289   3   77.5
13290   3   76.1
13291   3   75.6
13292   3   40.2
13293   3   76.4
13294   3   76.8
13295   3   72.2
13296   3   76.8
13297   3   67.2
13298   3   77.2
13299   3   78.5
13300   3   74.2
13301   3   65.0
13302   3   74.6
13303   3   69.4
13304   3   77.1
13305   3   69.1
13306   3   73.2
13307   3   74.6
13308   3   60.6
13309   3   75.1
13310   3   75.5
13311   3   69.6
13312   3   74.0
13313   3   72.0
13314   3   75.0
13315   3   76.2
13316   3   75.3
13317   3   69.9
13318   3   75.1
13319   3   75.3
13320   3   75.8
13321   3   72.1
13322   3   75.3
13323   3   75.5
13324   3   77.1
13325   3   76.0
13326   3   75.7
13327   3   76.2
13328   3   72.8
13329   3   75.4
13330   3   74.1
13331   3   76.9
13332   3   77.5
13333   3   74.1
13334   3   73.7
13335   3   77.8
13336   3   77.1
13337   3   80.3
13338   3   73.3
13339   3   74.7
13340   3   70.7
13341   3   76.0
13342   3   76.4
13343   3   72.0
13344   3   67.6
13345   3   75.3
13346   3   61.7
13347   3   76.0
13348   3   74.6
13349   3   75.8
13350   3   75.4
13351   3   74.4
13352   3   75.7
13353   3   72.9
13354   3   75.4
13355   3   75.3
13356   3   75.8
13357   3   73.8
13358   3   72.3
13359   3   76.1
13360   3   76.2
13361   3   75.8
13362   3   74.2
13363   3   76.3
13364   3   78.7
13365   3   65.1
14001   3   74.2
14002   3   70.2
14003   3   71.1
14004   3   73.9
14005   3   80.9
14006   3   75.9
14007   3   75.3
14008   3   72.1
14009   3   71.7
14010   3   65.4
14011   3   76.1
14012   3   74.6
14013   3   68.4
14014   3   67.8
14015   3   70.4
14016   3   48.7
14017   3   69.0
14018   3   76.6
14019   2   79.5
14020   3   70.6
14021   3   77.2
14022   3   75.0
14023   3   74.0
14024   3   61.7
14025   3   74.2
14026   3   74.2
14027   3   69.7
14028   3   75.4
14029   3   77.6
14030   3   77.9
14031   3   75.7
14032   3   75.7
14033   3   73.5
14034   3   76.3
14035   3   64.1
14036   3   70.4
14037   3   69.5
14038   3   65.2
14039   3   75.0
14040   3   75.7
14041   3   80.1
14042   3   68.4
14043   3   76.3
14044   2   64.1
14045   3   77.4
14046   3   71.3
14047   3   76.5
14048   3   74.9
14049   3   73.8
14050   3   69.3
14051   3   71.6
14052   3   59.1
14053   3   71.0
14054   3   74.7
14055   3   57.2
14056   3   55.1
14057   3   55.2
14058   3   74.0
14059   3   72.1
14060   3   67.6
14061   3   76.4
14062   3   75.6
14063   3   68.7
14064   3   65.3
14065   3   58.1
14066   3   74.1
14067   3   68.3
14068   3   74.8
14069   3   67.6
14070   3   65.7
14071   3   69.8
14072   3   49.7
14073   3   67.6
14074   3   72.7
14075   3   65.6
14076   3   63.4
14077   3   54.7
14078   3   61.0
14079   3   62.6
14080   3   59.7
14081   3   65.8
14082   3   73.4
14083   3   63.9
14084   3   61.3
14085   3   73.7
14086   3   65.3
14087   3   76.2
14088   3   67.3
14089   3   74.9
14090   3   75.9
14091   3   73.8
14092   3   43.2
14093   3   61.7
14094   3   67.1
14095   3   76.4
14096   3   73.8
14097   3   67.3
14098   3   56.7
14099   3   55.9
14100   3   64.7
14101   3   75.7
14102   3   55.2
14103   3   63.7
14104   3   56.9
14105   3   59.5
14106   3   64.4
14107   3   63.7
14108   3   69.0
14109   3   74.0
14110   3   61.7
14111   3   72.3
14112   3   66.9
14113   3   76.5
14114   3   52.3
14115   3   54.1
14116   3   75.9
14117   3   77.0
14118   3   41.8
14119   3   63.5
14120   3   57.9
14121   3   75.3
14122   3   69.4
14123   3   46.8
14124   3   59.7
14125   3   72.4
14126   2   33.8
14127   3   69.6
14128   3    0.0
14129   3   65.4
14130   3   46.9
14131   3   41.2
14132   3   32.8
14133   3   53.7
14134   3   48.5
14135   3   78.2
14136   3   76.4
14137   3   62.0
14138   3   70.7
14139   3   78.3
14140   3   61.3
14141   3   57.0
14142   3   49.5
14143   3   64.9
14144   3   63.4
14145   3   71.7
14146   3   55.4
14147   3   67.4
14148   3   48.5
14149   3   50.5
14150   3   63.4
14151   3   66.0
14152   3   68.8
14153   3   45.1
14154   3   55.6
14155   3   62.3
14156   3   49.5
14157   3   45.1
14158   3   53.8
14159   3   48.3
14160   3   48.3
14161   3   47.7
14162   3   55.7
14163   3   48.9
14164   3   43.2
14165   3   64.5
14166   3   56.6
14167   3   47.6
14168   3   52.5
14169   3   44.1
14170   3   48.0
14171   3   54.2
14172   3   71.4
14173   3   55.7
14174   3   59.2
14175   3   47.8
14176   3   40.2
14177   3   55.0
14178   3   61.4
14179   2   67.0
14180   3   56.1
14181   3   52.0
14182   3   62.7
14183   3   25.9
14184   3   64.0
14185   3   70.1
14186   3   71.0
14187   3   61.8
14188   3   63.8
14189   3   78.0
14190   3   73.1
14191   3   65.8
14192   3   72.0
14193   3   70.8
14194   3   64.2
14195   3   65.2
14196   3   65.9
14197   3   61.2
14198   3   73.3
14199   3   75.8
14200   3   77.2
14201   3   59.5
14202   3   64.7
14203   3   63.1
14204   3   54.4
14205   3   69.4
14206   3   77.0
14207   3   68.6
14208   3   74.0
14209   3   65.7
14210   3   66.6
14211   3   77.3
14212   3   76.4
14213   3   76.6
14214   3   75.9
14215   3   69.2
14216   3   64.9
14217   2   42.1
14218   3   57.4
14219   3   66.9
14220   3   70.5
14221   3   78.4
14222   3   71.3
14223   3   58.3
14224   3   78.3
14225   3   71.1
14226   3   76.5
14227   3   76.5
14228   3   71.2
14229   3   78.3
14230   3   77.1
14231   3   63.1
14232   3   61.3
14233   3   40.0
14234   3   77.7
14235   3   55.5
14236   3   63.0
14237   3   59.2
14238   3   69.9
14239   3   64.8
14240   3   78.6
14241   3   61.7
14242   3   75.9
14243   3   77.5
14244   3   76.4
14245   3   56.9
14246   3   50.5
14247   3   70.5
14248   3   78.4
14249   3   75.3
14250   3   76.1
14251   3   71.7
14252   3   76.4
14253   3   77.4
14254   2   78.4
14255   3   64.7
14256   3   57.3
14257   3   78.8
14258   3   77.7
14259   3   74.4
14260   3   76.4
14261   3   76.3
14262   3   76.8
14263   3   78.0
14264   3   74.1
14265   3   70.5
14266   3   65.1
14267   3   70.9
14268   3   69.8
14269   3   69.1
14270   3   63.0
14271   3   67.3
14272   3   75.3
14273   3   72.0
14274   3   78.2
14275   3   65.2
14276   3   78.3
14277   3   62.2
14278   3   67.3
14279   3   73.6
14280   3   71.9
14281   3   78.3
14282   3   60.0
14283   3   75.7
14284   3   44.9
14285   3   67.8
14286   3   62.2
14287   3   63.7
14288   3   61.4
14289   3   54.8
14290   3   70.3
14291   3   70.2
14292   3   75.9
14293   3   58.6
14294   3   65.1
14295   3   58.9
14296   3   54.9
14297   3   54.3
14298   3   50.8
14299   3   52.1
14300   3   69.3
14301   3   64.1
14302   3   64.6
14303   3   78.1
14304   3   41.1
14305   3   72.8
14306   3   70.5
14307   3   44.5
14308   3   57.3
14309   3   52.0
14310   3   59.0
14311   3   47.2
14312   3   62.8
14313   3   50.5
14314   3   66.9
14315   3   61.4
14316   3   47.6
14317   3   45.2
14318   3   53.2
14319   3   70.9
14320   3   52.5
14321   3   42.1
14322   3   70.3
14323   3   52.8
14324   3   69.8
14325   3   51.2
14326   3   66.3
14327   3   58.3
14328   3   53.3
14329   3   54.9
14330   3   61.0
14331   3   51.3
14332   3   53.5
14333   3   65.5
14334   3   63.7
14335   3   57.9
14336   3   40.2
14337   3   49.7
14338   3   55.1
14339   3   63.7
14340   3   58.5
14341   3   53.9
14342   3   48.5
14343   3   44.0
14344   3   32.8
14345   3   40.6
14346   3   42.2
14347   3   49.5
14348   3   53.2
14349   3   45.5
14350   3   53.2
14351   3   50.5
14352   3   42.7
14353   3   54.8
14354   3   65.1
14355   3   53.2
14356   3   44.0
14357   3   49.1
14358   3   49.5
14359   3   44.0
14360   3   57.2
14361   3   47.7
14362   3   47.8
14363   3   43.4
14364   3   53.2
14365   3   50.8
15001   3   51.2
15002   3   50.5
15003   3   53.5
15004   3   57.8
15005   3   45.2
15006   3   55.8
15007   3   34.5
15008   3   39.1
15009   3   68.5
15010   3   61.4
15011   3   55.3
15012   3   46.5
15013   3   54.3
15014   3   48.8
15015   3   70.2
15016   3   56.0
15017   3   44.3
15018   3   60.2
15019   3   62.8
15020   3   64.0
15021   3   46.6
15022   3   59.4
15023   3   56.2
15024   3   66.0
15025   3   52.7
15026   3   41.1
15027   3   52.4
15028   3   46.0
15029   3   57.0
15030   3   57.9
15031   3   52.9
15032   3   57.1
15033   3   44.6
15034   3   49.0
15035   3   50.3
15036   3   41.8
15037   3   52.6
15038   3   42.0
15039   3   46.0
15040   3   50.8
15041   3   50.7
15042   3   51.2
15043   3   51.2
15044   3   39.4
15045   3   44.4
15046   3   48.4
15047   3   41.7
15048   3   48.5
15049   3   46.4
15050   3   57.5
15051   3   43.8
15052   3   69.1
15053   3   49.0
15054   3   46.0
15055   3   53.9
15056   3   40.6
15057   3   72.4
15058   3   52.4
15059   3   61.1
15060   3   58.4
15061   3   42.6
15062   3   56.9
15063   3   43.5
15064   3   37.9
15065   2   54.9
15066   3   57.8
15067   1   76.4
15068   3   60.6
15069   3   55.1
15070   3   58.8
15071   3   56.5
15072   3   61.1
15073   3   52.0
15074   3   41.7
15075   3   52.7
15076   3   56.8
15077   3   50.2
15078   3   61.5
15079   3   57.6
15080   3   70.6
15081   3   56.5
15082   3   56.9
15083   3   48.5
15084   3   61.3
15085   3   46.2
15086   3   50.8
15087   3   64.3
15088   3   63.8
15089   3   62.9
15090   3   58.2
15091   3   33.3
15092   3   26.1
15093   3   66.4
15094   3   64.7
15095   3   54.6
15096   3   58.2
15097   3   46.3
15098   3   52.3
15099   3   36.2
15100   3   42.8
15101   3   59.0
15102   3   63.7
15103   3   48.5
15104   3   57.1
15105   3   61.9
15106   3   61.0
15107   3   54.9
15108   3   60.0
15109   3   51.8
15110   3   45.0
15111   3   45.0
15112   3   57.0
15113   3   51.3
15114   3   57.3
15115   3   59.0
15116   3   47.0
15117   3   47.5
15118   3   37.6
15119   3   52.1
15120   3   48.2
15121   3   55.2
15122   3   52.6
15123   3   56.2
15124   3   47.1
15125   3   56.3
15126   3   75.3
15127   3   76.4
15128   3   66.5
15129   3   75.0
15130   3   63.7
15131   3   50.3
15132   3   76.9
15133   3   69.8
15134   3   62.4
15135   3   66.6
15136   3   45.8
15137   3   74.5
15138   3   67.5
15139   3   66.3
15140   3   61.8
15141   3   75.3
15142   3   73.9
15143   3   53.5
15144   3   49.5
15145   3   68.9
15146   3   54.1
15147   3   71.4
15148   3   50.2
15149   3   52.2
15150   3   27.4
15151   3   29.8
15152   3   53.6
15153   3   69.0
15154   3   64.7
15155   3   64.9
15156   3   54.5
15157   3   58.3
15158   3   67.5
15159   3   67.0
15160   3   69.8
15161   3   67.2
15162   3   63.3
15163   3   75.2
15164   3   60.7
15165   3   66.4
15166   3   75.2
15167   3   74.7
15168   3   75.2
15169   3   48.8
15170   3   76.2
15171   3   69.9
15172   3   62.7
15173   3   63.2
15174   3   66.0
15175   3   60.4
15176   3   65.5
15177   3   56.5
15178   3   65.4
15179   3   77.5
15180   3   76.2
15181   3   74.6
15182   3   74.7
15183   3   75.6
15184   3   59.3
15185   3   73.9
15186   3   75.3
15187   3   73.8
15188   3   66.4
15189   3   74.1
15190   3   67.2
15191   3   65.7
15192   3   69.6
15193   3   75.0
15194   3   62.4
15195   3   75.9
15196   3   68.7
15197   3   55.2
15198   3   65.4
15199   3   76.2
15200   3   74.2
15201   3   76.5
15202   3   75.1
15203   3   67.8
15204   3   74.4
15205   3   44.4
15206   3   71.6
15207   3   71.0
15208   3   63.2
15209   3   50.3
15210   3   68.8
15211   3   65.5
15212   3   75.3
15213   3   72.9
15214   3   75.5
15215   3   76.0
15216   3   75.6
15217   3   75.3
15218   3   69.2
15219   3   68.5
15220   3   66.0
15221   3   65.7
15222   3   69.7
15223   3   44.4
15225   2   19.2
15226   2   73.9
15227   2   76.1
15228   2   75.5
15229   2   58.6
15230   2   75.5
15231   2   72.4
15232   2   73.6
15233   3   68.9
15234   3   76.5
15235   3   74.1
15236   3   69.4
15237   3   67.8
15238   3   68.6
15239   3   74.2
15240   3   62.6
15241   3   76.1
15242   3   73.3
15243   3   75.2
15244   3   75.7
15245   3   68.6
15246   3   68.8
15247   3   76.4
15248   3   67.7
15249   3   75.5
15250   3   68.1
15251   3   63.6
15252   3   57.3
15253   3   74.7
15254   3   68.7
15255   3   70.1
15256   3   74.8
15257   3   64.9
15258   3   71.3
15259   2   75.5
15260   2   75.7
15261   3   56.0
15262   3   75.6
15263   3   64.8
15264   3   77.3
15265   3   68.8
15266   3   69.1
15267   3   62.3
15268   3   69.9
15269   3   31.3
15270   3   49.7
15271   3   77.3
15272   3   59.3
15273   3   61.6
15274   3   78.3
15275   3   67.7
15276   3   68.0
15277   3   68.5
15278   3   59.8
15279   3   69.6
15280   3   57.5
15281   3   64.3
15282   3   71.6
15283   3   72.7
15284   3   61.3
15285   3   72.1
15286   3   66.7
15287   3   67.0
15288   3   70.5
15289   3   76.6
15290   3   57.2
15291   3   65.8
15292   3   58.7
15293   3   68.3
15294   3   59.3
15295   3   31.3
15296   3   70.2
15297   3   70.7
15298   3   70.8
15299   3   63.0
15300   3   62.8
15301   3   60.8
15302   3   28.9
15303   3   64.4
15304   3   77.1
15305   3   58.1
15306   3   68.9
15307   3   59.7
15308   3   77.9
15309   3   62.5
15310   3   62.8
15311   3   64.8
15312   3   55.4
15313   3   66.5
15314   3   66.2
15315   3   66.1
15316   3   71.3
15317   3   64.7
15318   3   77.1
15319   3   76.2
15320   3   72.8
15321   3   74.2
15322   3   73.0
15323   3   59.8
15324   3   76.8
15325   3   73.2
15326   3   76.6
15327   3   76.5
15328   3   69.8
15329   3   73.8
15330   3   77.6
15331   3   73.9
15332   3   75.5
15333   3   68.9
15334   3   77.8
15335   3   76.0
15336   3   77.7
15337   3   74.7
15338   3   76.7
15339   3   77.5
15340   3   73.1
15341   3   78.9
15342   3   76.9
15343   3   77.7
15344   3   77.4
15345   3   77.5
15346   3   76.5
15347   3   78.1
15348   3   77.5
15349   3   76.1
15350   3   77.3
15351   3   75.0
15352   3   77.9
15353   3   76.7
15354   3   76.5
15355   3   66.8
15356   3   39.5
15357   3   54.5
15358   3   75.0
15359   3   78.0
15360   3   73.5
15361   3   70.9
15362   3   78.5
15363   3   78.0
15364   3   66.8
15365   3   72.5
16001   2    0.0
16002   3   76.0
16003   3   75.3
16004   3   74.5
16005   3   75.6
16006   3   77.6
16007   3   75.5
16008   3   75.8
16009   3   76.3
16010   3   75.3
16011   3   76.7
16012   3   69.6
16013   3   67.4
16014   3   75.8
16015   3   78.1
16016   3   77.8
16017   3   77.3
16018   3   77.6
16019   3   69.0
16020   3   63.3
16021   3   75.8
16022   3   76.1
16023   3   77.8
16024   3   78.4
16025   3   77.2
16026   3   76.6
16027   3   66.8
16028   3   74.7
16029   3   76.8
16030   3   74.5
16031   3   74.5
16032   3   74.3
16033   3   68.6
16034   3   73.3
16035   3   76.9
16036   3   75.3
16037   3   77.2
16038   3   77.3
16039   3   70.7
16040   3   75.6
16041   3   69.8
16042   3   78.0
16043   3   79.0
16044   3   76.1
16045   3   75.2
16046   3   75.2
16047   3   75.2
16048   3   77.3
16049   3   78.0
16050   3   76.9
16051   3   76.9
16052   3   74.7
16053   3   75.5
16054   3   75.7
16055   3   72.9
16056   3   75.7
16057   3   63.6
16058   3   75.9
16059   3   75.9
16060   3   76.8
16061   3   75.5
16062   3   69.1
16063   3   75.9
16064   3   75.9
16065   3   75.2
16066   3   73.7
16067   3   72.3
16068   2   74.5
16069   3   72.0
16070   3   30.3
16071   3   26.3
16072   3   70.0
16073   2   75.3
16074   3   63.1
16075   3   46.5
16076   3   71.7
16077   3   76.0
16078   3   75.2
16079   3   67.5
16080   3   74.8
16081   3   76.3
16082   3   75.2
16083   3   73.6
16084   3   75.5
16085   3   76.0
16086   3   76.1
16087   3   74.5
16088   3   76.2
16089   3   75.2
16090   3   66.5
16091   3   62.3
16092   3   72.2
16093   3   75.6
16094   3   75.7
16095   3   68.5
16096   3   72.9
16097   3   75.0
16098   3   65.9
16099   3   65.8
16100   3   75.8
16101   3   75.2
16102   3   75.8
16103   3   73.3
16104   3   65.8
16105   3   75.5
16106   3   73.3
16107   3   75.5
16108   3   75.5
16109   3   75.8
16110   3   37.7
16111   3   40.3
16112   3   75.7
16113   3   50.3
16114   3   75.3
16115   3   74.7
16116   3   74.4
16117   3   76.0
16118   3   66.3
16119   3   62.3
16120   3   60.4
16121   3   74.7
16122   3   74.0
16123   3   33.7
16124   3   36.0
16125   3   35.5
16126   3   74.1
16127   3   53.2
16128   3   73.8
16129   3   73.6
16130   3   74.5
16131   3   68.5
16132   3   70.3
16133   3   73.5
16134   3   74.7
16135   3   74.1
16136   3   75.5
16137   3   75.5
16138   3   74.2
16139   3   35.5
16140   3   73.5
16141   3   73.4
16142   3   74.5
16143   3   60.5
16144   3   75.5
16145   3   75.8
16146   3   73.4
16147   3   74.4
16148   3   73.1
16149   3   74.0
16150   3   71.3
16151   3   74.2
16152   3   63.8
16153   3   75.3
16154   3   63.9
16155   3   67.8
16156   3   75.8
16157   3   72.5
16158   3   77.3
16159   3   74.6
16160   2   72.0
16161   3   74.5
16162   3   77.1
16163   3   75.5
16164   3   75.3
16165   3   73.0
16166   3   57.6
16167   3   75.9
16168   3   75.4
16169   3   75.1
16170   3   75.5
16171   3   68.9
16172   3   75.0
16173   3   76.3
16174   3   60.7
16175   2   26.2
16176   3   33.5
16177   3   45.2
16178   3   35.2
16179   3   67.6
16180   3   62.9
16181   3   63.1
16182   3   76.9
16183   3   75.0
16184   3   75.1
16185   3   76.0
16186   3   76.4
16187   3   72.4
16188   3   76.0
16189   3   74.2
16190   3   67.8
16191   3   73.6
16192   3   72.5
16193   3   57.7
16194   3   37.1
16195   3   77.2
16196   3   77.1
16197   3   73.4
16198   3   76.7
16199   3   74.0
16200   3   58.4
16201   3   39.9
16202   3   61.7
16203   3   42.3
16204   3   42.3
16205   3   45.3
16206   3   73.4
16207   3   47.3
16208   3   42.1
16209   3   36.7
16210   3   73.9
16211   3   74.2
16212   3   42.1
16213   3   36.3
16214   3   75.2
16215   3   74.1
16216   3   73.8
16217   3   73.6
16218   3   35.8
16219   3   75.3
16220   3   73.6
16221   2   76.6
16222   2   72.8
16223   2   73.6
16224   2   54.0
16225   2   67.5
16226   2   75.9
16227   2   74.5
16228   2   72.9
16229   2   76.7
16230   2   75.2
16231   2   74.8
16232   2   75.5
16233   2   75.2
16234   2   75.0
16235   2   75.7
16236   2   77.1
16237   2   73.5
16238   2   73.3
16239   2   72.8
16240   2   72.2
16241   2   73.6
16242   2   66.5
16243   2   73.8
16244   2   76.9
16245   2   75.5
16246   2   74.3
16247   2   74.8
16248   4   80.2
16249   4   80.5
16250   4   81.7
16251   4   81.1
16252   4   80.8
16253   4   82.2
16254   4   81.4
16255   4   80.2
16256   4   80.7
16257   4   81.6
16258   4   79.2
16259   4   80.5
16260   4   80.1
16261   4   81.2
16262   4   83.4
16263   4   81.6
16264   4   72.1
16265   4   83.2
16266   4   81.5
16267   4   82.5
16268   4   81.8
16269   4   82.2
16270   4   81.5
16271   4   80.9
16272   4   78.3
16273   4   79.9
16274   4   77.9
16275   4   82.0
16276   4   80.8
16277   4   74.1
16278   4   82.0
16279   4   83.1
16280   4   76.9
16281   4   76.8
16282   4   83.1
16283   4   83.0
16284   4   82.4
16285   4   78.3
16286   4   77.5
16287   4   58.3
16288   4   81.7
16289   4   81.5
16290   4   81.3
16291   4   82.2
16292   4   76.8
16293   4   81.8
16294   4   82.5
16295   4   82.0
16296   4   82.3
16297   4   82.6
16298   4   81.3
16299   4   82.3
16300   4   83.9
16301   4   77.0
16302   4   81.7
16303   4   82.0
16304   1   77.4
16305   1   76.9
