04001  16   68.8
04002  15   82.0
04003  13   82.6
04004  14   89.8
04005  19   72.5
04006  17   77.4
04007  18   75.2
04008  15   72.9
04009  17   63.6
04010  17   61.1
04011  16   80.4
04012  16   57.9
04013  16   68.3
04014  16   70.6
04015  16   66.4
04016  16   73.2
04017  17   73.4
04018  14   84.4
04019  16   65.3
04020  15   71.4
04021  15   67.5
04022  15   74.9
04023  15   73.5
04024  16   69.5
04025  16   85.2
04026  17   72.9
04027  16   77.7
04028  15   66.8
04029  14   70.4
04030  14   69.5
04031  13   66.3
04032  14   83.3
04033  17   71.0
04034  16   77.5
04035  14   74.0
04036  14   67.9
04037  16   69.6
04038  14   67.4
04039  13   84.8
04040  14   71.2
04041  13   72.7
04042  13   69.1
04043  13   78.0
04044  14   83.0
04045  15   71.1
04046  13   86.6
04047  15   68.8
04048  14   71.1
04049  15   75.2
04050  15   71.1
04051  16   68.0
04052  15   74.3
04053  14   83.8
04054  14   68.3
04055  16   72.7
04056  14   72.6
04057  15   68.9
04058  18   77.0
04059  16   72.3
04060  15   85.0
04061  16   84.7
04062  15   71.0
04063  16   83.8
04064  15   66.0
04065  16   73.2
04066  15   69.8
04067  16   84.6
04068  16   67.3
04069  17   74.9
04070  17   70.1
04071  16   69.1
04072  16   70.6
04073  14   70.1
04074  13   85.1
04075  14   75.0
04076  15   71.5
04077  17   70.6
04078  17   75.0
04079  14   57.9
04080  15   66.7
04081  15   85.8
04082  16   69.6
04083  17   73.9
04084  16   74.5
04085  17   76.1
04086  15   70.1
04087  16   71.2
04088  15   88.5
04089  15   80.7
04090  16   81.2
04091  14   81.7
04092  15   82.3
04093  17   75.6
04094  16   76.0
04095  15   81.6
04096  15   73.5
04097  16   78.4
04098  15   69.0
04099  15   81.2
04100  15   80.4
04101  16   84.2
04102  14   88.8
04103  16   78.7
04104  14   81.9
04105  13   82.9
04106  14   79.1
04107  14   86.0
04108  16   80.4
04109  15   84.2
04110  16   76.0
04111  16   83.8
04112  15   74.9
04113  14   75.6
04114  14   72.5
04115  15   71.8
04116  14   87.2
04117  14   79.3
04118  15   77.5
04119  13   79.9
04120  14   72.7
04121  15   78.8
04122  15   74.8
04123  13   83.8
04124  13   71.2
04125  15   78.2
04126  15   76.3
04127  14   72.9
04128  14   73.5
04129  15   78.1
04130  14   85.6
04131  15   78.2
04132  15   80.3
04133  17   69.2
04134  15   75.8
04135  13   74.9
04136  14   74.9
04137  15   80.9
04138  15   77.9
04139  16   81.5
04140  15   75.0
04141  14   63.1
04142  15   60.4
04143  15   78.7
04144  15   83.3
04145  16   73.2
04146  15   73.1
04147  14   76.9
04148  15   75.1
04149  18   84.5
04150  15   85.8
04151  15   80.7
04152  15   77.7
04153  15   79.4
04154  14   83.8
04155  15   84.5
04156  16   76.9
04157  14   80.3
04158  13   85.6
04159  15   72.9
04160  16   77.5
04161  14   77.5
04162  14   73.8
04163  14   80.9
04164  17   80.8
04165  14   85.0
04166  14   82.4
04167  16   77.4
04168  13   80.4
04169  16   84.0
04170  15   82.4
04171  15   82.5
04172  14   83.6
04173  16   82.1
04174  15   79.1
04175  13   81.1
04176  14   78.7
04177   8   85.1
04178   8   82.8
04179   9   83.9
04180   9   82.1
04181   9   82.7
04182  10   81.9
04183   8   84.6
04184   8   83.9
04185   7   86.5
04186   9   82.2
04187   8   83.4
04188   9   84.9
04189   9   82.8
04190   9   83.4
04191   9   85.7
04192   7   84.8
04193  10   84.2
04194   9   84.7
04195   8   85.1
04196   9   81.6
04197   9   84.1
04198  10   80.6
04199   9   81.4
04200  10   78.4
04201   9   81.8
04202   9   83.2
04203   9   80.2
04204   9   80.0
04205   9   80.7
04206   9   80.6
04207   8   84.4
04208   9   83.5
04209   9   86.0
04210   9   85.2
04211   9   82.9
04212   9   83.1
04213   9   83.8
04214   9   82.9
04215   9   82.5
04216   9   83.8
04217   9   84.3
04218   9   83.6
04219   9   81.9
04220   9   82.5
04221   9   85.4
04222   9   81.6
04223   9   86.8
04224   9   85.3
04225  10   81.2
04226  10   86.3
04227   8   87.0
04228   9   85.1
04229  10   82.6
04230   8   82.4
04231   8   80.0
04232   8   83.7
04233   8   82.9
04234   8   84.0
04235   8   85.1
04236   8   83.3
04237   8   85.1
04238   9   83.8
04239   9   86.7
04240   9   85.8
04241   9   87.9
04242   8   88.1
04243   9   87.6
04244   9   89.5
04245   9   85.7
04246   9   86.5
04247   9   82.1
04248   8   84.5
04249   8   84.8
04250  10   84.0
04251   9   86.9
04252  10   83.5
04253  10   85.3
04254  10   82.2
04255   9   84.0
04256   9   83.2
04257  10   80.9
04258   9   83.2
04259   9   83.5
04260   9   86.5
04261   9   86.2
04262   9   86.6
04263   9   84.9
04264   9   86.2
04265   9   87.3
04266   9   84.3
04267   9   85.2
04268   9   84.7
04269   9   86.9
04270   9   85.1
04271   9   88.0
04272   9   84.9
04273  10   84.1
04274   8   86.5
04275   7   84.3
04276   7   83.0
04277   8   86.9
04278   8   83.4
04279   8   86.0
04280   9   84.3
04281   9   84.4
04282   9   85.0
04283  10   83.3
04284   9   83.5
04285  10   85.0
04286   9   84.9
04287   9   87.8
04288   9   83.0
04289  10   83.1
04290   9   82.5
04291   9   84.5
04292  10   87.5
04293   8   86.7
04294   6   86.0
04295   8   85.4
04296   8   84.4
04297   9   86.6
04298  10   83.2
04299   8   82.0
04300   9   84.2
04301   9   84.6
04302   9   83.7
04303   7   82.9
04304   7   85.1
04305   8   84.8
04306   8   85.8
04307   9   73.2
04308   9   76.7
04309   9   83.6
04310   9   86.5
04311   9   89.1
04312   9   87.1
04313   9   85.7
04314   9   87.1
04315   9   87.8
04316   9   86.1
04317   8   87.5
04318   9   86.8
04319   8   85.8
04320   9   86.0
04321   8   89.5
04322   8   88.5
04323   8   77.7
04324   9   68.2
04325   9   65.7
04326   9   72.1
04327   9   71.9
04328   8   75.5
04329   8   85.0
04330   9   89.2
04331   9   88.4
04332   9   87.2
04333   9   86.0
04334   9   86.8
04335   8   86.2
04336   9   84.3
04337   9   87.3
04338   7   87.6
04339   7   86.8
04340   9   89.0
04341  10   84.2
04342   8   85.5
04343   7   85.1
04344   8   82.1
04345   7   89.7
04346   7   84.0
04347   8   83.5
04348   8   87.1
04349   8   87.8
04350   8   84.3
04351   8   86.0
04352   8   86.5
04353   9   88.0
04354   8   88.0
04355   9   89.2
04356   9   89.5
04357   9   87.8
04358   9   89.2
04359   8   86.9
04360   9   82.7
04361   9   84.7
04362   9   83.9
04363   9   83.3
04364   8   82.4
04365   8   85.4
04366   5   83.5
05001   6   82.5
05002   7   64.3
05003   7   77.2
05004  10   84.1
05005   8   87.8
05006   6   87.4
05007   6   87.1
05008   6   87.9
05009   8   88.9
05010   9   88.2
05011   7   85.7
05012   8   82.4
05013   8   86.9
05014   8   87.3
05015   9   90.3
05016   7   90.1
05017  10   84.9
05018   8   85.1
05019   9   85.1
05020   9   86.5
05021   8   82.1
05022   9   88.1
05023   9   84.8
05024   9   83.1
05025   9   87.6
05026   8   88.6
05027   9   85.7
05028   8   88.5
05029   9   84.8
05030   8   86.8
05031   9   86.0
05032   9   87.4
05033   7   84.6
05034   8   80.1
05035   7   85.8
05036   8   87.2
05037   9   85.3
05038   8   84.4
05039   8   88.8
05040   9   86.6
05041   9   87.2
05042   8   86.7
05043   8   85.7
05044   8   86.5
05045   8   89.7
05046   8   88.8
05047   8   89.4
05048   9   86.7
05049   8   88.6
05050   9   88.6
05051   8   86.7
05052   9   83.6
05053   9   88.8
05054  10   87.2
05055   9   87.8
05056  10   83.3
05057  10   86.1
05058  10   87.7
05059   9   86.5
05060  10   88.2
05061   9   88.3
05062   8   84.8
05063   9   86.4
05064   9   85.5
05065   9   83.8
05066   9   85.4
05067   9   90.4
05068   9   87.9
05069   8   87.3
05070   9   85.0
05071   9   86.8
05072   8   88.7
05073   9   87.4
05074  10   83.4
05075   8   84.7
05076   8   87.6
05077   8   85.0
05078   9   86.3
05079   8   88.2
05080   8   88.4
05081   8   89.0
05082   9   88.0
05083   9   87.2
05084   9   86.4
05085   8   78.6
05086   8   88.4
05087   9   83.1
05088   8   79.7
05089   9   84.8
05090   9   84.0
05091   8   89.2
05092   8   88.7
05093   7   90.5
05094   7   88.8
05095   8   88.8
05096   7   87.8
05097   8   78.9
05098   7   90.0
05099   7   91.4
05100   8   89.3
05101   6   88.4
05102   8   87.7
05103   8   87.6
05104  10   83.8
05105   7   83.2
05106   7   85.3
05107   7   81.9
05108   7   87.4
05109   8   86.1
05110   9   86.0
05111   9   81.2
05112   9   86.8
05113   8   84.8
05114   8   78.7
05115   8   75.6
05116  10   79.6
05117   9   80.9
05118   8   83.5
05119  10   84.7
05120   9   80.6
05121   9   78.7
05122   8   81.1
05123  10   80.6
05124   8   81.7
05125  11   85.7
05126  11   83.6
05127  10   83.2
05128  11   81.6
05129   9   83.5
05130   9   85.5
05131  10   82.2
05132  10   83.9
05133  10   84.2
05134   9   80.6
05135   9   83.5
05136  10   84.7
05137   9   88.8
05138   8   80.3
05139   8   78.5
05140   9   81.7
05141   9   79.7
05142   9   82.4
05143   8   82.2
05144   8   78.8
05145   9   80.1
05146   8   82.1
05147   9   80.0
05148   9   78.4
05149   9   80.1
05150   8   75.9
05151  10   84.8
05152   9   90.0
05153   9   82.7
05154   9   84.6
05155   9   85.6
05156   9   80.0
05157   9   81.8
05158   9   84.8
05159   9   88.2
05160   9   84.5
05161   9   85.7
05162  10   84.2
05163   9   80.4
05164   8   84.1
05165  10   83.2
05166  10   82.5
05167   9   83.3
05168   9   79.9
05169   9   82.2
05170   9   82.6
05171  10   82.6
05172   9   84.0
05173   9   83.6
05174  10   84.2
05175  10   83.1
05176  10   82.0
05177   9   81.4
05178   9   83.1
05179  10   82.2
05180  10   84.8
05181   9   83.1
05182  10   86.3
05183   9   89.0
05184   9   81.1
05185  10   82.1
05186  10   84.6
05187  10   82.9
05188  10   82.5
05189   9   84.8
05190   9   83.2
05191   9   82.0
05192   9   80.0
05193   9   81.2
05194   9   81.2
05195   8   82.9
05196   9   81.5
05197   9   82.2
05198   9   83.3
05199   8   84.5
05200  10   84.1
05201   9   83.7
05202  10   83.8
05203  10   84.1
05204  10   81.0
05205   9   81.7
05206   8   83.9
05207  10   81.2
05208  10   79.9
05209   9   85.3
05210   9   82.2
05211   9   83.2
05212   8   84.2
05213   9   84.1
05214   9   83.6
05215  10   84.5
05216   9   85.2
05217   9   86.9
05218   9   86.0
05219   9   88.2
05220   9   87.2
05221  10   86.2
05222   9   83.6
05223   9   88.2
05224   9   83.3
05225   9   86.2
05226  10   86.5
05227  10   88.8
05228   9   86.4
05229   9   85.4
05230   9   84.4
05231   9   85.5
05232   9   83.8
05233   7   83.7
05234   8   81.5
05235   8   83.8
05236  10   85.0
05237   9   83.8
05238   9   85.9
05239   9   86.9
05240   8   86.1
05241  10   86.5
05242  10   83.3
05243   9   81.9
05244   9   81.4
05245   9   77.5
05246   9   84.5
05247   9   82.1
05248   9   83.4
05249   9   82.0
05250   9   84.0
05251   9   83.6
05252   9   84.4
05253   9   85.0
05254   9   82.2
05255   8   82.1
05256   9   83.6
05257   9   86.2
05258  10   83.5
05259  11   78.5
05260  10   85.5
05261   9   84.8
05262  10   86.0
05263  10   84.6
05264  10   83.0
05265  10   84.0
05266   9   83.7
05267   9   84.0
05268   9   86.8
05269  10   85.6
05270   9   83.0
05271   9   83.2
05272  10   84.2
05273  11   82.5
05274  10   82.7
05275  11   87.0
05276  10   85.3
05277  10   85.0
05278  10   83.3
05279  10   85.4
05280   9   85.7
05281  11   87.1
05282  11   82.9
05283  10   82.6
05284  10   83.0
05285   8   84.8
05286  11   84.6
05287  10   84.8
05288  10   84.1
05289  10   84.3
05290  11   84.2
05291  11   82.2
05292  10   82.4
05293   9   82.6
05294  10   84.4
05295   9   85.9
05296  10   83.1
05297  10   83.8
05298  10   84.7
05299  10   82.7
05300  10   86.3
05301  10   84.4
05302  10   83.1
05303   9   83.6
05304  10   82.9
05305   9   84.3
05306   9   82.2
05307   9   83.5
05308   9   83.0
05309   9   83.5
05310  10   84.5
05311  10   84.6
05312  11   82.6
05313  11   73.4
05314  10   77.2
05315  11   78.3
05316  11   80.0
05317  11   77.9
05318  11   74.4
05319  11   78.0
05320  10   86.4
05321  11   85.9
05322  11   81.2
05323  10   77.1
05324   9   85.7
05325  10   85.2
05326   9   83.9
05327   9   83.5
05328   9   82.7
05329  10   84.6
05330   9   84.6
05331   8   77.5
05332   8   81.3
05333   8   81.9
05334   8   85.7
05335   8   85.4
05336   9   86.1
05337   9   83.5
05338   8   89.2
05339   9   84.2
05340   8   84.7
05341  10   90.1
05342  10   84.9
05343  10   88.0
05344  10   86.9
05345   9   87.3
05346  10   87.1
05347  10   85.2
05348   8   85.4
05349  10   83.2
05350  10   83.8
05351  10   80.4
05352   8   78.8
05353   7   84.3
05354   8   84.0
05355   9   86.7
05356   9   86.1
05357  10   86.2
05358  10   88.1
05359   9   84.4
05360  10   87.0
05361  10   80.7
05362   9   86.2
05363  10   86.3
05364  10   84.5
05365  10   77.4
06001  10   86.1
06002   9   84.8
06003  10   88.2
06004  10   88.8
06005  10   88.1
06006   9   84.8
06007   9   87.3
06008  10   86.4
06009  10   86.7
06010  10   87.9
06011   9   87.3
06012   9   88.6
06013   8   88.3
06014   9   86.7
06015   9   89.7
06016   9   88.4
06017   9   86.2
06018   9   84.4
06019   9   87.8
06020   8   81.5
06021   8   83.3
06022   8   83.4
06023   8   78.9
06024   8   84.4
06025   7   85.8
06026   8   87.7
06027   8   87.2
06028   8   86.4
06029   8   85.7
06030   8   86.9
06031   9   85.8
06032   9   87.5
06033   8   85.9
06034   8   89.5
06035   8   85.2
06036   8   85.1
06037   8   84.9
06038   9   82.2
06039  10   84.8
06040   8   83.4
06041   9   83.5
06042   8   85.6
06043   8   83.7
06044   9   86.5
06045   8   85.3
06046   9   82.2
06047  10   82.2
06048   9   83.9
06049   9   85.3
06050   9   83.9
06051   8   83.5
06052   8   83.3
06053   8   85.9
06054   8   86.4
06055   8   85.7
06056   8   87.1
06057   8   83.9
06058   8   86.9
06059   7   84.6
06060   8   83.3
06061   8   85.0
06062   8   85.6
06063   8   88.4
06064   9   89.1
06065   9   83.8
06066   9   88.2
06067   9   85.2
06068   8   85.2
06069   8   86.6
06070   9   89.2
06071  10   87.6
06072  10   86.3
06073   8   84.1
06074   7   91.4
06075  10   85.5
06076  10   88.1
06077  10   88.1
06078  10   89.3
06079  10   88.1
06080  10   86.3
06081  10   87.8
06082  10   88.9
06083  10   88.7
06084  10   83.8
06085  10   86.0
06086  11   84.8
06087   8   86.3
06088   8   85.4
06089   8   84.9
06090   8   83.8
06091   8   80.9
06092   8   85.8
06093   8   80.0
06094   8   82.6
06095   8   83.8
06096   8   79.9
06097   8   81.7
06098   8   86.4
06099   8   81.7
06100   8   81.0
06101   8   82.6
06102   9   86.0
06103   7   83.0
06104   8   83.5
06105   8   87.3
06106   8   81.0
06107   8   86.6
06108   8   84.9
06109   8   83.2
06110   8   84.8
06111   7   82.0
06112   9   85.3
06113   8   84.8
06114   8   85.7
06115   8   87.0
06116   9   85.8
06117   8   86.6
06118   9   87.4
06119   8   88.7
06120   8   85.9
06121   8   86.3
06122   9   87.7
06123   8   88.6
06124  10   89.8
06125   8   86.6
06126   8   86.3
06127   8   84.9
06128   9   83.3
06129   9   82.9
06130   8   84.5
06131   8   87.4
06132   9   87.2
06133   8   84.4
06134   8   83.4
06135   9   82.7
06136   8   81.5
06137   9   85.5
06138  10   83.7
06139  10   86.0
06140  10   87.3
06141  10   86.6
06142  10   83.7
06143  10   83.8
06144  10   86.4
06145  10   83.7
06146  10   82.0
06147  10   83.7
06148  10   81.1
06149   9   83.2
06150  10   83.0
06151   9   82.3
06152   7   83.2
06153  10   81.5
06154  10   81.3
06155  10   84.2
06156  10   84.1
06157   9   82.9
06158  10   85.6
06159  10   83.0
06160  10   82.8
06161  10   86.2
06162  10   86.7
06163   8   83.5
06164  10   85.4
06165  10   86.7
06166  10   83.9
06167  10   82.3
06168  10   83.7
06169  10   82.8
06170  10   83.9
06171  10   84.0
06172  10   83.3
06173  10   82.0
06174  10   85.5
06175  10   84.8
06176  10   83.8
06177  10   82.6
06178  11   74.1
06179  10   81.9
06180  10   81.3
06181   9   83.9
06182   9   83.9
06183  10   82.7
06184  10   82.4
06185   9   85.4
06186   9   81.5
06187   9   84.2
06188  10   81.9
06189   9   84.2
06190   9   81.1
06191   9   82.4
06192  10   81.3
06193  10   82.1
06194   9   85.6
06195  10   84.0
06196  10   86.3
06197  10   85.8
06198   9   84.1
06199   9   81.6
06200  10   82.7
06201  10   83.3
06202  10   83.7
06203  10   81.6
06204  10   84.4
06205  10   81.2
06206  10   81.1
06207   9   84.3
06208  10   82.1
06209  10   84.2
06210  10   84.9
06211  10   85.0
06212  10   79.4
06213   9   83.5
06214  10   82.1
06215  10   81.7
06216  10   84.8
06217  10   84.9
06218   9   85.0
06219  10   85.3
06220  10   82.3
06221   8   87.5
06222   9   85.0
06223   9   85.4
06224   9   84.7
06225   9   83.7
06226   9   83.1
06227  10   83.8
06228   9   83.4
06229   8   80.0
06230  10   84.0
06231   9   82.6
06232   9   80.9
06233   9   83.8
06234  10   83.6
06235   9   84.0
06236  10   84.3
06237  10   79.0
06238  11   80.0
06239  10   83.4
06240  11   82.0
06241  11   80.8
06242  11   83.3
06243  11   85.9
06244  11   83.6
06245  10   84.2
06246  10   84.0
06247  10   81.6
06248  10   87.1
06249  11   81.4
06250  10   82.5
06251  10   83.5
06252   9   87.4
06253  10   85.8
06254  10   84.5
06255  10   84.3
06256  11   85.4
06257  11   82.5
06258   9   82.4
06259   8   82.7
06260   9   83.5
06261   9   83.7
06262   9   82.7
06263   9   85.7
06264   9   83.6
06265  10   84.1
06266  10   87.2
06267  10   83.2
06268  10   87.1
06269  10   84.5
06270  10   84.2
06271  11   86.3
06272   7   84.8
06273   8   84.0
06274   8   81.1
06275   8   82.6
06276   9   82.5
06277   9   82.9
06278  10   82.9
06279  10   81.4
06280   9   85.2
06281   9   85.7
06282  10   86.5
06283  10   85.1
06284   9   83.9
06285   9   85.2
06286   9   83.4
06287   9   84.6
06288   9   85.8
06289   9   86.5
06290   9   84.3
06291   9   80.2
06292   9   84.2
06293   9   82.8
06294   9   83.6
06295  10   82.7
06296  10   86.3
06297  10   82.5
06298  10   86.8
06299   9   84.1
06300   9   82.8
06301   9   82.5
06302   9   82.1
06303   9   83.1
06304   9   84.4
06305   9   81.3
06306   9   84.3
06307   9   84.4
06308   9   83.9
06309   9   84.3
06310   8   84.8
06311  10   84.5
06312  10   83.1
06313  10   81.8
06314   9   81.2
06315   9   82.6
06316  10   81.7
06317  10   79.7
06318   9   82.0
06319   9   81.4
06320   9   87.9
06321   9   81.5
06322   9   85.2
06323   9   83.6
06324   9   81.7
06325   9   84.1
06326   9   83.9
06327  10   85.5
06328   9   83.1
06329   9   84.1
06330   9   83.1
06331   9   82.5
06332   8   86.1
06333   9   87.1
06334   9   86.1
06335   9   88.2
06336  10   85.7
06337  10   84.7
06338   9   81.9
06339  10   86.3
06340  10   82.6
06341   9   80.5
06342   9   84.4
06343   9   81.0
06344   9   84.8
06345   9   87.4
06346   8   84.8
06347   8   87.2
06348   9   85.9
06349   9   84.9
06350  10   88.1
06351  10   85.2
06352  10   82.0
06353   7   85.4
06354   7   85.8
06355   8   87.7
06356   8   84.3
06357   8   85.2
06358   8   85.4
06359   8   85.2
06360   8   84.1
06361   9   87.7
06362   9   85.0
06363   9   86.0
06364   9   88.2
06365   9   84.7
07001   9   83.4
07002   9   83.1
07003   8   84.4
07004   9   84.7
07005   9   86.2
07006   9   86.0
07007   9   86.9
07008  10   85.7
07009   9   87.6
07010   9   87.6
07011   9   86.1
07012   7   85.9
07013   7   86.4
07014   7   86.1
07015   7   87.0
07016   7   88.2
07017   8   88.6
07018  10   86.2
07019   8   87.1
07020   8   87.4
07021   8   89.3
07022   8   87.9
07023   7   87.9
07024   7   87.0
07025   7   85.9
07026   7   88.6
07027   8   88.3
07028   7   88.9
07029   8   83.9
07030   8   88.2
07031   7   87.1
07032   8   80.5
07033   8   87.4
07034   8   82.3
07035   7   86.9
07036   7   87.3
07037   8   86.1
07038   8   85.7
07039   8   86.7
07040   8   87.7
07041   8   86.4
07042   9   83.0
07043   9   82.8
07044   9   86.9
07045   8   86.0
07046   9   84.2
07047   8   84.5
07048   7   86.3
07049   8   84.7
07050   7   83.5
07051   8   88.1
07052   7   82.2
07053   7   87.1
07054   8   83.7
07055   7   79.9
07056   9   87.9
07057   8   82.4
07058   8   81.3
07059   9   84.8
07060   7   83.4
07061   9   83.5
07062   9   84.9
07063   9   84.5
07064   9   85.0
07065   9   86.2
07066   9   88.1
07067   8   84.8
07068   9   86.1
07069  10   87.6
07070   9   84.8
07071   8   83.1
07072   9   84.5
07073   9   82.1
07074   8   82.9
07075   7   83.4
07076   8   84.1
07077   8   82.6
07078   8   82.7
07079   8   83.7
07080   8   81.2
07081   8   84.9
07082   8   83.8
07083   8   83.3
07084   8   84.6
07085   8   80.0
07086   8   86.3
07087   8   87.2
07088   7   86.7
07089   6   86.8
07090   6   80.5
07091   6   85.1
07092   8   84.2
07093   7   84.0
07094   6   74.7
07095   6   83.3
07096   8   83.8
07097   8   84.4
07098   8   83.2
07099   8   79.4
07100   7   72.9
07101   7   85.5
07102   9   79.1
07103   8   82.4
07104   8   81.1
07105   7   87.6
07106   7   84.1
07107   7   79.3
07108   7   79.0
07109   9   78.6
07110   7   70.8
07111   9   84.6
07112   8   78.4
07113   9   76.7
07114   9   77.4
07115   6   86.4
07116   8   77.6
07117   7   80.5
07118   7   82.3
07119   5   84.7
07120   4   79.5
07121   6   87.9
07122   4   88.0
07123   5   84.7
07124   5   79.6
07125   5   87.4
07126   5   86.8
07127   6   86.8
07128   5   82.1
07129   4   85.3
07130   6   81.9
07131   6   85.8
07132   6   82.9
07133   6   82.5
07134   5   84.6
07135   6   87.3
07136   7   84.7
07137   7   83.9
07138   7   81.8
07139   7   83.7
07140   7   82.4
07141   7   82.4
07142   7   74.2
07143   8   77.2
07144  10   81.5
07145   8   80.6
07146   8   80.3
07147   9   80.0
07148   8   83.7
07149  10   85.4
07150   9   79.5
07151   7   82.8
07152   7   76.9
07153   8   82.3
07154   9   85.7
07155   7   80.9
07156   8   81.8
07157   6   84.5
07158   8   82.3
07159   7   81.2
07160   8   79.0
07161   7   77.6
07162   7   85.0
07163   9   82.0
07164   7   84.9
07165   6   82.8
07166   7   82.4
07167   7   78.3
07168   7   78.2
07169   7   80.9
07170   8   79.1
07171   8   78.3
07172   7   81.2
07173   9   80.5
07174   8   77.7
07175   8   82.9
07176   8   78.4
07177   8   81.8
07178   8   81.0
07179  10   81.9
07180   9   81.0
07181   8   81.9
07182   8   80.7
07183  10   82.7
07184   8   81.1
07185   8   77.1
07186   8   79.4
07187   7   82.6
07188   8   81.3
07189   8   82.7
07190   8   80.1
07191   8   80.8
07192   8   80.2
07193  10   80.7
07194  10   76.9
07195  10   81.0
07196   9   78.2
07197  10   76.5
07198  10   79.9
07199   9   76.2
07200   9   80.3
07201   9   75.1
07202  10   78.5
07203  10   77.0
07204  10   76.6
07205   9   81.6
07206   9   83.8
07207   9   81.3
07208  10   81.4
07209   9   82.0
07210   8   80.1
07211   9   81.6
07212   9   81.3
07213   9   80.4
07214   9   80.8
07215   9   81.3
07216   9   78.2
07217  10   79.4
07218   9   76.4
07219   9   77.1
07220  10   80.3
07221   9   77.4
07222  10   79.2
07223   9   78.2
07224   9   81.1
07225   9   78.5
07226   9   80.4
07227   9   80.8
07228   9   81.7
07229   9   78.6
07230   9   81.2
07231   9   81.8
07232   9   79.7
07233   9   82.3
07234   9   81.3
07235  11   79.9
07236  10   82.9
07237  10   79.3
07238  10   82.6
07239  12   78.6
07240  12   83.1
07241  11   80.4
07242  12   83.2
07243  12   84.2
07244  10   84.1
07245  10   84.1
07246  13   80.7
07247  12   79.7
07248  11   81.4
07249  12   78.1
07250  11   79.7
07251  10   82.1
07252   9   81.6
07253  10   83.1
07254  12   77.5
07255  10   78.1
07256   9   78.5
07257  10   80.7
07258   9   79.1
07259   9   80.8
07260  11   81.3
07261  10   79.0
07262  10   82.4
07263   9   82.7
07264   9   82.5
07265   9   82.3
07266   9   83.7
07267  10   78.5
07268  10   82.7
07269  10   80.7
07270  10   84.6
07271  10   82.4
07272  11   84.7
07273  10   86.7
07274   9   83.9
07275   9   80.6
07276   8   81.8
07277   9   76.3
07278   9   79.9
07279   9   79.2
07280   8   79.5
07281   9   84.0
07282  10   83.2
07283   9   81.5
07284  10   84.7
07285  10   83.4
07286   9   84.9
07287   9   85.9
07288  10   84.0
07289   7   83.8
07290  10   80.9
07291  10   85.0
07292  10   83.1
07293  10   86.8
07294  10   85.6
07295  10   83.7
07296   9   85.6
07297  10   79.9
07298  10   75.9
07299  10   80.7
07300  10   81.3
07301  10   78.3
07302   9   77.5
07303  10   81.5
07304  10   74.1
07305  10   83.3
07306   9   81.1
07307  11   81.6
07308  10   83.7
07309  11   81.8
07310  11   83.7
07311  10   85.2
07312  12   80.7
07313  11   84.7
07314  10   84.1
07315  11   81.9
07316  11   84.4
07317  10   86.8
07318  10   82.0
07319  10   87.7
07320  10   83.6
07321   9   84.7
07322   9   84.5
07323  11   82.0
07324  10   79.8
07325  11   81.6
07326  10   83.6
07327  11   84.6
07328  11   83.6
07329  11   81.5
07330  10   81.8
07331  11   81.2
07332  10   83.1
07333  10   78.4
07334  10   81.7
07335  11   82.5
07336  11   82.8
07337  11   81.4
07338  10   81.3
07339  11   81.3
07340  11   82.4
07341  10   77.0
07342  10   77.9
07343  10   81.8
07344  10   79.2
07345  10   82.2
07346  11   82.5
07347  11   80.7
07348  11   76.3
07349  11   80.8
07350  11   82.8
07351  11   80.1
07352  11   78.1
07353  11   82.6
07354  10   85.9
07355  11   81.0
07356  11   82.9
07357  11   82.7
07358  11   80.7
07359  11   79.9
07360  10   82.3
07361  12   82.1
07362  11   85.7
07363  11   84.5
07364  11   83.1
07365  11   85.2
08001  11   86.2
08002  11   86.0
08003  11   86.0
08004  11   83.9
08005  11   85.7
08006  11   84.9
08007   9   81.9
08008  11   83.6
08009  11   80.7
08010  10   82.0
08011  10   80.4
08012  10   84.5
08013  10   81.3
08014  10   83.4
08015  11   83.3
08016  10   81.4
08017  11   81.3
08018  10   82.7
08019  10   82.3
08020  10   83.5
08021  10   82.6
08022   8   81.1
08023   9   73.6
08024  10   83.8
08025   9   81.1
08026   9   82.9
08027   9   78.8
08028  10   83.5
08029  10   78.9
08030  11   83.0
08031  11   82.0
08032  10   79.7
08033  10   80.8
08034  10   81.4
08035   9   73.7
08036   9   76.5
08037  11   76.5
08038  10   82.2
08039  10   84.9
08040  10   86.5
08041   9   85.4
08042   9   85.6
08043  10   85.4
08044  10   85.4
08045  10   84.1
08046  11   86.2
08047   9   86.7
08048   9   86.9
08049   9   83.3
08050  10   82.1
08051   8   80.1
08052   9   84.6
08053   9   83.3
08054   9   82.0
08055   9   83.2
08056   9   83.0
08057  11   82.8
08058  11   87.3
08059  10   85.1
08060  10   82.5
08061  10   82.8
08062  10   79.6
08063  10   81.2
08064  10   82.6
08065  10   75.5
08066  10   80.0
08067  10   77.0
08068  10   83.6
08069  10   84.0
08070  14   82.1
08071  10   82.9
08072  10   76.8
08073  10   78.5
08074   9   83.2
08075   9   80.8
08076   9   83.7
08077   9   82.1
08078   8   84.4
08079   8   85.3
08080   9   83.1
08081   9   82.3
08082   8   80.2
08083   8   84.9
08084   8   81.8
08085   9   79.5
08086   9   82.3
08087   9   85.0
08088   9   85.7
08089   9   88.5
08090   9   83.1
08091   9   83.8
08092   9   86.8
08093   9   85.3
08094   9   83.6
08095   9   87.6
08096   9   87.3
08097   9   87.8
08098   9   86.8
08099   9   86.5
08100   9   85.8
08101  10   84.4
08102   9   84.0
08103   9   84.3
08104   9   81.0
08105   9   81.5
08106   9   82.2
08107  10   83.7
08108   9   83.6
08109   9   85.5
08110   8   85.7
08111   8   89.3
08112   9   85.9
08113   9   84.6
08114   9   84.6
08115   9   86.2
08116   9   86.7
08117   9   82.6
08118  10   85.3
08119  11   85.4
08120  10   84.3
08121  10   84.9
08122   9   87.8
08123   9   88.7
08124   9   85.6
08125   9   81.5
08126  10   84.0
08127   9   84.8
08128  11   81.8
08129   8   83.4
08130   8   87.1
08131   8   85.9
08132   8   87.2
08133   9   83.9
08134   9   81.7
08135   9   83.6
08136   9   84.7
08137   9   85.2
08138   9   82.9
08139   9   84.4
08140   9   82.7
08141   9   82.0
08142  11   85.3
08143   9   86.3
08144   8   81.4
08145   9   85.7
08146   9   85.9
08147   8   89.7
08148   8   86.2
08149   9   81.3
08150  10   82.5
08151  10   80.0
08152   9   83.8
08153   9   81.5
08154   9   80.2
08155  11   81.6
08156  11   83.3
08157  11   83.9
08158   9   82.5
08159  11   83.5
08160  11   85.0
08161  11   85.5
08162  11   82.0
08163  11   81.4
08164  10   86.8
08165  10   86.9
08166   8   81.8
08167   9   85.0
08168   8   83.5
08169   8   84.9
08170  10   81.1
08171   9   81.1
08172   9   81.0
08173   9   82.2
08174   9   82.3
08175   9   81.3
08176   9   80.7
08177   9   79.6
08178   9   83.3
08179  11   80.0
08180  10   85.4
08181   9   83.7
08182  10   75.3
08183   9   81.1
08184   9   79.3
08185   9   82.3
08186   9   85.3
08187   9   81.4
08188   9   84.6
08189  10   79.0
08190   9   86.5
08191   9   86.5
08192   9   80.5
08193   9   84.0
08194   9   80.5
08195   9   85.1
08196   9   81.8
08197   9   84.9
08198   9   83.3
08199   9   84.0
08200   9   84.0
08201   9   76.4
08202   9   81.4
08203   9   82.4
08204   9   78.2
08205  10   78.3
08206  11   77.7
08207  10   77.1
08208   9   75.0
08209   9   82.2
08210   9   80.8
08211   9   80.6
08212   8   77.3
08213   9   81.8
08214   9   82.3
08215   9   85.5
08216   9   83.9
08217   9   80.9
08218   9   83.2
08219   9   84.6
08220   9   79.1
08221   9   83.1
08222   9   86.0
08223   9   85.0
08224   9   83.9
08225   8   84.0
08226   8   80.1
08227  10   83.2
08228   9   85.7
08229   9   83.1
08230   9   85.7
08231  10   83.8
08232   9   80.6
08233  10   84.9
08234  10   84.0
08235   9   85.5
08236   9   82.8
08237   7   84.3
08238  10   86.3
08239   9   81.6
08240   9   83.3
08241   9   83.0
08242  10   84.0
08243   9   84.4
08244   9   83.0
08245   9   80.2
08246   8   77.1
08247   8   80.1
08248   8   80.6
08249   8   82.2
08250   9   79.2
08251   8   79.9
08252   8   83.6
08253   8   83.2
08254   7   80.0
08255   9   82.0
08256   9   82.0
08257   9   80.0
08258   9   83.9
08259  10   82.9
08260   9   86.6
08261   7   81.5
08262  10   87.2
08263   8   85.0
08264   8   85.2
08265   8   84.7
08266  10   86.6
08267   9   86.5
08268   8   79.7
08269   8   80.0
08270   8   82.2
08271   8   84.6
08272   9   87.1
08273   9   85.9
08274   9   88.9
08275   9   86.1
08276   9   85.8
08277   9   84.8
08278   9   86.9
08279   9   86.6
08280   9   85.6
08281   9   84.9
08282   9   86.6
08283   9   83.4
08284   9   84.4
08285   9   85.9
08286   9   85.1
08287   9   86.7
08288   9   84.3
08289   9   84.9
08290   9   79.8
08291   9   86.8
08292   9   85.5
08293   9   87.2
08294   9   87.5
08295   9   87.7
08296   9   87.9
08297   9   88.5
08298   9   86.5
08299   9   88.5
08300   9   86.0
08301   9   84.7
08302   9   84.2
08303   8   86.1
08304   9   86.4
08305   9   87.3
08306   9   88.2
08307   9   87.0
08308   9   82.3
08309   9   86.7
08310  11   79.9
08311  10   81.8
08312   9   86.3
08313   9   86.2
08314   9   87.1
08315   9   89.2
08316   9   87.3
08317   9   89.8
08318   9   86.6
08319   9   88.6
08320   9   89.7
08321   9   87.6
08322   9   90.1
08323   9   86.5
08324   9   88.1
08325   9   87.3
08326   9   88.6
08327   9   90.4
08328   9   88.3
08329   9   83.4
08330   8   87.2
08331   9   87.4
08332   9   86.4
08333   9   84.2
08334   9   85.3
08335   8   85.6
08336   9   85.6
08337   9   87.5
08338   9   84.5
08339   9   86.5
08340   9   85.1
08341   9   86.2
08342   9   87.7
08343   9   86.6
08344   9   88.0
08345   9   83.2
08346   9   82.0
08347   9   87.2
08348   9   87.7
08349   9   86.6
08350   9   86.3
08351   9   85.7
08352   9   85.2
08353   9   87.2
08354   8   82.8
08355   9   88.1
08356   9   87.6
08357   9   86.8
08358   9   86.2
08359   9   88.3
08360   9   84.8
08361   9   87.8
08362   9   89.6
08363   9   89.8
08364   8   78.7
08365  10   81.7
08366  10   79.3
09001  10   83.4
09002  10   82.2
09003   9   90.0
09004   9   88.3
09005   9   90.0
09006   9   88.4
09007   9   88.4
09008   9   87.5
09009   9   89.0
09010   9   91.1
09011   9   90.1
09012   9   86.8
09013  10   83.6
09014  10   81.0
09015  10   86.8
09016   9   86.7
09017   8   86.4
09018   9   86.0
09019   9   86.0
09020   9   85.5
09021   9   83.6
09022   9   88.7
09023   9   84.6
09024   9   86.4
09025   8   88.8
09026   9   86.8
09027   9   87.9
09028   9   84.2
09029   9   85.5
09030   9   81.3
09031   9   85.4
09032   9   87.5
09033   9   81.2
09034   9   85.6
09035   9   87.8
09036   9   86.5
09037   9   85.8
09038   8   89.1
09039   9   87.6
09040   9   86.2
09041   8   83.8
09042   9   80.1
09043   9   82.3
09044   9   85.6
09045   9   86.1
09046   9   86.2
09047   9   82.8
09048   9   85.0
09049   9   84.3
09050   9   84.3
09051   9   83.6
09052   9   84.6
09053   9   86.8
09054   9   87.8
09055   9   85.7
09056   9   82.1
09057   9   85.2
09058   9   86.5
09059   9   87.2
09060   9   86.5
09061   9   86.4
09062   9   87.4
09063   9   84.3
09064   9   83.8
09065   9   88.0
09066   9   84.6
09067   9   85.3
09068   9   82.9
09069   9   87.1
09070   9   83.0
09071   9   82.9
09072   8   85.4
09073   9   87.9
09074   9   87.9
09075   9   89.4
09076   9   84.3
09077   9   81.0
09078   9   82.3
09079   9   88.4
09080   9   89.1
09081   9   89.6
09082   9   88.0
09083   9   89.2
09084   8   74.4
09085   8   86.7
09086   8   83.4
09087   8   84.5
09088   9   83.3
09089   8   81.6
09090   9   86.4
09091   9   84.8
09092   9   83.4
09093   9   83.2
09094   8   85.5
09095   9   86.5
09096   8   83.1
09097   8   85.9
09098   9   86.6
09099   9   86.1
09100   9   83.9
09101   9   84.6
09102   8   83.6
09103   8   85.0
09104   8   84.2
09105   8   84.9
09106   8   86.9
09107   8   88.4
09108   8   86.9
09109   8   86.8
09110   8   82.4
09111   8   79.7
09112   8   84.5
09113   8   86.3
09114   8   86.1
09115   9   86.5
09116   9   84.0
09117   9   88.4
09118   9   86.1
09119   8   85.6
09120   8   87.7
09121   8   87.9
09122   8   84.7
09123   8   86.3
09124   8   84.4
09125   9   87.3
09126   8   84.5
09127   8   84.8
09128   8   83.1
09129   8   86.6
09130   8   82.8
09131   8   82.8
09132   8   81.3
09133   8   82.4
09134   8   83.0
09135   9   84.9
09136   9   83.4
09137   9   84.7
09138   9   81.7
09139  10   84.9
09140   9   84.6
09141   9   80.6
09142   9   82.7
09143   7   82.4
09144   8   80.7
09145   9   81.5
09146   9   82.0
09147   9   81.3
09148   8   81.5
09149   9   81.8
09150   9   84.1
09151   8   82.6
09152   9   81.7
09153   9   82.0
09154   8   79.1
09155   8   83.4
09156   9   82.2
09157   9   80.0
09158  10   83.4
09159   9   81.3
09160   9   79.6
09161   8   79.4
09162   8   76.4
09163   8   75.1
09164   8   80.1
09165   8   78.7
09166   8   77.4
09167   8   80.0
09168   8   77.4
09169   8   77.1
09170   8   75.7
09171   8   75.8
09172   8   79.6
09173   8   79.5
09174   8   79.2
09175   8   79.3
09176   8   78.9
09177  10   82.7
09178   9   82.3
09179   9   83.4
09180   9   81.0
09181   8   78.7
09182   7   76.8
09183   7   76.8
09184   8   75.8
09185   8   77.9
09186   8   79.2
09187   8   75.1
09188   8   79.6
09189   8   77.8
09190   7   75.3
09191   8   79.4
09192   7   78.6
09193   7   74.1
09194   7   70.3
09195   7   74.6
09196   8   78.4
09197   9   72.5
09198   9   75.8
09199   9   81.5
09200   9   86.8
09201   9   77.1
09202   9   82.0
09203   9   81.7
09204   9   79.2
09205   8   79.8
09206   8   79.9
09207   9   83.7
09208   8   77.2
09209   9   82.1
09210   8   79.6
09211   8   75.9
09212   9   74.8
09213   9   73.8
09214   8   81.7
09215   7   77.8
09216   7   77.5
09217   8   85.3
09218   9   79.1
09219   9   79.6
09220   9   80.3
09221   8   82.1
09222   9   78.5
09223   8   73.5
09224   8   79.1
09225   8   72.6
09226   9   75.7
09227   8   77.4
09228   9   76.6
09229   8   78.3
09230   8   75.0
09231   8   81.1
09232   9   79.0
09233   9   80.9
09234   9   79.2
09235   9   84.1
09236   9   78.7
09237   9   80.0
09238   9   84.4
09239   9   83.5
09240   8   80.7
09241   8   78.3
09242   8   82.3
09243   8   79.1
09244   9   80.8
09245   9   81.1
09246   8   80.2
09247   8   82.5
09248   9   83.1
09249   8   82.8
09250   8   76.8
09251   8   78.8
09252   8   79.2
09253   8   80.9
09254   7   74.9
09255   8   82.2
09256   7   81.0
09257   8   83.2
09258   8   83.7
09259   8   81.8
09260   9   80.3
09261   8   81.1
09262   8   81.2
09263   9   82.7
09264   9   83.6
09265   8   79.4
09266   8   81.2
09267   8   80.1
09268   8   84.0
09269   8   83.3
09270   8   81.2
09271   9   82.7
09272   9   79.1
09273   8   74.6
09274   8   77.6
09275   8   79.7
09276   8   79.8
09277   7   80.5
09278   8   75.8
09279   8   83.6
09280   8   81.3
09281   8   77.8
09282   8   80.0
09283   8   80.6
09284   8   79.7
09285   8   82.1
09286   8   80.2
09287   9   78.4
09288   9   80.2
09289   8   81.8
09290   8   85.6
09291   8   83.1
09292   8   82.8
09293   8   84.0
09294   9   75.8
09295   8   71.7
09296   8   80.7
09297   8   80.9
09298   9   85.0
09299   8   83.5
09300   8   85.5
09301   9   88.6
09302   9   87.2
09303   9   79.6
09304   8   83.2
09305   8   82.5
09306   8   84.2
09307   8   87.7
09308   9   84.4
09309   9   85.8
09310   9   85.3
09311   8   86.4
09312   9   86.8
09313   9   87.6
09314   9   87.7
09315   8   82.7
09316   8   80.4
09317   9   85.0
09318   9   83.8
09319   9   82.7
09320   8   82.9
09321   8   81.1
09322   8   83.0
09323   8   78.3
09324   9   82.1
09325   9   82.4
09326   9   84.6
09327   8   83.0
09328   9   82.1
09329   8   79.6
09330   8   78.5
09331   9   82.8
09332   9   82.6
09333   9   85.2
09334   9   87.5
09335   9   88.7
09336   8   81.9
09337   8   83.3
09338   9   83.0
09339   9   81.0
09340   8   87.5
09341   9   87.0
09342   8   71.8
09343   9   85.2
09344   8   82.8
09345   8   81.1
09346   8   87.2
09347   7   90.4
09348   8   83.1
09349   8   86.6
09350   7   81.4
09351   8   85.9
09352   8   87.1
09353   8   84.2
09354   8   85.9
09355   8   84.5
09356   8   84.2
09357   8   88.4
09358   8   85.2
09359   7   80.8
09360   7   76.5
09361   8   83.4
09362   8   84.7
09363   6   83.8
09364   7   82.3
09365   7   82.8
10001   7   85.6
10002   7   82.5
10003   7   86.4
10004   7   83.6
10005   8   87.2
10006   8   85.8
10007   8   85.2
10008   8   83.6
10009   9   79.4
10010   8   86.1
10011   8   82.4
10012   8   85.4
10013   7   79.0
10014   8   86.9
10015   8   88.9
10016   7   84.6
10017   8   85.2
10018   9   80.8
10019   8   81.4
10020   9   83.9
10021  10   87.8
10022  10   88.3
10023   9   87.0
10024   9   83.8
10025   8   80.0
10026   9   78.9
10027   8   89.7
10028   8   85.3
10029   8   81.1
10030   8   89.0
10031   8   86.9
10032   8   86.2
10033   8   83.2
10034   8   80.3
10035   8   78.2
10036   8   80.8
10037   8   83.6
10038   8   83.8
10039   8   75.1
10040   8   86.7
10041   8   81.8
10042   7   81.7
10043   8   86.7
10044   8   83.3
10045   8   84.7
10046   8   86.8
10047   8   84.1
10048   8   86.8
10049   8   80.1
10050   8   79.9
10051   8   83.9
10052   8   87.1
10053   8   83.3
10054   8   78.4
10055   7   83.9
10056   7   91.6
10057   8   81.8
10058   8   82.8
10059   8   82.6
10060   8   85.2
10061   8   88.4
10062   8   89.0
10063   8   86.2
10064   8   81.7
10065   7   83.1
10066   8   82.8
10067   9   82.0
10068   7   82.8
10069   8   85.7
10070   8   87.0
10071   8   82.9
10072   8   79.3
10073   8   85.6
10074   9   85.4
10075   8   78.4
10076   8   88.2
10077   8   84.4
10078   7   81.4
10079   8   86.1
10080   8   82.0
10081   9   80.3
10082   8   80.0
10083   9   77.9
10084  10   75.9
10085  10   79.2
10086  10   82.4
10087   9   83.7
10088   8   80.2
10089   8   78.3
10090   9   84.0
10091   9   73.5
10092   9   81.6
10093  11   74.8
10094   9   74.8
10095   9   73.8
10096  12   77.4
10097   8   80.6
10098  10   72.0
10099   9   85.6
10100   8   81.8
10101   9   82.1
10102   8   85.5
10103   9   85.9
10104   9   84.3
10105   8   82.1
10106   8   81.3
10107   9   83.9
10108   9   84.9
10109   9   85.6
10110   9   80.6
10111   8   82.6
10112   8   80.0
10113   8   83.5
10114   8   79.2
10115   9   82.3
10116   8   79.2
10117   8   84.3
10118   8   87.2
10119   7   84.5
10120   8   82.6
10121   8   81.9
10122   9   82.8
10123   8   81.5
10124   8   85.3
10125   9   85.4
10126   9   86.2
10127   9   86.3
10128   8   82.0
10129   9   84.0
10130   8   77.2
10131   9   83.7
10132   8   84.8
10133   9   88.0
10134   8   88.7
10135   9   86.4
10136   9   81.4
10137   8   81.4
10138   7   80.1
10139   8   82.8
10140   9   85.9
10141   9   86.5
10142   9   85.5
10143   9   87.8
10144   9   85.9
10145   9   85.0
10146   9   82.5
10147   9   88.6
10148   8   84.9
10149   8   87.4
10150   8   80.6
10151   8   87.5
10152   8   84.2
10153   8   85.7
10154   9   82.3
10155   8   84.2
10156   9   82.8
10157   9   84.0
10158   8   81.9
10159   8   81.1
10160   8   79.8
10161   9   83.4
10162   9   82.3
10163   8   83.0
10164   9   80.8
10165   8   83.6
10166   8   79.7
10167   8   83.6
10168   8   83.5
10169   9   79.1
10170   8   75.8
10171   8   83.6
10172   7   80.7
10173   8   85.2
10174   9   83.5
10175   9   79.0
10176   9   82.5
10177   9   84.4
10178   8   80.1
10179   9   81.5
10180   9   80.0
10181   9   79.2
10182   9   80.6
10183   9   82.1
10184   9   81.6
10185   9   77.7
10186   8   79.7
10187   8   82.2
10188   8   83.7
10189   8   81.0
10190   8   83.5
10191   8   81.0
10192   8   79.7
10193   8   79.4
10194   9   80.7
10195   8   81.3
10196   8   76.6
10197   8   79.1
10198   8   78.4
10199   7   87.2
10200   9   80.5
10201   9   77.7
10202   8   81.1
10203   8   80.8
10204   8   78.5
10205   8   81.9
10206   8   83.6
10207   8   80.9
10208   8   78.1
10209   8   80.8
10210   9   79.8
10211   8   82.2
10212   9   87.5
10213   9   80.4
10214   8   78.3
10215   9   78.8
10216   9   76.3
10217   9   84.2
10218   9   81.6
10219   9   84.7
10220   9   83.6
10221   9   81.4
10222   9   82.0
10223   9   81.2
10224   9   81.1
10225   8   84.7
10226   8   80.6
10227   7   84.8
10228   8   86.2
10229   8   83.4
10230   9   86.8
10231   7   85.5
10232   7   78.9
10233   7   80.1
10234   7   79.7
10235   7   79.5
10236   7   77.7
10237   7   82.0
10238   7   83.8
10239   9   83.3
10240   9   86.3
10241   9   82.9
10242   9   88.2
10243   9   88.2
10244   9   87.2
10245   9   86.0
10246   9   88.2
10247   9   88.6
10248   9   86.9
10249   8   88.6
10250   9   86.0
10251   8   76.8
10252   9   83.0
10253   9   87.3
10254   9   87.1
10255   9   87.9
10256   9   85.4
10257   9   86.3
10258   9   82.6
10259   9   81.6
10260   9   82.5
10261   9   85.2
10262   9   88.3
10263   9   86.7
10264   9   86.7
10265   9   85.7
10266   9   85.6
10267   9   86.3
10268   9   88.3
10269   8   86.5
10270   8   85.8
10271   8   85.2
10272   8   82.5
10273   8   87.9
10274   9   83.1
10275   9   84.7
10276   8   85.3
10277   8   84.6
10278   9   81.6
10279   8   84.5
10280   8   83.1
10281   8   78.4
10282   7   85.8
10283   7   83.4
10284   8   83.1
10285   9   87.6
10286   9   86.7
10287   9   89.1
10288   8   79.0
10289   9   89.6
10290   9   89.9
10291   9   88.8
10292   9   87.7
10293   9   88.5
10294   9   88.0
10295   9   85.1
10296   9   86.5
10297   9   88.7
10298   9   88.3
10299   9   84.8
10300   9   84.1
10301   8   86.6
10302   9   85.6
10303   9   86.1
10304   9   87.7
10305   8   85.3
10306   8   84.8
10307   9   82.2
10308   9   85.3
10309   9   84.5
10310   9   86.6
10311   9   84.5
10312   9   84.1
10313   8   79.0
10314   8   79.4
10315   7   80.7
10316   8   78.7
10317   8   85.0
10318   9   83.9
10319   9   84.2
10320   8   80.5
10321   9   79.6
10322   9   77.9
10323   8   86.6
10324   9   88.0
10325   9   85.2
10326   9   80.8
10327   8   85.2
10328   8   83.0
10329   7   79.6
10330   8   82.7
10331   7   75.4
10332   9   75.1
10333   9   82.2
10334   8   78.5
10335   8   76.7
10336   9   77.1
10337   8   76.2
10338   8   79.1
10339   9   85.9
10340   9   84.2
10341   9   84.0
10342   9   83.1
10343   9   80.4
10344   8   84.5
10345   7   82.8
10346   8   84.6
10347   8   78.8
10348   8   85.1
10349   8   75.9
10350   8   82.1
10351   8   83.7
10352   7   84.9
10353   8   86.2
10354   7   72.2
10355   9   82.7
10356   8   83.2
10357   8   84.8
10358   8   84.6
10359   7   85.5
10360   8   84.2
10361   8   85.0
10362   8   83.1
10363   9   86.5
10364   9   84.3
10365   9   82.7
11001   9   84.6
11002   8   86.8
11003   9   82.9
11004   9   85.2
11005   9   81.2
11006   9   82.5
11007   9   82.4
11008   9   84.9
11009   9   85.9
11010   8   82.4
11011   8   86.4
11012   8   86.8
11013   8   83.3
11014   8   83.4
11015   9   85.7
11016   9   86.3
11017   9   84.9
11018   8   77.1
11019   8   86.8
11020   8   82.3
11021   8   83.1
11022   8   80.0
11023   9   84.6
11024   9   85.6
11025   9   83.7
11026   8   85.6
11027   8   83.1
11028   8   80.1
11029   7   86.9
11030   9   87.1
11031   9   80.2
11032   9   78.8
11033   9   77.3
11034   8   83.2
11035   8   83.1
11036   8   82.6
11037   8   84.1
11038   9   85.4
11039   8   79.6
11040   9   84.6
11041   9   81.2
11042   9   85.1
11043   9   86.7
11044   9   87.8
11045   9   85.3
11046   8   83.3
11047   9   83.3
11048   9   83.4
11049   9   85.4
11050   9   86.0
11051   8   84.0
11052   9   84.3
11053   8   85.0
11054   7   81.6
11055   9   82.2
11056   9   82.2
11057   9   83.9
11058   9   78.9
11059   9   84.2
11060   9   84.9
11061   9   78.9
11062   9   81.1
11063   9   86.0
11064   9   87.3
11065   9   86.5
11066   7   86.4
11067   9   87.4
11068   9   85.2
11069   8   81.2
11070   9   87.4
11071   9   84.9
11072   9   85.2
11073   8   83.8
11074   8   84.1
11075   9   81.6
11076   8   83.1
11077   8   81.5
11078   8   83.8
11079   8   85.8
11080   8   85.8
11081   8   84.6
11082   8   80.9
11083   8   83.9
11084   8   83.4
11085   9   84.7
11086   9   86.7
11087   9   82.5
11088   9   83.4
11089   9   85.7
11090   9   83.3
11091   8   82.9
11092   9   86.5
11093   9   86.2
11094   8   82.5
11095   8   81.8
11096   9   85.3
11097   9   83.7
11098   9   85.1
11099   9   86.1
11100   8   83.4
11101   9   83.9
11102   9   82.7
11103   9   84.8
11104   9   87.3
11105   9   88.6
11106   9   88.1
11107   8   85.0
11108   9   85.3
11109   8   81.7
11110   9   82.7
11111   9   74.0
11112   9   69.1
11113   9   61.2
11114   9   64.9
11115   9   66.5
11116   8   73.5
11117   9   86.0
11118   9   86.3
11119   9   85.4
11120   9   86.6
11121   9   85.7
11122   8   85.2
11123   8   84.7
11124   9   87.6
11125   8   82.5
11126   9   84.2
11127   8   82.6
11128   8   82.6
11129   8   78.9
11130   9   77.8
11131   8   80.8
11132   8   79.3
11133   9   81.6
11134   9   84.8
11135   8   86.8
11136   8   82.8
11137   8   82.0
11138   8   84.3
11139   8   82.3
11140   8   83.5
11141   7   82.6
11142   7   83.1
11143   7   81.5
11144   7   81.6
11145   7   80.1
11146   7   81.0
11147   7   77.3
11148   8   82.2
11149   8   84.2
11150   8   81.7
11151   8   81.9
11152   7   82.1
11153   7   80.6
11154   8   83.3
11155   8   82.8
11156   8   81.7
11157   7   78.5
11158   6   72.1
11159   8   80.7
11160   8   82.8
11161   8   81.3
11162   8   83.0
11163   8   82.1
11164   8   81.9
11165   8   82.7
11166   9   82.2
11167   7   79.1
11168   7   80.6
11169   8   80.7
11170   8   82.3
11171   6   78.2
11172   8   77.1
11173   8   77.4
11174   7   75.9
11175   8   83.3
11176   7   83.1
11177   8   84.1
11178   8   81.2
11179   8   78.6
11180   8   78.4
11181   8   82.3
11182   8   82.6
11183   8   81.1
11184   8   83.1
11185   7   80.8
11186   8   77.8
11187   7   80.9
11188   8   80.5
11189   7   78.0
11190   8   79.6
11191   8   82.1
11192   7   82.3
11193   8   83.7
11194   8   78.2
11195   6   79.9
11196   7   80.0
11197   7   79.7
11198   8   78.6
11199   8   82.2
11200   7   78.4
11201   8   80.3
11202   8   80.7
11203   7   81.7
11204   6   82.4
11205   7   81.7
11206   7   79.3
11207   7   82.7
11208   7   80.8
11209   7   77.0
11210   7   77.2
11211   7   81.9
11212   7   79.9
11213   7   75.9
11214   7   79.4
11215   7   76.3
11216   7   78.5
11217   8   82.4
11218   7   79.8
11219   8   82.0
11220   7   78.9
11221   6   79.9
11222   8   81.0
11223   8   79.3
11224   8   72.6
11225   8   77.2
11226   8   80.0
11227   8   79.0
11228   8   83.1
11229   8   79.2
11230   8   77.2
11231   8   80.8
11232   8   79.4
11233  10   76.8
11234   9   76.9
11235   8   79.7
11236  10   75.9
11237   9   79.8
11238  10   76.0
11239  11   78.4
11240   8   79.9
11241   8   80.0
11242   9   81.2
11243   8   78.7
11244   8   77.7
11245   8   82.2
11246   8   81.8
11247   7   77.4
11248   8   78.2
11249   7   81.7
11250   7   76.6
11251   7   80.8
11252   7   80.8
11253   8   80.2
11254  11   76.3
11255  13   74.2
11256  11   78.4
11257   9   78.4
11258   8   75.5
11259   8   79.8
11260   7   73.3
11261   8   78.0
11262   8   81.2
11263   8   77.3
11264   7   76.9
11265   8   73.0
11266   7   76.8
11267   8   79.8
11268   8   81.9
11269   7   67.7
11270   8   72.5
11271   7   76.4
11272   8   78.5
11273   8   79.1
11274   7   78.7
11275   7   79.9
11276   8   79.7
11277   8   76.2
11278   7   82.3
11279   7   70.7
11280   7   76.0
11281   7   82.5
11282   7   78.7
11283   7   78.6
11284   7   82.5
11285   7   78.5
11286   7   81.2
11287   7   79.2
11288   8   84.5
11289   8   85.2
11290   7   80.4
11291   8   82.2
11292   7   75.6
11293   8   83.2
11294   8   84.2
11295   8   83.7
11296   8   86.5
11297   8   82.9
11298   8   81.6
11299   9   63.4
11300   8   61.6
11301   7   81.2
11302   9   78.3
11303   9   79.8
11304   9   75.3
11305   9   65.3
11306   8   70.8
11307   8   77.8
11308   8   77.6
11309   8   81.6
11310   8   81.2
11311   8   78.6
11312   7   78.0
11313   8   77.4
11314   8   76.3
11315   8   80.2
11316   8   80.7
11317   8   84.8
11318   8   78.2
11319   7   79.3
11320   8   75.5
11321   8   81.6
11322   8   78.3
11323   9   81.7
11324   8   86.6
11325   9   84.9
11326   9   87.2
11327   8   84.7
11328   7   85.6
11329   8   80.2
11330   7   80.7
11331   8   82.9
11332   8   79.9
11333   8   81.7
11334   8   80.2
11335   7   77.7
11336   8   75.2
11337   9   78.3
11338   9   81.9
11339   8   80.6
11340   7   80.4
11341   7   75.7
11342   7   74.1
11343   7   80.7
11344   8   74.4
11345   8   84.5
11346   8   72.6
11347  11   74.5
11348   9   73.9
11349   9   83.1
11350   8   80.4
11351   9   85.3
11352   9   81.2
11353   9   77.4
11354   8   79.3
11355   9   83.9
11356   8   83.2
11357   9   86.2
11358   9   82.8
11359   9   83.3
11360   9   81.3
11361   9   79.4
11362   9   81.3
11363   9   78.0
11364   8   85.8
11365   8   77.1
12001   9   85.1
12002   8   73.3
12003   9   77.0
12004   9   72.8
12005   9   75.4
12006   9   78.1
12007   9   79.4
12008   9   78.4
12009   9   78.6
12010   9   74.9
12011   8   81.0
12012   9   80.3
12013   9   79.3
12014   8   83.7
12015   9   81.1
12016   9   80.6
12017   9   78.9
12018   9   82.6
12019   9   70.9
12020   9   76.7
12021   9   75.4
12022   9   79.4
12023   9   79.7
12024   9   87.8
12025   8   84.6
12026   9   83.2
12027   9   80.9
12028   8   75.1
12029   8   85.4
12030   9   75.7
12031   9   86.0
12032   9   85.5
12033   9   80.9
12034   9   85.0
12035   9   82.8
12036   8   84.4
12037   8   79.4
12038   8   81.3
12039   8   82.3
12040   7   81.3
12041   6   81.1
12042   7   81.6
12043   6   83.6
12044   6   81.2
12045   6   81.3
12046   6   82.5
12047   6   78.9
12048   6   87.3
12049   6   82.5
12050   6   86.7
12051   7   80.3
12052   6   85.5
12053   6   82.9
12054   5   73.0
12055   7   84.3
12056   7   84.8
12057   6   85.9
12058   8   84.7
12059   6   70.2
12060   8   73.3
12061   8   83.8
12062   9   75.7
12063   9   86.4
12064   9   81.1
12065   9   84.8
12066   9   80.4
12067   9   80.4
12068   8   78.3
12069   8   77.4
12070   9   83.4
12071   9   83.4
12072   8   81.8
12073   7   76.8
12074   8   74.3
12075   8   81.7
12076   8   77.9
12077   8   74.1
12078   9   78.4
12079   9   83.7
12080   7   76.7
12081   9   83.3
12082   9   79.3
12083   8   80.8
12084   9   80.6
12085   8   84.0
12086   9   74.0
12087   9   75.3
12088   9   83.3
12089   8   78.7
12090   9   80.1
12091   8   81.5
12092   9   82.7
12093   8   85.1
12094   8   82.0
12095   8   82.4
12096   8   78.8
12097   9   77.3
12098   9   81.1
12099   7   79.2
12100   8   78.7
12101   9   82.9
12102   8   80.4
12103   8   80.6
12104  10   82.4
12105   9   82.1
12106   8   81.7
12107   9   79.0
12108   8   73.8
12109   8   81.7
12110  10   82.1
12111   9   81.1
12112   9   76.7
12113   9   80.7
12114   9   78.4
12115   9   77.7
12116   9   84.2
12117   9   83.8
12118   7   81.4
12119   9   75.0
12120   9   81.8
12121   9   80.2
12122   9   78.9
12123   9   86.3
12124   8   79.8
12125   9   77.5
12126   9   82.8
12127   9   81.7
12128   8   82.4
12129   9   80.6
12130   9   79.8
12131   9   78.4
12132   9   80.3
12133   9   76.7
12134   9   79.4
12135   9   78.9
12136   9   79.6
12137   9   82.8
12138   8   82.4
12139   8   76.5
12140   8   84.6
12141   8   84.5
12142   8   82.8
12143   7   73.7
12144   7   73.6
12145   7   73.0
12146   8   73.8
12147   9   77.0
12148   9   77.4
12149   8   74.8
12150   8   75.1
12151   8   80.7
12152   9   70.3
12153   9   76.8
12154   9   75.0
12155   9   75.4
12156   9   74.7
12157   8   75.7
12158   8   75.3
12159   9   84.2
12160   9   83.2
12161   9   69.7
12162   9   77.3
12163   9   82.4
12164   9   82.3
12165   9   77.5
12166   8   82.1
12167   8   82.9
12168   8   79.1
12169   8   84.0
12170   9   77.2
12171   9   82.2
12172   9   80.0
12173   9   83.6
12174  10   74.2
12175   9   86.5
12176   9   83.3
12177  10   81.0
12178   9   78.4
12179   9   80.9
12180   9   80.7
12181   9   68.8
12182   9   77.6
12183   8   66.3
12184   9   76.4
12185   9   79.8
12186   9   70.3
12187   9   79.2
12188   9   80.1
12189   9   69.5
12190   9   77.3
12191   9   81.2
12192   9   79.2
12193   9   77.7
12194   9   77.6
12195   9   82.5
12196   9   71.3
12197   9   74.4
12198   9   71.1
12199   9   78.5
12200   9   79.3
12201   9   82.5
12202   9   77.6
12203   9   79.2
12204   9   76.2
12205   9   80.8
12206   9   79.7
12207   8   71.2
12208   8   76.3
12209   8   76.2
12210   8   81.2
12211   7   78.8
12212   9   81.7
12213   8   79.2
12214   8   78.9
12215   7   68.4
12216   9   74.5
12217   7   76.1
12218   8   69.5
12219   8   75.7
12220   8   73.2
12221   7   70.5
12222   8   70.9
12223   8   69.1
12224   7   74.3
12225   8   77.7
12226   8   73.8
12227   8   80.4
12228   9   78.0
12229   8   68.8
12230   7   71.5
12231   8   76.1
12232   7   72.8
12233   7   73.0
12234   7   70.6
12235   7   75.2
12236   9   67.3
12237   9   65.1
12238   8   76.5
12239   8   68.0
12240   8   65.8
12241   9   66.5
12242   8   77.0
12243   9   69.5
12244   9   67.9
12245   9   66.7
12246   9   73.0
12247   9   71.8
12248   9   74.8
12249   9   78.1
12250   9   81.4
12251   8   74.4
12252   9   81.9
12253   9   80.3
12254  11   71.3
12255   8   77.0
12256   8   75.1
12257   7   80.3
12258   8   77.7
12259   8   81.2
12260   9   78.8
12261   9   81.3
12262   8   78.9
12263   8   79.3
12264   9   82.6
12265   9   83.9
12266   9   82.2
12267   8   83.3
12268   9   72.9
12269   9   79.0
12270   9   74.5
12271   8   78.2
12272   9   73.6
12273   8   76.5
12274   8   79.0
12275   9   78.8
12276   9   77.1
12277   9   75.3
12278   8   75.8
12279   9   77.5
12280   8   72.2
12281   8   68.5
12282   7   60.1
12283   8   78.1
12284   8   77.2
12285   7   67.1
12286   8   76.4
12287   8   67.8
12288   7   69.5
12289   7   74.2
12290   7   72.1
12291   7   71.5
12292   7   68.2
12293   8   64.8
12294   8   63.8
12295   7   66.7
12296   8   66.4
12297   7   69.9
12298   7   65.1
12299   7   62.5
12300   6   66.7
12301   7   72.0
12302   6   72.0
12303   6   67.6
12304   6   70.9
12305   6   73.4
12306   6   66.0
12307   6   69.9
12308   7   68.0
12309   7   65.7
12310   7   67.5
12311   8   72.9
12312   8   65.2
12313   8   68.5
12314   9   80.5
12315   8   69.2
12316   7   69.7
12317   7   69.4
12318   7   61.5
12319   7   69.6
12320   8   76.4
12321   8   80.0
12322   8   79.1
12323   8   73.5
12324   8   76.7
12325   8   67.5
12326   8   72.6
12327   7   59.5
12328   7   69.9
12329   7   74.6
12330   6   70.5
12331   8   71.5
12332   8   69.8
12333   7   64.5
12334   8   58.9
12335   8   73.1
12336   8   79.6
12337   8   64.5
12338   8   65.4
12339   8   65.1
12340   7   64.0
12341   8   64.9
12342   7   65.2
12343   8   66.6
12344   8   66.7
12345   8   72.0
12346   8   68.3
12347   8   73.7
12348   7   64.4
12349   8   68.5
12350   8   67.9
12351   8   70.0
12352   8   64.9
12353   8   66.2
12354   9   73.2
12355   9   76.5
12356   9   77.6
12357   9   76.5
12358   9   76.8
12359   9   70.5
12360   9   85.1
12361   8   81.4
12362   9   76.1
12363   9   77.4
12364   9   74.1
12365   9   75.3
12366   9   74.4
13001   9   78.3
13002   8   76.8
13003   8   75.1
13004   8   73.5
13005   8   72.3
13006   8   69.3
13007   8   60.9
13008   9   81.9
13009   8   66.3
13010   8   62.4
13011   8   70.4
13012   8   66.9
13013   8   73.3
13014   8   71.9
13015   8   69.4
13016   8   69.2
13017   8   68.4
13018   8   63.2
13019   8   71.9
13020   8   70.4
13021   8   67.8
13022   8   69.3
13023   8   67.5
13024   8   67.1
13025   9   82.1
13026   9   79.1
13027   9   77.2
13028   9   74.4
13029   9   74.6
13030   9   77.1
13031   9   74.4
13032   9   76.2
13033   9   74.2
13034   9   77.1
13035   9   83.7
13036   9   80.5
13037   7   79.7
13038   9   74.9
13039   9   81.9
13040   9   80.9
13041   9   77.8
13042   8   71.1
13043   8   68.6
13044   9   82.6
13045   9   62.5
13046   9   80.3
13047   7   70.8
13048   9   78.1
13049   8   71.9
13050   9   76.8
13051   8   69.5
13052   8   58.5
13053   8   70.9
13054   8   68.7
13055   9   77.4
13056   8   71.0
13057   8   84.7
13058   8   66.0
13059   7   73.4
13060   8   73.9
13061   8   71.5
13062   7   79.6
13063   8   69.8
13064   9   82.8
13065   8   72.8
13066   8   80.3
13067   8   78.8
13068   7   75.7
13069   9   78.3
13070   8   73.0
13071   9   76.7
13072   8   75.1
13073   8   78.1
13074   8   83.0
13075   8   82.0
13076   8   78.7
13077   8   74.6
13078   8   74.5
13079   8   76.5
13080   7   59.8
13081   8   77.2
13082   8   80.0
13083   8   77.6
13084   8   81.4
13085   8   80.8
13086   8   77.3
13087   8   76.0
13088   8   79.4
13089   8   77.6
13090   8   73.5
13091   8   72.8
13092   7   68.2
13093   7   72.3
13094   7   68.2
13095   7   67.8
13096   7   71.3
13097   7   68.0
13098   7   66.5
13099   7   61.2
13100   7   63.2
13101   7   62.6
13102   7   67.3
13103   7   71.4
13104   7   69.6
13105   7   66.1
13106   8   78.2
13107   8   75.3
13108   8   78.2
13109   7   67.9
13110   8   71.7
13111   7   70.3
13112   7   68.4
13113   7   64.6
13114   8   62.4
13115   7   54.4
13116   7   67.8
13117   7   64.0
13118   7   62.8
13119   7   68.6
13120   7   62.6
13121   7   65.2
13122   8   76.7
13123   7   64.9
13124   7   63.5
13125   7   63.8
13126   7   66.0
13127   8   77.1
13128   8   72.3
13129   8   74.2
13130   8   75.3
13131   8   79.6
13132   8   75.5
13133   8   74.5
13134   8   79.5
13135   9   73.3
13136   8   76.1
13137   8   72.3
13138   8   69.6
13139   8   68.7
13140   8   68.5
13141   8   70.2
13142   8   71.9
13143   8   77.5
13144   8   77.1
13145   8   73.0
13146   8   76.8
13147   8   78.3
13148   8   74.9
13149   8   69.2
13150   8   70.4
13151   8   72.5
13152   7   68.1
13153   8   71.2
13154   8   63.3
13155   7   60.6
13156   7   59.6
13157   7   63.8
13158   7   63.6
13159   7   64.7
13160   7   64.1
13161   7   64.4
13162   7   64.3
13163   7   64.3
13164   7   57.8
13165   7   63.6
13166   7   59.1
13167   7   63.4
13168   7   57.2
13169   7   57.4
13170   7   56.4
13171   7   62.2
13172   7   59.2
13173   8   70.0
13174   8   67.5
13175   8   58.7
13176   8   71.3
13177   8   70.6
13178   8   66.5
13179   8   65.1
13180   8   71.7
13181   8   71.2
13182   8   71.6
13183   8   74.4
13184   8   69.7
13185   8   84.8
13186   8   68.4
13187   8   69.8
13188   8   68.8
13189   8   67.7
13190   8   70.4
13191   8   69.7
13192   7   67.1
13193   8   72.3
13194   7   69.5
13195   7   69.9
13196   7   65.7
13197   7   63.6
13198   7   60.7
13199   8   71.7
13200   7   60.1
13201   7   65.5
13202   7   63.7
13203   7   67.7
13204   7   63.6
13205   7   66.6
13206   7   68.4
13207   7   65.9
13208   6   65.1
13209   6   65.0
13210   7   65.7
13211   7   64.5
13212   7   67.2
13213   7   70.5
13214   7   63.2
13215   7   58.8
13216   8   59.5
13217   7   58.7
13218   7   55.5
13219   7   60.9
13220   7   67.3
13221   7   69.1
13222   7   64.9
13223   7   59.0
13224   7   67.2
13225   7   66.8
13226   7   70.0
13227   6   75.4
13228   7   75.2
13229   7   67.8
13230   7   66.7
13231   7   68.5
13232   7   72.8
13233   7   73.7
13234   8   72.9
13235   8   75.2
13236   7   65.9
13237   7   64.9
13238   7   68.0
13239   8   69.1
13240   7   68.1
13241   8   66.2
13242   7   71.7
13243   7   68.6
13244   8   77.4
13245   8   74.1
13246   7   61.8
13247   7   70.1
13248   7   74.1
13249   7   71.4
13250   7   69.8
13251   7   69.8
13252   7   67.3
13253   7   69.1
13254   7   68.3
13255   7   68.7
13256   7   72.0
13257   7   66.0
13258   7   67.1
13259   7   72.4
13260   7   72.4
13261   7   64.9
13262   7   60.0
13263   7   66.3
13264   7   69.2
13265   7   71.3
13266   7   64.4
13267   7   71.9
13268   7   67.9
13269   8   69.5
13270   8   70.5
13271   7   71.6
13272   8   62.9
13273   8   64.4
13274   7   66.9
13275   7   70.9
13276   7   73.0
13277   7   65.2
13278   8   75.1
13279   7   68.9
13280   7   68.7
13281   8   67.1
13282   7   70.3
13283   7   60.9
13284   7   77.5
13285   8   64.0
13286   7   61.6
13287   7   61.9
13288   7   76.0
13289   7   73.9
13290   8   72.8
13291   8   68.4
13292   7   69.5
13293   7   68.5
13294   8   68.9
13295   7   67.7
13296   8   67.8
13297   8   70.1
13298   8   73.8
13299   7   65.8
13300   7   64.4
13301   6   71.9
13302   8   67.6
13303   8   67.6
13304   7   69.5
13305   7   67.7
13306   7   64.3
13307   8   63.8
13308   7   62.5
13309   7   58.4
13310   7   69.6
13311   7   59.8
13312   7   66.4
13313   7   62.6
13314   7   74.2
13315   7   68.4
13316   7   66.8
13317   7   66.1
13318   7   70.6
13319   8   67.2
13320   7   65.8
13321   7   74.2
13322   7   67.2
13323   8   66.4
13324   7   72.5
13325   7   73.9
13326   7   79.7
13327   8   76.4
13328   7   73.9
13329   7   75.3
13330   8   85.1
13331   7   74.2
13332   7   74.5
13333   7   71.7
13334   7   74.1
13335   7   70.1
13336   7   64.8
13337   8   72.2
13338   7   67.0
13339   7   71.0
13340   7   69.2
13341   7   71.7
13342   8   68.8
13343   7   70.5
13344   7   64.1
13345   7   69.3
13346   7   58.3
13347   7   67.2
13348   7   64.3
13349   7   70.0
13350   7   72.5
13351   7   69.1
13352   7   66.9
13353   7   71.8
13354   7   63.5
13355   6   72.8
13356   6   66.1
13357   6   72.7
13358   6   75.3
13359   6   75.2
13360   6   72.0
13361   6   70.8
13362   6   69.6
13363   6   72.3
13364   6   78.2
13365   6   73.2
14001   6   74.2
14002   6   69.1
14003   6   70.0
14004   6   71.3
14005   6   74.6
14006   6   73.0
14007   6   77.6
14008   6   76.2
14009   6   72.2
14010   7   66.2
14011   7   66.0
14012   7   72.9
14013   7   68.8
14014   7   66.8
14015   7   67.3
14016   7   60.4
14017   7   62.7
14018   7   68.4
14019   7   73.6
14020   7   71.1
14021   7   67.7
14022   7   65.8
14023   7   70.2
14024   7   71.2
14025   7   67.8
14026   7   72.1
14027   7   67.4
14028   8   74.3
14029   7   62.7
14030   7   64.9
14031   7   70.2
14032   7   71.0
14033   6   72.1
14034   6   69.0
14035   6   68.2
14036   6   73.2
14037   6   73.8
14038   6   71.3
14039   6   71.6
14040   6   72.1
14041   6   73.2
14042   6   69.3
14043   7   70.7
14044   6   63.1
14045   7   64.6
14046   6   72.8
14047   6   70.6
14048   6   71.7
14049   6   61.5
14050   6   62.7
14051   6   70.3
14052   6   66.1
14053   7   65.2
14054   7   80.9
14055   7   75.5
14056   7   64.8
14057   7   52.4
14058   7   57.8
14059   7   64.4
14060   7   67.4
14061   7   58.4
14062   7   56.6
14063   6   58.2
14064   7   66.7
14065   6   61.4
14066   7   61.3
14067   6   61.1
14068   6   64.5
14069   6   57.8
14070   6   59.8
14071   6   66.7
14072   6   58.9
14073   6   65.0
14074   6   63.2
14075   6   60.8
14076   6   62.1
14077   6   60.7
14078   6   57.1
14079   7   62.8
14080   6   64.3
14081   6   64.5
14082   6   62.5
14083   6   59.7
14084   7   62.3
14085   6   63.7
14086   7   64.7
14087   7   66.0
14088   7   71.1
14089   7   64.4
14090   7   61.8
14091   7   73.6
14092   7   75.5
14093   7   60.0
14094   7   63.0
14095   7   60.2
14096   7   58.8
14097   7   63.2
14098   7   58.1
14099   7   59.5
14100   7   57.8
14101   9   63.8
14102   8   61.3
14103   8   61.4
14104   8   60.0
14105   8   57.7
14106   7   64.5
14107   8   60.0
14108   7   61.1
14109   7   62.8
14110   7   59.1
14111   7   63.5
14112   7   64.3
14113   7   59.4
14114   7   57.7
14115   7   56.9
14116   7   60.9
14117   8   65.6
14118   7   58.1
14119   7   56.1
14120   7   59.9
14121   7   61.4
14122   7   61.4
14123   7   58.2
14124   7   58.5
14125   7   62.5
14126   9   56.6
14127   7   58.8
14128   9   58.5
14129   8   63.5
14130   7   59.3
14131   7   58.9
14132   7   60.4
14133   6   61.9
14134   7   58.1
14135   7   58.6
14136   7   63.4
14137   7   63.0
14138   7   60.2
14139   8   60.8
14140   8   59.1
14141   8   63.5
14142   8   60.2
14143   8   58.6
14144   8   63.0
14145   8   57.0
14146   8   57.2
14147   8   58.0
14148   7   61.6
14149   7   57.8
14150   9   61.4
14151   7   59.1
14152   7   57.1
14153   7   59.7
14154   8   59.7
14155   7   56.8
14156   7   59.9
14157   7   56.6
14158   7   53.7
14159   7   59.8
14160   7   53.9
14161   7   51.6
14162   7   48.5
14163   7   48.2
14164   7   60.7
14165   7   55.5
14166   7   69.0
14167   7   61.1
14168   7   59.3
14169   7   62.2
14170   7   60.6
14171   7   56.2
14172   7   57.0
14173   7   55.9
14174   7   51.9
14175   7   59.7
14176   7   57.1
14177   7   57.5
14178   8   58.9
14179   8   60.2
14180   7   62.6
14181   8   57.4
14182   8   59.7
14183   9   56.4
14184   7   53.1
14185   7   57.1
14186   7   53.5
14187   7   55.1
14188   7   56.8
14189   7   59.4
14190   7   58.9
14191   7   63.2
14192   7   61.4
14193   7   58.5
14194   7   60.0
14195   7   58.1
14196   7   59.1
14197   8   59.7
14198   8   52.8
14199   8   56.2
14200   7   53.5
14201   6   55.0
14202   7   49.0
14203   7   56.5
14204   7   60.8
14205   7   53.7
14206   7   58.6
14207   7   63.5
14208   7   62.6
14209   7   56.9
14210   7   59.8
14211   7   60.1
14212   7   60.9
14213   7   64.9
14214   7   60.3
14215   7   56.8
14216   7   61.1
14217   8   59.3
14218   8   58.7
14219   8   56.7
14220   8   55.6
14221   8   57.7
14222   8   55.3
14223   8   51.8
14224   8   54.0
14225   8   55.6
14226   8   59.5
14227   8   61.1
14228   8   56.7
14229   8   57.8
14230   8   57.4
14231   7   52.2
14232   7   56.6
14233   7   58.1
14234   6   58.5
14235   6   54.1
14236   6   54.0
14237   6   56.6
14238   6   59.1
14239   6   51.7
14240   6   62.7
14241   6   59.4
14242   6   55.8
14243   7   59.7
14244   7   57.4
14245   7   51.5
14246   7   57.1
14247   7   52.4
14248   7   53.1
14249   8   56.5
14250   8   58.0
14251   8   57.0
14252   8   57.2
14253   7   62.0
14254   8   55.0
14255   8   54.4
14256   8   58.4
14257   8   60.9
14258   8   64.0
14259   8   59.1
14260   8   55.5
14261   7   62.0
14262   7   51.6
14263   7   56.8
14264   7   54.6
14265   7   53.9
14266   7   63.4
14267   7   58.4
14268   7   65.1
14269   7   62.4
14270   7   52.3
14271   7   63.6
14272   7   62.2
14273   7   58.5
14274   7   58.7
14275   7   62.4
14276   6   51.4
14277   7   58.2
14278   7   62.6
14279   7   56.0
14280   7   55.5
14281   7   56.9
14282   7   53.9
14283   8   60.9
14284   8   59.4
14285   8   60.3
14286   8   61.5
14287   8   60.1
14288   8   61.3
14289   8   52.3
14290   8   62.2
14291   7   61.3
14292   7   53.7
14293   7   56.0
14294   7   57.3
14295   7   61.4
14296   7   63.4
14297   7   66.1
14298   7   61.5
14299   7   63.1
14300   7   64.6
14301   7   57.8
14302   7   63.5
14303   7   64.5
14304   7   61.5
14305   7   60.4
14306   7   58.2
14307   7   61.7
14308   7   64.0
14309   7   58.6
14310   7   63.8
14311   8   59.1
14312   7   61.9
14313   7   61.7
14314   7   58.3
14315   7   58.6
14316   8   56.3
14317   7   60.0
14318   7   62.1
14319   7   63.2
14320   7   59.5
14321   7   59.3
14322   7   63.2
14323   7   61.1
14324   7   56.9
14325   8   55.6
14326   8   57.4
14327   8   58.6
14328   8   52.7
14329   8   58.5
14330   8   59.3
14331   8   58.7
14332   8   55.7
14333   8   60.8
14334   8   62.6
14335   8   62.8
14336   8   59.3
14337   8   60.6
14338   8   64.0
14339   8   62.6
14340   9   62.7
14341   8   59.0
14342   8   53.5
14343   8   58.5
14344   8   59.1
14345   8   57.9
14346   8   58.2
14347   7   63.3
14348   7   55.4
14349   7   58.2
14350   7   53.6
14351   7   56.1
14352   7   57.4
14353   8   55.2
14354   7   62.8
14355   7   60.5
14356   7   64.8
14357   7   57.9
14358   7   62.0
14359   7   63.9
14360   7   59.3
14361   7   54.9
14362   6   60.1
14363   7   58.4
14364   7   55.1
14365   8   60.5
15001   7   63.0
15002   7   56.7
15003   6   51.6
15004   6   61.8
15005   6   54.2
15006   6   53.9
15007   7   52.1
15008   7   56.9
15009   7   57.4
15010   7   60.0
15011   7   59.4
15012   7   66.0
15013   7   59.4
15014   7   58.1
15015   7   56.7
15016   7   60.2
15017   7   60.1
15018   7   60.6
15019   7   52.6
15020   7   56.7
15021   7   64.8
15022   7   59.5
15023   7   58.7
15024   7   57.0
15025   7   57.7
15026   7   59.0
15027   7   61.0
15028   7   60.8
15029   7   61.3
15030   7   56.8
15031   7   54.7
15032   7   57.3
15033   7   58.7
15034   8   58.1
15035   8   62.7
15036   7   64.6
15037   7   64.3
15038   7   57.0
15039   8   62.0
15040   8   61.3
15041   8   59.0
15042   8   63.3
15043   8   62.1
15044   8   64.3
15045   8   61.4
15046   8   59.8
15047   7   64.2
15048   7   59.1
15049   7   60.5
15050   7   64.1
15051   7   54.7
15052   7   58.2
15053   7   59.7
15054   7   59.7
15055   7   55.7
15056   6   62.0
15057   6   60.8
15058   7   52.3
15059   7   59.8
15060   7   59.3
15061   7   57.1
15062   7   62.5
15063   8   58.2
15064   8   53.0
15065   9   54.4
15066   7   60.4
15067   9   52.8
15068   7   64.5
15069   7   54.9
15070   8   58.5
15071   8   55.2
15072   8   57.3
15073   8   62.2
15074   8   61.0
15075   8   62.9
15076   7   57.1
15077   7   58.3
15078   7   53.0
15079   7   55.8
15080   7   59.7
15081   7   63.8
15082   7   63.7
15083   7   63.3
15084   7   63.7
15085   7   60.0
15086   7   58.6
15087   7   58.4
15088   7   55.0
15089   8   60.2
15090   8   55.8
15091   8   56.2
15092   7   57.3
15093   8   54.9
15094   8   54.4
15095   8   60.8
15096   8   61.1
15097   8   64.7
15098   8   57.0
15099   8   63.2
15100   8   51.4
15101   8   61.3
15102   8   59.5
15103   7   60.0
15104   7   50.8
15105   7   59.5
15106   7   53.3
15107   7   54.9
15108   7   62.0
15109   7   49.8
15110   7   48.7
15111   7   64.8
15112   7   55.4
15113   7   60.3
15114   7   57.9
15115   7   56.3
15116   7   53.7
15117   7   55.7
15118   7   53.1
15119   7   53.5
15120   7   54.6
15121   7   64.7
15122   7   50.8
15123   7   56.3
15124   7   59.4
15125   7   57.5
15126   7   51.8
15127   7   56.2
15128   7   60.6
15129   7   59.2
15130   7   52.1
15131   8   50.4
15132   7   51.4
15133   7   48.0
15134   7   48.6
15135   7   53.9
15136   7   53.4
15137   7   58.4
15138   7   62.6
15139   7   51.6
15140   7   51.8
15141   7   48.8
15142   7   51.6
15143   7   60.7
15144   7   56.6
15145   7   56.0
15146   7   48.4
15147   7   54.4
15148   7   47.9
15149   7   56.4
15150   7   47.7
15151   7   60.1
15152   7   55.3
15153   7   59.2
15154   7   52.7
15155   7   58.6
15156   7   52.9
15157   7   58.1
15158   7   54.9
15159   7   56.3
15160   6   51.2
15161   6   53.5
15162   5   50.2
15163   5   48.9
15164   5   54.0
15165   5   55.9
15166   5   54.6
15167   5   54.4
15168   5   51.4
15169   5   51.4
15170   6   51.9
15171   5   55.0
15172   5   52.7
15173   5   53.5
15174   5   50.8
15175   6   61.5
15176   6   54.2
15177   7   54.4
15178   7   50.8
15179   6   54.2
15180   6   47.0
15181   6   53.2
15182   7   49.7
15183   6   59.5
15184   7   51.4
15185   7   51.7
15186   7   53.3
15187   7   53.8
15188   7   54.9
15189   7   56.5
15190   6   61.5
15191   6   58.0
15192   6   57.4
15193   6   52.0
15194   6   60.5
15195   6   49.2
15196   6   55.6
15197   6   47.8
15198   6   48.9
15199   5   53.3
15200   7   53.6
15201   7   55.2
15202   8   52.1
15203   8   48.0
15204   8   48.0
15205   7   45.8
15206   7   49.0
15207   8   53.7
15208   8   51.9
15209   8   48.1
15210   7   50.9
15211   8   53.6
15212   8   53.3
15213   8   56.4
15214   8   57.3
15215   8   48.0
15216   7   47.3
15217   7   43.1
15218   8   46.1
15219   7   48.6
15220   7   45.6
15221   7   43.3
15222   7   45.0
15223   7   44.4
15224   9   44.1
15225   9   45.0
15226   8   45.5
15227   8   44.7
15228   8   48.4
15229   8   47.1
15230   8   47.0
15231   7   49.3
15232   7   47.4
15233   6   50.0
15234   6   51.4
15235   6   47.8
15236   6   42.1
15237   6   46.6
15238   6   51.2
15239   6   50.2
15240   6   49.7
15241   6   49.5
15242   6   49.9
15243   6   45.5
15244   6   45.9
15245   6   48.9
15246   6   53.6
15247   6   48.8
15248   6   52.8
15249   6   53.2
15250   6   40.8
15251   6   54.9
15252   6   50.9
15253   6   51.9
15254   6   52.2
15255   6   51.6
15256   6   53.8
15257   6   43.7
15258   6   50.8
15259   6   45.8
15260   6   44.1
15261   6   49.7
15262   6   43.9
15263   6   52.0
15264   6   52.4
15265   6   51.2
15266   6   52.2
15267   6   53.9
15268   6   45.7
15269   6   54.1
15270   6   52.9
15271   6   53.7
15272   6   53.4
15273   6   50.8
15274   6   53.8
15275   7   41.9
15276   8   49.5
15277   8   51.7
15278   8   42.8
15279   8   52.4
15280   8   49.0
15281   7   50.3
15282   6   53.6
15283   6   59.6
15284   6   56.2
15285   6   54.6
15286   6   57.1
15287   6   57.1
15288   6   57.1
15289   6   56.8
15290   6   59.7
15291   6   62.5
15292   6   60.4
15293   7   58.1
15294   6   57.6
15295   6   55.9
15296   6   59.2
15297   7   56.1
15298   7   53.1
15299   7   60.7
15300   7   51.4
15301   7   57.1
15302   7   59.4
15303   7   57.3
15304   7   59.6
15305   7   62.3
15306   7   58.5
15307   8   58.2
15308   7   62.2
15309   9   54.8
15310   8   54.6
15311   8   50.6
15312   8   47.3
15313   7   49.5
15314   7   52.7
15315   7   46.6
15316   7   59.4
15317   7   55.1
15318   7   46.4
15319   7   53.8
15320   7   51.9
15321   7   54.2
15322   7   56.0
15323   7   52.9
15324   7   46.8
15325   7   54.8
15326   7   50.8
15327   7   44.5
15328   7   55.3
15329   7   56.1
15330   7   56.0
15331   7   51.3
15332   7   58.5
15333   7   51.9
15334   7   51.0
15335   7   51.8
15336   7   46.6
15337   8   55.1
15338   6   52.3
15339   6   53.4
15340   6   52.1
15341   7   48.2
15342   7   45.6
15343   7   55.4
15344   7   51.5
15345   7   53.3
15346   7   54.4
15347   7   58.6
15348   7   48.7
15349   6   57.5
15350   6   55.0
15351   6   52.8
15352   6   60.2
15353   6   58.4
15354   6   55.3
15355   6   50.1
15356   6   58.6
15357   6   58.9
15358   6   51.2
15359   6   60.6
15360   6   61.9
15361   6   59.1
15362   6   60.2
15363   6   57.9
15364   6   57.1
15365   7   60.2
16001   7   51.5
16002   6   48.4
16003   6   61.8
16004   6   59.7
16005   6   56.9
16006   6   57.0
16007   6   53.4
16008   6   53.0
16009   6   58.8
16010   6   58.1
16011   6   42.9
16012   6   54.3
16013   6   47.6
16014   6   57.3
16015   6   49.1
16016   6   59.9
16017   6   55.3
16018   6   51.9
16019   6   52.3
16020   6   56.8
16021   6   52.4
16022   6   55.7
16023   6   54.8
16024   7   59.1
16025   7   49.9
16026   7   51.0
16027   7   54.3
16028   8   49.3
16029   8   51.1
16030   8   56.1
16031   8   52.0
16032   8   51.7
16033   8   52.7
16034   8   52.0
16035   8   42.2
16036   8   48.9
16037   8   52.3
16038   8   55.3
16039   8   49.9
16040   8   49.4
16041   8   46.7
16042   8   59.7
16043   8   39.6
16044   7   58.4
16045   8   46.5
16046   8   54.0
16047   8   53.6
16048   8   47.6
16049   8   52.4
16050   8   43.0
16051   8   53.8
16052   8   49.1
16053   7   52.3
16054   8   45.6
16055   8   40.0
16056   9   49.5
16057   9   51.6
16058   8   44.6
16059   8   54.6
16060   8   46.9
16061   8   51.8
16062   8   49.7
16063   8   56.5
16064   8   55.5
16065   8   55.7
16066   8   43.8
16067   8   45.5
16068   8   52.2
16069   8   50.9
16070   8   33.7
16071   8   44.3
16072   8   53.3
16073   8   54.8
16074   8   53.2
16075   7   48.4
16076   7   50.6
16077   7   47.0
16078   7   49.0
16079   7   51.9
16080   7   48.1
16081   7   45.4
16082   7   52.6
16083   7   44.1
16084   8   44.6
16085   8   36.3
16086   7   42.8
16087   7   40.7
16088   7   45.9
16089   7   50.1
16090   7   36.7
16091   7   43.0
16092   7   50.2
16093   7   51.5
16094   7   51.2
16095   8   52.7
16096   8   49.8
16097   7   44.5
16098   7   45.2
16099   7   47.6
16100   7   46.7
16101   6   38.0
16102   7   39.7
16103   7   51.4
16104   7   52.0
16105   7   52.6
16106   7   53.1
16107   7   50.5
16108   7   48.0
16109   7   49.3
16110   7   50.6
16111   7   45.8
16112   7   49.6
16113   7   54.0
16114   7   44.7
16115   7   49.9
16116   7   48.1
16117   7   46.0
16118   7   51.0
16119   7   53.8
16120   7   46.9
16121   7   52.2
16122   7   55.7
16123   6   47.2
16124   6   47.8
16125   7   54.3
16126   7   56.3
16127   7   53.5
16128   7   53.3
16129   7   53.3
16130   7   51.6
16131   7   53.0
16132   7   48.9
16133   7   51.5
16134   7   52.5
16135   7   52.4
16136   7   52.8
16137   7   53.6
16138   7   52.5
16139   7   50.0
16140   8   53.5
16141   8   48.1
16142   8   50.1
16143   7   45.6
16144   8   51.3
16145   8   50.8
16146   8   53.6
16147   8   53.5
16148   8   51.0
16149   7   53.0
16150   6   56.8
16151   7   53.5
16152   7   54.6
16153   7   50.3
16154   8   57.6
16155   8   53.1
16156   7   53.6
16157   7   53.7
16158   7   47.4
16159   7   45.5
16160   7   44.9
16161   7   46.6
16162   6   52.4
16163   7   49.3
16164   2   78.2
16165   2   79.6
16166   2   66.1
16167   2   76.1
16168   2   76.5
16169   2   75.5
16170   2   76.6
16171   2   75.9
16172   2   72.5
16173   2   73.9
16174   2   64.3
16175   2   56.5
16176   2   63.3
16177   2   68.5
16178   2   72.7
16179   2   74.3
16180   2   76.9
16181   2   63.2
16182   2   67.8
16183   2   71.8
16184   2   70.1
16185   2   73.5
16186   2   76.4
16187   2   72.9
16188   2   71.4
16189   2   75.5
16190   1   53.6
16191   2   74.3
16192   2   78.6
16193   2   75.7
16194   2   75.9
16195   2   73.1
16196   2   73.0
16197   2   73.9
16198   2   79.1
16199   2   70.9
16200   2   66.7
16201   2   74.3
16202   1   58.5
16203   2   56.7
16204   2   63.4
16205   2   74.1
16206   2   72.7
16207   2   64.5
16209   2   70.8
16210   2   76.6
16212   2   76.6
16213   2   70.3
16214   2   74.3
16215   2   75.9
16216   2   67.5
16217   2   75.2
16218   2   73.8
16219   2   75.7
16220   2   76.4
16221   2   71.4
16222   2   76.4
16223   2   76.2
16224   2   69.6
16225   2   67.3
16226   2   73.6
16227   2   74.8
16228   2   76.4
16229   1   49.1
16230   2   73.1
16231   2   76.9
16232   2   74.3
16233   2   69.4
16234   2   73.3
16235   2   77.9
16236   2   71.8
16237   2   76.9
16238   2   73.6
16239   2   75.7
16240   2   76.4
16241   2   70.1
16242   2   73.6
16243   2   78.1
16244   2   80.2
16245   2   74.3
16247   2   72.6
16248   2   77.4
16249   2   77.4
16250   2   76.4
16251   2   77.6
16252   2   77.7
16253   2   77.5
16254   2   79.2
16255   2   76.9
16256   2   71.1
16257   2   75.5
16258   2   73.3
16260   2   71.4
16261   2   73.1
16262   2   75.2
16263   2   74.3
16264   2   76.1
16265   2   78.0
16267   2   79.4
16268   2   68.4
16269   2   73.8
16270   2   74.8
16271   2   75.9
16272   2   76.6
16273   2   76.6
16274   2   74.8
16275   2   78.5
16276   2   80.2
16277   2   77.1
16278   2   72.8
16279   2   70.9
16280   2   75.7
16281   2   71.6
16282   2   78.6
16283   2   76.8
16284   2   79.3
16285   2   78.9
16286   2   79.3
16287   2   71.7
16288   2   74.1
16289   2   77.1
16290   2   77.8
16291   2   75.7
16292   2   75.9
16293   2   73.4
16294   2   77.1
16295   1   44.6
16296   2   81.1
16297   2   76.6
16298   2   57.8
16299   2   67.9
16300   2   76.6
16301   2   76.6
16302   2   73.9
16303   2   75.4
16304   2   61.6
16305   2   63.3
