04001   2   45.8
04002   2   41.4
04003   2   50.0
04004   2   53.6
04005   2   55.9
04006   2   47.5
04007   2   34.0
04008   2   47.1
04009   2   45.7
04010   2   26.3
04011   2   31.7
04012   2   40.6
04013   2   50.0
04014   2   35.0
04015   3   17.4
04016   3   40.7
04017   3   36.5
04018   3   35.1
04019   3   35.6
04020   3   12.2
04021   3   16.2
04022   3   17.5
04023   3   21.1
04024   3   39.5
04025   3   32.4
04026   3   29.3
04027   3   27.1
04028   3   32.7
04029   3   38.6
04030   3   13.3
04031   3   39.4
04032   3   32.9
04033   3   18.4
04034   3   11.3
04035   3    8.9
04036   3    9.8
04037   3    8.5
04038   3   33.8
04039   3   28.2
04040   3   30.6
04041   3   28.1
04042   3   32.2
04043   3   38.6
04044   3    9.0
04045   3   37.9
04046   3   44.7
04047   3   27.8
04048   3   23.0
04049   3   22.9
04050   3   32.1
04051   3   17.7
04052   3   28.6
04053   3   39.0
04054   3   22.7
04055   3   30.1
04056   3   30.9
04057   3   14.3
04058   3   20.3
04059   2   18.9
04060   3   33.9
04061   3   32.4
04062   3   31.9
04063   3   30.4
04064   3   33.9
04065   3   41.3
04066   3   15.8
04067   3   30.2
04068   3   16.9
04069   3   22.9
04070   2   42.6
04071   3   46.2
04072   3   27.9
04073   3   33.9
04074   3   24.0
04075   3   15.4
04076   3   24.7
04077   3   17.9
04078   3   19.8
04079   3   34.7
04080   3   12.1
04081   3   25.9
04082   3   19.3
04083   3   17.9
04084   3   29.7
04085   3   24.4
04086   3   34.6
04087   3   24.0
04088   3   35.9
04089   3   23.3
04090   3   22.6
04091   3   17.9
04092   3   22.7
04093   3   32.4
04094   3   28.2
04095   3   39.1
04096   3   13.9
04097   3   21.4
04098   3   25.9
04099   3   22.7
04100   3   36.1
04101   3   20.0
04102   3   48.6
04103   3   28.8
04104   3   24.1
04105   3   18.0
04106   3   16.7
04107   3   25.0
04108   3   35.1
04109   3   41.0
04110   3   45.6
04111   3   41.1
04112   3   24.6
04113   3   20.6
04114   2   38.3
04115   2   40.0
04116   2   49.0
04117   2   49.0
04118   2   52.9
04119   3   19.3
04120   3   20.8
04121   3   23.1
04122   3   25.5
04123   3   22.2
04124   3   19.7
04125   3   35.0
04126   3   31.1
04127   3   20.5
04128   3   23.5
04129   3   24.0
04130   3   36.4
04131   3   32.8
04132   3   27.6
04133   3   39.4
04134   3   41.1
04135   3   15.0
04136   3   25.6
04137   3   23.8
04138   3   28.0
04139   3   17.4
04140   3   26.0
04141   3   37.1
04142   3   30.9
04143   2   39.2
04144   3   33.8
04145   3   38.5
04146   3   29.2
04147   3   23.2
04148   3   30.6
04149   3   50.7
04150   3   40.2
04151   3   25.7
04152   3   15.7
04153   3   29.6
04154   3   34.9
04155   3   29.0
04156   3   17.3
04157   3   48.1
04158   3   25.7
04159   3   30.6
04160   2    7.3
04161   3   20.3
04162   3   17.9
04163   3   18.1
04164   3   32.1
04165   3   37.5
04166   3   22.1
04167   3   23.2
04168   3   23.6
04169   3   16.1
04170   3   32.4
04171   3   43.8
04172   3   35.1
04173   3   18.2
04174   3   30.0
04175   3   22.5
04176   3   23.4
04177   2   14.9
04178   2   11.5
04179   2   18.5
04180   2   15.4
04181   2   12.0
04182   2   17.2
04183   2   15.1
04184   2   17.0
04185   2   19.6
04186   2   15.6
04187   2   22.2
04188   2   16.4
04189   2   20.8
04190   2   22.6
04191   2   15.2
04192   2   26.7
04193   2   16.2
04194   2   16.7
04195   2   18.0
04196   2   13.7
04197   2   14.6
04198   2    3.1
04199   1    4.2
04200   2   22.5
04201   2    5.5
04202   1   13.8
04203   2   10.2
04204   2   18.4
04205   2   16.0
04206   2   24.5
04207   2   15.7
04208   2   21.3
04209   2   17.8
04210   2    4.5
04211   2   12.0
04212   2    7.4
04213   1   17.4
04214   1   25.9
04215   2   17.6
04216   2   16.3
04217   2   10.6
04218   2   20.5
04219   2   20.9
04220   2   16.3
04221   2   10.9
04222   2   11.9
04223   2   19.1
04224   2   10.6
04225   2   20.5
04226   2    2.4
04227   2   34.1
04228   2    8.0
04229   2   19.2
04230   2   15.6
04231   2    8.7
04232   2   14.0
04233   2   17.5
04234   2   13.7
04235   2   30.6
04236   2   20.0
04237   2   31.9
04238   2    3.9
04239   2   14.3
04240   2   10.0
04241   2   13.3
04242   1    3.2
04243   2   25.0
04244   2   15.6
04245   2   21.2
04246   2   13.8
04247   2    8.3
04250   2   11.9
04251   2   23.8
04252   2    6.2
04253   2    6.9
04254   2    5.9
04255   2   16.7
04256   2   24.1
04257   2   14.3
04258   2   27.3
04259   2   36.7
04260   2   17.2
04261   2   21.7
04262   2   23.8
04263   2    5.4
04264   2   14.7
04265   2    8.9
04266   2   23.1
04267   2   15.1
04268   2   22.2
04269   2   32.6
04270   2   32.0
04271   2    8.9
04272   2   20.8
04273   2    8.2
04274   2   18.5
04275   2   21.2
04276   2   24.1
04277   2   18.2
04278   2   15.5
04279   2   13.7
04280   2   28.2
04281   2   15.1
04282   2   31.6
04283   2   25.0
04284   2   34.6
04285   2   16.2
04286   2   12.8
04287   2   17.0
04288   2   14.3
04289   2    3.2
04290   2    6.2
04291   2   36.8
04292   2   16.4
04293   2   31.8
04294   2   28.3
04295   2   21.2
04296   2    7.3
04297   2    8.3
04298   2    6.1
04300   2   23.5
04301   2   19.4
04302   2   13.6
04303   2   22.4
04304   2   13.2
04305   2   16.7
04306   2   27.0
04307   2   29.4
04308   2   18.0
04309   2   31.6
04310   2   13.2
04311   2   25.7
04312   2   16.7
04313   2   27.3
04314   2   25.7
04315   2   19.6
04316   2   11.1
04317   2   41.7
04318   2   34.3
04319   2   30.3
04320   2   18.2
04321   2   22.6
04324   1   20.0
04325   1   58.3
04326   1   43.3
04327   1   15.4
04328   2   23.3
04329   2    3.8
04330   1   11.8
04331   2   12.5
04332   2   29.4
04333   2   46.0
04334   2   24.2
04335   2   35.1
04336   2   30.2
04337   2   31.0
04338   2   31.4
04339   2   39.6
04340   2   43.8
04341   2   12.9
04342   2   18.8
04343   2   28.1
04344   2   16.7
04345   2   10.4
04346   2   33.3
04347   2   21.4
04348   2   35.1
04349   2   15.9
04350   2   30.8
04351   2   22.6
04352   2   29.6
04353   2   18.5
04354   2   24.6
04355   2   15.8
04356   2   32.6
04357   2   19.6
04358   2   24.1
04359   2   25.4
04360   2   32.7
04361   2   19.2
04362   2   21.3
04363   2   16.4
04364   2   20.4
04365   2   16.7
04366   2   30.2
05001   2   37.2
05002   2   28.3
05003   2   34.1
05004   2    2.3
05005   2   13.5
05006   2   26.0
05007   2   23.5
05008   2   16.3
05009   2    8.5
05010   2    5.6
05011   2   22.2
05012   2   15.8
05013   2    2.5
05014   2   20.9
05015   2   48.9
05016   2   23.3
05017   2   10.8
05018   2   13.2
05019   2   18.9
05020   2   18.8
05021   2   17.4
05022   2   20.9
05023   2   40.0
05024   2   15.4
05025   2   20.8
05026   2   31.4
05027   2   22.6
05028   2   25.0
05029   2   11.1
05030   2   43.6
05031   2   13.3
05032   2    7.7
05033   2   13.7
05034   2   27.8
05035   2   30.6
05036   2   19.4
05037   2    8.9
05038   2   34.8
05039   2   27.3
05040   2   26.1
05041   2   16.3
05042   2   22.6
05043   2   17.0
05044   2   38.9
05045   2   46.8
05046   2   53.7
05047   2   35.3
05048   2   33.9
05049   2   31.1
05050   2   26.3
05051   1   12.5
05052   2   17.8
05053   2   10.6
05054   2   12.5
05055   2   47.1
05056   2   31.6
05057   2   25.0
05058   2   38.8
05059   2   38.0
05060   2   29.3
05061   2   21.7
05062   2   25.4
05063   2   29.8
05064   2    8.9
05065   2   13.2
05066   2   10.2
05067   2   24.4
05068   2   31.6
05069   2   42.6
05070   2   15.7
05071   2   23.0
05072   2   40.0
05073   2   26.5
05074   2   19.0
05075   2   36.5
05076   2   25.0
05077   2   35.7
05078   2   20.0
05079   2   53.2
05080   2   41.4
05081   2   30.2
05082   2   12.8
05083   2   30.4
05084   2   15.9
05085   2   56.9
05086   2   39.0
05087   2   12.8
05088   2   39.0
05089   2   23.6
05090   2   12.2
05091   2   13.1
05092   2   42.3
05093   2   33.3
05094   2   24.0
05095   2   38.4
05096   2   31.5
05097   2   15.2
05098   2   45.1
05099   2   46.2
05100   2   14.9
05101   2   35.4
05102   2   17.9
05103   2    9.1
05104   2   19.6
05105   2   16.4
05106   2   39.5
05107   2   33.3
05108   2   32.8
05109   2   15.9
05110   2   36.7
05111   2   43.1
05112   2   31.8
05113   2   25.0
05114   2   28.6
05115   2   40.5
05116   2   42.1
05117   2   42.9
05118   2   39.2
05119   2   40.4
05120   2   36.4
05121   2   17.0
05122   2   31.1
05123   2   22.2
05124   2   30.4
05125   3   37.3
05126   3   34.9
05127   2   52.7
05128   3   30.9
05129   3   39.8
05130   3   21.2
05131   3   41.5
05132   3   50.9
05133   3   54.9
05134   3   45.8
05135   3   43.9
05136   3   34.8
05137   3   54.1
05138   3   36.6
05139   2   36.2
05140   3   28.8
05141   3   40.9
05142   3   42.9
05143   3   38.0
05144   3   39.5
05145   3   33.8
05146   2   44.1
05147   2   31.8
05148   2   38.0
05149   2   34.5
05150   3   11.5
05151   3   42.1
05152   3   50.5
05153   3   50.4
05154   3   39.5
05155   3   48.3
05156   3   61.3
05157   3   27.5
05158   3   46.4
05159   3   51.4
05160   3   36.3
05161   3   55.8
05162   3   39.6
05163   3   44.6
05164   3   39.4
05165   3   39.8
05166   3   34.4
05167   3   40.0
05168   3   48.2
05169   3   39.8
05170   3   43.8
05171   3   32.0
05172   3   38.0
05173   3   47.9
05174   3   41.7
05175   3   19.8
05176   3   26.5
05177   3   47.4
05178   3   42.6
05179   3   25.3
05180   3   41.6
05181   3   46.8
05182   3   35.1
05183   3   40.0
05184   3   41.2
05185   3   24.4
05186   3   30.8
05187   3   37.8
05188   3   42.2
05189   3   43.9
05190   3   44.8
05191   3   33.3
05192   3   31.2
05193   3   38.7
05194   3   39.2
05195   3   42.0
05196   3   34.8
05197   3   37.9
05198   3   44.6
05199   3   28.9
05200   3   40.8
05201   3   41.1
05202   3   34.3
05203   3   41.6
05204   3   41.6
05205   3   50.4
05206   3   20.7
05207   3   19.9
05208   3   21.4
05209   3   28.0
05210   3   26.8
05211   2   46.8
05212   3   53.8
05213   3   28.3
05214   3   47.5
05215   3   31.5
05216   3   45.0
05217   3   35.9
05218   3   50.5
05219   3   45.3
05220   3   46.4
05221   3   21.2
05222   3   45.7
05223   2   44.1
05224   3   28.3
05225   3   44.9
05226   3   43.4
05227   3   41.0
05228   3   50.8
05229   3   45.0
05230   3   33.3
05231   3   45.4
05232   2   44.8
05233   3   37.8
05234   3   51.6
05235   3   48.5
05236   3   47.7
05237   3   30.8
05238   3   55.7
05239   3   43.3
05240   3   53.1
05241   3   40.8
05242   3   38.5
05243   3   45.0
05244   3   45.2
05245   3   39.7
05246   3   45.6
05247   3   38.5
05248   3   49.5
05249   3   46.5
05250   3   54.5
05251   3   35.9
05252   3   31.3
05253   3   51.6
05254   3   57.1
05255   3   52.1
05256   3   34.3
05257   3   55.4
05258   3   49.5
05259   3   30.8
05260   3   47.3
05261   3   43.8
05262   3   45.1
05263   3   40.9
05264   3   39.8
05265   3   47.6
05266   3   46.5
05267   3   43.2
05268   3   51.6
05269   2   47.8
05270   2   54.5
05271   2   43.4
05272   3   40.2
05273   3   41.7
05274   3   44.1
05275   3   45.8
05276   3   60.6
05277   3   38.9
05278   3   44.8
05279   3   40.2
05280   3   44.6
05281   3   41.7
05282   3   37.1
05283   3   51.9
05284   3   53.4
05285   3   32.4
05286   3   44.6
05287   3   37.5
05288   3   36.4
05289   3   39.4
05290   3   22.4
05291   3   17.9
05292   3   19.4
05293   3   46.7
05294   3   39.6
05295   3   53.8
05296   3   44.7
05297   3   47.6
05298   3   35.1
05299   3   45.9
05300   3   35.6
05301   3   48.7
05302   3   50.7
05303   3   23.4
05304   3   39.1
05305   3   37.7
05306   3   12.0
05307   3   20.4
05308   3   26.3
05309   3   14.3
05310   3   34.8
05311   3   28.4
05312   3   23.7
05313   3   19.2
05314   3   26.4
05315   3   26.2
05316   3   19.6
05317   3   10.8
05318   3   19.4
05319   3   26.2
05320   2   37.5
05321   3   22.9
05322   3   32.9
05323   3   25.9
05324   2   40.0
05325   2   30.6
05326   3   24.6
05327   3   16.4
05328   2   45.7
05329   2   45.0
05330   2    0.0
05331   2    0.0
05332   2    0.0
05333   2    0.0
05334   2    3.6
05335   2    0.0
05336   2   43.2
05337   2   21.7
05338   2   46.7
05339   2   35.3
05340   2   39.3
05341   2   47.1
05342   2   57.8
05343   2   45.5
05344   2   49.0
05345   2   48.2
05346   2   46.0
05347   2   39.2
05348   2   51.1
05349   2   46.8
05350   2   50.0
05351   2   52.9
05352   2   36.5
05353   2   51.0
05354   1   64.7
05355   2   50.0
05356   2   50.0
05357   2   44.4
05358   2   38.5
05359   2   52.4
05360   2   44.2
05361   2   48.8
05362   2   47.9
05363   2   59.5
05364   2   42.9
05365   2   42.0
06001   2   39.2
06002   2   59.1
06003   3   38.5
06004   3   47.8
06005   3   45.9
06006   3   47.4
06007   3   35.7
06008   3   32.1
06009   3   36.2
06010   3   53.2
06011   3   40.6
06012   3   47.6
06013   3   38.3
06014   3   46.8
06015   3   45.3
06016   3   35.7
06017   3   33.8
06018   3   39.4
06019   3   36.6
06020   3   28.6
06021   3   35.6
06022   3   52.7
06023   3   41.7
06024   3   22.0
06025   3   51.6
06026   3   51.6
06027   3   38.7
06028   3   37.7
06029   3   46.7
06030   3   41.2
06031   3   40.8
06032   3   48.4
06033   3   37.2
06034   3   41.8
06035   3   45.3
06036   3   43.5
06037   3   45.2
06038   3   48.9
06039   3   37.8
06040   3   39.6
06041   3   44.6
06042   3   45.8
06043   3   47.1
06044   3   39.4
06045   3   50.5
06046   3   40.8
06047   3   27.9
06048   3   49.5
06049   3   42.4
06050   3   43.8
06051   3   42.9
06052   3   34.4
06053   3   56.4
06054   3   53.0
06055   3   51.9
06056   3   56.2
06057   3   48.8
06058   3   46.8
06059   2   30.4
06060   3   49.4
06061   3   50.0
06062   3   45.7
06063   3   48.4
06064   3   46.4
06065   3   47.9
06066   3   37.9
06067   3   45.3
06068   3   48.9
06069   3   46.6
06070   2   44.9
06071   3   55.9
06072   3   59.3
06073   3   29.2
06074   2   16.9
06075   3   47.7
06076   3   53.4
06077   3   54.4
06078   3   43.7
06079   3   50.0
06080   3   49.4
06081   3   50.9
06082   3   62.9
06083   3   50.5
06084   3   45.5
06085   3   41.8
06086   3   53.8
06087   2   38.6
06088   3   38.0
06089   3   44.0
06090   3   45.2
06091   3   44.0
06092   3   48.4
06093   3   50.0
06094   3   50.5
06095   3   48.8
06096   3   41.3
06097   3   37.3
06098   3   41.2
06099   3   45.5
06100   3   50.9
06101   3   53.1
06102   3   50.5
06103   3   46.8
06104   3   39.5
06105   3   45.1
06106   3   39.8
06107   3   43.7
06108   3   43.8
06109   3   47.3
06110   3   47.6
06111   3   19.0
06112   3   18.3
06113   3   28.6
06114   3   37.8
06115   3   35.7
06116   3   34.6
06117   3   50.0
06118   3   30.8
06119   2   46.9
06120   2   40.0
06121   2   43.1
06122   3   21.1
06123   3   40.2
06124   3   36.2
06125   3   32.0
06126   3   47.5
06127   3   41.9
06128   3   21.0
06129   3   22.3
06130   3   43.2
06131   2   42.3
06132   3   19.1
06133   2   37.5
06134   2   50.0
06135   3   17.9
06136   3    7.9
06137   3   33.8
06138   2   22.1
06139   3   26.5
06140   3   40.8
06141   3   35.1
06142   3   28.6
06143   3   32.6
06144   3   30.2
06145   3   49.1
06146   3   43.9
06147   3   43.4
06148   3   47.6
06149   3   41.3
06150   3   52.7
06151   3   26.1
06152   3   16.7
06153   3   27.3
06154   3   34.3
06155   3   42.6
06156   3   42.4
06157   3   42.9
06158   3   33.3
06159   3   38.0
06160   3   26.3
06161   3   37.1
06162   3   38.0
06163   3   11.6
06164   3   33.3
06165   3   39.0
06166   3   42.5
06167   3   22.3
06168   3   43.8
06169   3   37.6
06170   3   33.1
06171   3   26.4
06172   3   39.0
06173   3   34.1
06174   3   36.6
06175   3   36.4
06176   3   37.5
06177   3   33.6
06178   3   20.3
06179   3   25.9
06180   3   36.1
06181   3   31.0
06182   3   42.6
06183   3   44.0
06184   3   25.7
06185   3   34.8
06186   3   22.1
06187   3   18.8
06188   3   47.8
06189   3   38.5
06190   3   41.5
06191   3   19.0
06192   3   23.4
06193   3   23.2
06194   3   27.2
06195   3   36.3
06196   3   47.8
06197   3   45.9
06198   3   32.6
06199   2   44.4
06200   3   42.5
06201   3   33.8
06202   3   30.7
06203   3   28.0
06204   3   27.2
06205   3   31.4
06206   3   41.1
06207   3   11.8
06208   3   34.0
06209   3   31.9
06210   3   42.2
06211   3   41.4
06212   3   19.0
06213   3   40.2
06214   3   45.2
06215   3   33.3
06216   3   32.3
06217   3   43.3
06218   3   40.0
06219   3   32.9
06220   3   34.5
06221   3   32.7
06222   3   42.6
06223   3   43.2
06224   2   67.9
06225   3   48.9
06226   3   43.2
06227   4   34.5
06228   3   45.5
06229   3   36.7
06230   3   35.2
06231   3   41.5
06232   4   38.5
06233   4   41.9
06234   3   45.6
06235   3   42.2
06236   4   29.8
06237   4   29.0
06238   4   43.1
06239   4   40.5
06240   4   39.8
06241   4   39.8
06242   4   34.5
06243   4   40.1
06244   4   32.4
06245   4   33.6
06246   4   42.7
06247   4   30.4
06248   4   38.7
06249   4   40.4
06250   4   38.2
06251   4   33.1
06252   4   35.5
06253   4   36.6
06254   4   39.8
06255   4   31.1
06256   5   29.4
06257   5   23.1
06258   6   12.9
06259   5    8.7
06260   5    4.6
06261   5    8.4
06262   3    1.3
06263   5    6.2
06264   5    3.1
06265   6    9.7
06266   6   21.4
06267   6   21.3
06268   6   19.2
06269   6    9.7
06270   7   19.0
06271   6   20.5
06272   6    8.6
06273   7   12.2
06274   7   17.8
06275   7   19.4
06276   7   24.6
06277   6   12.6
06278   7   16.2
06279   7   13.3
06280   7   14.3
06281   7   15.7
06282   7   14.9
06283   7   19.5
06284   7   23.5
06285   7    9.4
06286   7    9.9
06287   7   14.1
06288   7   12.6
06289   7   15.1
06290   7    7.5
06291   7   11.2
06292   7   17.8
06293   7   17.4
06294   7   24.0
06295   7   15.4
06296   7   27.9
06297   7   16.2
06298   7   14.3
06299   7   13.6
06300   7   14.2
06301   7   15.5
06302   7   18.5
06303   7   23.7
06304   7   23.5
06305   7   16.0
06306   7   16.5
06307   7   24.2
06308   7   11.4
06309   7   22.0
06310   7   15.2
06311   8   16.0
06312   8   25.6
06313   9   15.1
06314   9   14.1
06315   9   14.8
06316   9   22.2
06317   9   20.6
06318   9   17.4
06319   9    7.0
06320   9   17.5
06321   9   14.2
06322   9   27.2
06323   9   15.8
06324   9    9.9
06325   9   10.1
06326   9   15.4
06327   9   14.7
06328   9   11.7
06329   9   20.8
06330   9   18.0
06331   9   10.8
06332   8   25.8
06333   9   28.7
06334   9   23.0
06335   9   12.9
06336   9   16.0
06337   9   16.4
06338   9   14.3
06339   9   14.2
06340   9   23.6
06341   9    8.3
06342   9   24.5
06343   9   15.7
06344   9   25.2
06345   9   21.3
06346   9   20.4
06347   9   21.5
06348   9   13.3
06349   9   26.9
06350   4   33.7
06351   4   36.9
06352   9   24.6
06353   9   13.2
06354   9    8.6
06355   8   16.1
06356   8   20.5
06357   8   18.2
06358   8   24.2
06359   7   27.5
06360   8   22.5
06361   8   12.2
06362   7   13.1
06363   8   17.3
06364   8   29.0
06365   8   23.9
07001   8   16.2
07002   8   15.3
07003   8   14.6
07004   8   12.0
07005   7   16.2
07006   7   20.8
07007   7   27.2
07008   8   32.1
07009   8   22.3
07010   8   16.8
07011   8   16.0
07012   8   16.2
07013   7    9.5
07014   7   12.0
07015   8   25.9
07016   8   21.8
07017   8   23.7
07018   8   19.0
07019   8   17.4
07020   7   25.7
07021   7   29.4
07022   8   14.8
07023   8   21.1
07024   8   30.4
07025   8   27.0
07026   8   18.4
07027   8   27.6
07028   8   27.8
07029   8   23.1
07030   8   18.5
07031   8   37.4
07032   8   25.0
07033   8   30.0
07034   8   16.1
07035   8   29.2
07036   8   29.4
07037   8   25.7
07038   8   26.9
07039   8   24.8
07040   8   21.9
07041   8   26.6
07042   8   29.7
07043   8   19.4
07044   8   24.7
07045   9   19.4
07046   9   17.9
07047   8   13.2
07048   8    1.1
07049   8   15.7
07050   8    0.0
07051   8    9.9
07052   8    0.8
07053   8    0.0
07054   9    9.7
07055   9   13.6
07056   9   29.5
07057   9   12.4
07058   9   14.1
07059   9   22.6
07060   9   15.3
07061   9   23.7
07062   9   27.2
07063   9   23.6
07064   9   24.2
07065   9   25.4
07066  10   23.6
07067  10    6.3
07068  10   13.9
07069  10   16.8
07070  10   11.2
07071  10    8.6
07072  10   17.1
07073  10   16.4
07074  10   11.3
07075  10    4.8
07076  10   26.8
07077  10   20.4
07078  10   19.5
07079   9   16.8
07080   9   16.7
07081  10   25.5
07082  10   26.2
07083  10   26.5
07084  10   20.9
07085  10   12.3
07086  10   20.3
07087  10   16.3
07088  10   20.5
07089  10   20.6
07090  10   11.1
07091  10   22.1
07092  10   13.1
07093  10    5.1
07094  10    5.3
07095   9    6.2
07096  10   13.3
07097  10   20.7
07098  10   11.2
07099  10   14.8
07100  10   11.5
07101  10   23.2
07102  10   14.4
07103  10    7.2
07104  10   11.4
07105  10   11.8
07106  10   10.2
07107  10    4.5
07108  10    2.2
07109  10   17.3
07110  10    7.3
07111  10   12.9
07112  10   20.0
07113   9    8.9
07114  10   13.1
07115  10    8.0
07116  10   14.7
07117  10   14.6
07118  10    6.2
07119   9   14.0
07120   9    3.4
07121   8   23.7
07122   9    2.6
07123   9   11.7
07124   9   14.1
07125   9   14.9
07126   8   16.8
07127  10   15.1
07128   9    8.6
07129   9    0.0
07130   9    8.2
07131   9   14.2
07132   9   18.3
07133   9    8.3
07134   9    1.7
07135   9   12.8
07136   9   11.2
07137   9   14.5
07138   9   10.5
07139   9   14.8
07140   9   13.9
07141   9   14.2
07142   9    7.5
07143  10    6.5
07144  10   22.6
07145  10   11.3
07146  10   14.8
07147  10   25.0
07148  10   13.4
07149   9   22.3
07150  10   17.1
07151  10    0.9
07152  10    9.8
07153  10   10.6
07154  10   12.0
07155  10    0.6
07156  10    6.3
07157  10    5.8
07158  10   15.2
07159  10    2.8
07160  10    7.4
07161  10    4.4
07162  10    5.8
07163   9   18.6
07164   9   10.5
07165   9   10.2
07166   9   11.8
07167   9   11.3
07168   9    6.4
07169   8    6.3
07170   9    5.6
07171   9    3.4
07172  10    4.2
07173   9   23.7
07174   9    4.7
07175   9   13.7
07176   9   19.9
07177  10   21.3
07178  10   22.0
07179  10   16.1
07180  10    8.0
07181  10    5.3
07182  10    4.0
07183  10   20.2
07184  10   17.9
07185   9    3.3
07186   9   16.2
07187   8    4.5
07188   9    7.8
07189   9    6.2
07190  10    6.2
07191  10    1.2
07192  10    3.0
07193  10   20.8
07194  10    1.7
07195  10    8.2
07196  10    2.6
07197  10    7.1
07198  10    2.0
07199  10    1.7
07200  10    3.8
07201  10    5.8
07202   5   11.7
07203   5    8.3
07204  10    4.3
07205  10    5.1
07206  10    4.5
07207  10    1.6
07208  10    9.3
07209  10    4.5
07210  10   10.1
07211  10    3.8
07212  10    2.1
07213  10    3.3
07214  10    3.8
07215  10    7.0
07216  10    7.5
07217  10   10.4
07218  10    2.1
07219  10    0.6
07220  10   13.6
07221  10    7.1
07222  10   11.7
07223  10    2.9
07224  10   10.6
07225  10    5.1
07226  10    7.2
07227  10    6.2
07228  10    2.2
07229  10    3.3
07230   9    6.7
07231   9    4.0
07232  10    6.3
07233   8    3.9
07234   9    8.6
07235  10   18.6
07236  10    8.6
07237  10    8.9
07238  10    6.2
07239  10   21.2
07240  10   22.3
07241  10    9.9
07242  10   21.3
07243  10   28.1
07244  10   12.8
07245  10   10.1
07246  10   27.9
07247  10   24.3
07248  10   11.7
07249  10   25.4
07250  10    9.2
07251  10   20.3
07252  10   11.6
07253  10    9.5
07254  10   11.9
07255  10    4.8
07256  10    4.2
07257  10   10.9
07258  10    9.2
07259  10   12.3
07260  10   15.1
07261  10   11.0
07262  10   13.8
07263  10   14.1
07264  10   17.6
07265  10   21.8
07266  10   21.7
07267  10   12.4
07268  10   13.9
07269  10   14.8
07270  10   17.0
07271  10   23.1
07272  10   24.1
07273  10   18.0
07274  10    9.4
07275  10    5.0
07276   9    8.8
07277   9    7.1
07278   9    5.0
07279   9    7.9
07280   9   16.5
07281  10    4.6
07282  10   12.8
07283  10   15.5
07284  10   24.3
07285  10   17.4
07286  10   16.4
07287  10   16.8
07288  10   16.8
07289   8    4.8
07290  10    5.4
07291  10   12.4
07292  10   22.2
07293  10   25.0
07294  10   18.2
07295  10   23.9
07296  10   33.1
07297  10   22.6
07298  10   29.1
07299  10   23.6
07300  10   19.4
07301  10   12.5
07302  10    5.0
07303  10   13.5
07304  10   10.7
07305  10   19.6
07306  10   17.9
07307  10   22.4
07308   5   16.4
07309   8   12.7
07310   8   22.2
07311   8   25.0
07312   6   21.0
07313   7   32.1
07314   7   33.1
07315   7   24.8
07316   7   19.8
07317   7   29.0
07318   7   20.5
07319   7   22.1
07320   7   28.4
07321   7   36.7
07322   7   37.6
07323   7   29.6
07324   7   27.3
07325   7   35.5
07326   7   34.0
07327   7   32.1
07328   7   34.5
07329   7   20.8
07330   7    4.7
07331   7   11.8
07332   7   15.8
07333   7   19.0
07334   7   12.2
07335   7   17.5
07336   7   23.6
07337   7   15.4
07338   7   17.3
07339   7   20.7
07340   7   29.6
07341   7   16.8
07342   7   27.0
07343   7   28.2
07344   7   31.1
07345   7   29.2
07346   7   26.9
07347   6   27.1
07348   7   22.0
07349   7   25.6
07350   7   25.0
07351   6   16.0
07352   7   18.0
07353   7   20.5
07354   7   15.8
07355   7   16.8
07356   7   27.3
07357   7   29.3
07358   7   41.4
07359   7   27.0
07360   7   28.0
07361   8   32.9
07362   8   30.4
07363   8   27.4
07364   8   36.3
07365   8   38.5
08001   8   45.5
08002   8   37.1
08003   8   31.4
08004   8   25.1
08005   9   21.3
08006   9   36.5
08007   8    1.7
08008   8   28.8
08009   8   31.6
08010   8   30.7
08011   8   32.3
08012   8   29.6
08013   8   30.6
08014   8   34.6
08015   8   33.7
08016   7    9.0
08017   8   40.7
08018   8   36.2
08019   8   27.8
08020   8   32.7
08021   9   25.3
08022   9    8.9
08023   9   19.9
08024   9   30.9
08025   8   26.2
08026   8   29.9
08027   9   17.2
08028   9   17.2
08029   9   16.9
08030   5   27.3
08031   5   28.6
08032   5   31.3
08033   5   35.1
08034   5   32.3
08035   5   31.0
08036   5   23.9
08037   5   18.3
08038   5   23.7
08039   5   20.3
08040   8   15.6
08041   8   27.4
08042   8   16.5
08043   8   18.6
08044   8   14.3
08045  10   10.7
08046  10   18.0
08047  10   19.3
08048  10   20.0
08049  10   20.6
08050  10    4.7
08051   9    1.8
08052  10   16.9
08053  10   12.8
08054  10   14.0
08055  10   17.6
08056  10   18.5
08057  12   17.7
08058  12   15.0
08059  11   17.3
08060  11   14.7
08061  12   12.9
08062  11    9.3
08063  12   13.4
08064  12   17.1
08065  12    5.5
08066  12   11.6
08067  12   12.0
08068  12   15.7
08069  12   10.7
08070  12   17.0
08071  12   14.9
08072  13    8.4
08073  13    0.0
08074  11    1.2
08075  11    2.7
08076  11    0.0
08077  12   11.9
08078  12    8.9
08079  13   11.6
08080  14    8.6
08081  14    8.4
08082  13    8.5
08083  13   11.5
08084  13   11.2
08085  14    6.8
08086  14    8.5
08087  14    8.9
08088  14   11.2
08089  13    5.9
08090  13    9.1
08091  13   11.3
08092  14   12.9
08093  14    6.8
08094  14    7.7
08095  14   10.9
08096  14   11.4
08097  14   10.7
08098  14   15.5
08099  14   12.1
08100  14   10.5
08101  14   11.9
08102  14   15.6
08103  14   11.3
08104  14   11.2
08105  14   10.2
08106  14    5.1
08107  15   17.6
08108  15    8.7
08109  15    6.1
08110  15   11.4
08111  15   10.0
08112  15    9.6
08113  15    6.6
08114  15    8.9
08115  15    0.0
08116  15    1.0
08117  15    4.8
08118  15   10.2
08119  15    4.5
08120  15   20.6
08121  15    5.7
08122  15    1.8
08123  15    2.4
08124  15    5.6
08125  15    1.1
08126  15    4.1
08127  15    4.5
08128  15   11.5
08129  15    0.5
08130  15    1.6
08131  15    3.2
08132  15    4.8
08133  15    2.7
08134  15    6.4
08135  15    2.6
08136  15    2.0
08137  15    0.0
08138  15    3.4
08139  14    0.0
08140  15    0.7
08141  15    0.4
08142  15    6.2
08143  15    3.1
08144  15    0.5
08145  15    2.8
08146  15    3.3
08147  15    0.0
08148  15    0.5
08149  15    0.0
08150  15    8.5
08151  15    3.6
08152  15    0.0
08153  15    1.0
08154  15    3.1
08155  15    6.7
08156  15   10.0
08157  15   10.8
08158  15    2.8
08159  14    9.3
08160  14   13.2
08161  15    5.3
08162  15   10.6
08163  15    4.1
08164  15   10.0
08165  15    9.9
08166  15    5.5
08167  15   12.7
08168  15    2.0
08169  15    1.9
08170  15    4.1
08171  15    1.0
08172  15    1.1
08173  15    1.2
08174  15    1.4
08175  15    0.5
08176  15    1.1
08177  15    0.0
08178  15    6.5
08179  16    6.9
08180  15    9.2
08181  15    0.0
08182  15    0.0
08183  15    2.1
08184  15    0.0
08185  15    1.0
08186  15    0.0
08187  16    7.7
08188  15    5.0
08189  17    7.5
08190  16    9.0
08191  16    9.1
08192  16    5.6
08193  16    6.7
08194  16    8.1
08195  16    7.4
08196  15    6.4
08197  16    7.5
08198  16    5.4
08199  16    7.3
08200  16    8.0
08201  16    4.7
08202  16    8.7
08203  16    6.9
08204   8   16.6
08205   8   24.7
08206   8   18.6
08207   8   16.0
08208   8   14.6
08209  16    5.1
08210  16    5.3
08211  16    2.8
08212  16    3.8
08213  16    4.9
08214  16    5.3
08215  16    6.7
08216  16    2.6
08217  16    4.4
08218  16    4.3
08219  16    4.9
08220  16    5.6
08221  16    5.4
08222  15    8.4
08223  15    9.5
08224  15    4.0
08225  15    0.0
08226  16    1.5
08227  16   11.8
08228  16   10.1
08229  16   13.4
08230  16   16.1
08231  16   14.6
08232  16    7.6
08233  16   11.9
08234  16   16.5
08235  16    9.0
08236  17    9.6
08237  15    6.0
08238  16    8.2
08239  16    6.7
08240  16   11.1
08241  16    9.1
08242  16   13.1
08243  16    8.8
08244  16    6.8
08245  16    9.1
08246  16    8.6
08247  16    7.7
08248  16   11.2
08249  16    8.1
08250  16   14.2
08251  16    8.9
08252  16    8.6
08253  16    7.3
08254  16    7.8
08255  16   10.6
08256  16   14.8
08257  14   19.7
08258  15   17.1
08259  16   19.2
08260  16   15.2
08261  16    9.5
08262  16   16.6
08263  16    8.1
08264  16    9.0
08265  16    8.1
08266  16   10.3
08267  16   10.5
08268  16    7.6
08269  13    6.3
08270  12    5.1
08271  13    9.0
08272  14    9.4
08273  15    7.5
08274  15   10.3
08275  15    5.9
08276  15    6.7
08277  14   10.3
08278  14   10.7
08279  14    9.3
08280  14    5.1
08281  15    4.7
08282  15    6.1
08283  15    4.0
08284  15    4.0
08285  15    6.2
08286  15   11.5
08287  15    9.5
08288  15    5.4
08289  15    7.4
08290  15    5.7
08291  15    9.6
08292  15    9.4
08293  15    7.3
08294  15    7.4
08295  16    7.1
08296  16    8.3
08297  16    5.4
08298  16    6.5
08299  16    7.1
08300  16    3.7
08301  16    7.6
08302  16    6.6
08303  16    8.1
08304  16    5.1
08305  15    6.8
08306  15    4.5
08307  15    7.5
08308  16    3.3
08309  16    6.0
08310  16   15.0
08311  16   13.7
08312  15    3.1
08313  15    6.5
08314  15    6.8
08315  16    9.5
08316  16    5.7
08317  16    9.3
08318  16    5.7
08319  16    6.3
08320  16    8.7
08321  16    8.0
08322  16   13.0
08323  16    6.5
08324  16   10.2
08325  16    8.7
08326  16    6.2
08327  16    9.8
08328  15    8.4
08329  16    9.8
08330  16    9.3
08331  16   12.4
08332  16    4.6
08333  15    6.6
08334  15   11.9
08335  15    9.5
08336  16   10.2
08337  16   11.3
08338  16    6.9
08339  16    6.4
08340  16    9.1
08341  16   10.5
08342  16   11.2
08343  16   11.9
08344  16    9.6
08345  16   10.9
08346  16    8.0
08347  16    8.2
08348  16    9.5
08349  16   11.4
08350  16   11.3
08351  16   11.6
08352  16   10.9
08353  16    7.9
08354  16    9.2
08355  16    7.7
08356  16    7.6
08357  16    8.4
08358  16    9.1
08359  16   13.7
08360  16    6.4
08361  16    9.9
08362  16    8.7
08363  16    8.9
08364  16   10.7
08365  16   21.1
08366   8   35.9
09001   8   33.8
09002  16   19.2
09003  16   23.6
09004  15   18.0
09005  16   24.6
09006  16   10.3
09007  16   10.6
09008  16   10.9
09009  16   10.2
09010  16   11.5
09011  16    9.5
09012  16    5.3
09013  16    4.9
09014  16    4.4
09015  16   10.2
09016  16   11.5
09017  16    6.4
09018  16   10.6
09019  15    4.8
09020  16   11.0
09021  16    6.6
09022  16    8.5
09023  16    8.3
09024  16    7.0
09025  16    7.3
09026  15   10.1
09027  16   11.7
09028  16    5.0
09029  16    9.2
09030  16    7.1
09031  16   12.0
09032  16   12.0
09033  15    6.8
09034  16    5.4
09035  16    6.8
09036  16   12.7
09037  16   10.5
09038  16    9.0
09039  16    9.2
09040  16    8.1
09041  15    3.3
09042  16    6.8
09043  16    5.9
09044  16    9.7
09045  15   10.4
09046  16   11.5
09047  16    7.5
09048  16   23.5
09049  16   19.4
09050  16   24.5
09051  16   11.9
09052  16    8.5
09053  15   11.1
09054  16    6.0
09055  16    9.3
09056  16   24.2
09057  16   12.2
09058  16   34.9
09059  16   12.2
09060  16   10.3
09061  16   12.2
09062  16    7.1
09063  16   11.6
09064  16    6.6
09065  16    8.2
09066  16    9.6
09067  16    8.3
09068  16    5.5
09069  16   12.7
09070  16   10.0
09071  16   29.1
09072  16    8.9
09073  16    8.7
09074  16   10.8
09075  16    9.8
09076  16    5.9
09077  16   46.8
09078  16   46.8
09079  16   10.6
09080  16    8.8
09081  16    9.3
09082  16   15.7
09083  16   17.5
09084  16   35.9
09085  16    9.3
09086  16    2.8
09087  16    1.8
09088  16   10.1
09089  16   23.5
09090  16   13.2
09091  16    6.1
09092  16    7.6
09093  16   10.7
09094  16   10.4
09095  16    5.6
09096  16    6.2
09097  16    6.4
09098  16    8.3
09099  16    7.2
09100  16    8.4
09101  16   32.2
09102  16    9.1
09103  16    5.7
09104  16    7.0
09105  16   42.7
09106  16    6.7
09107  16    8.6
09108  16    8.7
09109  16   11.7
09110  16    6.2
09111  16   21.2
09112  16   11.2
09113  16    7.5
09114  16    6.0
09115  16    9.4
09116  16   10.7
09117  16    5.6
09118  16    7.4
09119  16    7.4
09120  16    8.6
09121  16   10.1
09122  16    7.7
09123  16    9.3
09124  16    6.1
09125  16    9.9
09126  16    8.7
09127  16   10.2
09128  16    8.5
09129  16    8.1
09130  16    7.5
09131  16    3.7
09132  16    5.3
09133  16    7.4
09134  16    7.0
09135  16    8.2
09136  16    9.9
09137  16   11.3
09138  16   23.3
09139  16   40.5
09140  16    7.8
09141  16    7.1
09142  16    6.8
09143  16    9.1
09144  16    7.4
09145  16    8.3
09146  17    5.4
09147  17    3.4
09148  17    9.9
09149  17    3.2
09150  17    5.0
09151  17    4.8
09152  17    8.9
09153  17    7.0
09154  17    7.3
09155  17    7.1
09156  16    6.0
09157  17    5.6
09158  17   21.6
09159  17    8.4
09160  17    5.9
09161  17   10.8
09162  17    4.3
09163  17    7.6
09164  17    5.9
09165  17    6.7
09166  17    3.2
09167  17    3.8
09168  17   19.7
09169  17    5.7
09170  17    8.2
09171  17    9.4
09172  17    8.0
09173  17    8.6
09174  17    5.4
09175  17    7.5
09176  17    7.1
09177  17   22.6
09178  17   27.2
09179  17   30.3
09180  17    6.7
09181  17    3.5
09182  17    5.5
09183  17    5.8
09184  17    5.9
09185  17    6.1
09186  17    5.9
09187  17    6.7
09188  17    5.2
09189  17    2.7
09190  17    4.2
09191  18    7.2
09192  18    7.3
09193  18    6.3
09194  18    5.4
09195  18    5.2
09196  18    6.9
09197  18    3.7
09198  18    5.3
09199  18    5.2
09200  18    6.3
09201  18    2.2
09202  18    5.7
09203  18    7.8
09204  18    5.9
09205  18    5.7
09206  18    5.4
09207  18    8.0
09208  18    6.7
09209  18    6.1
09210  18    5.8
09211  18    1.5
09212  18    4.1
09213  18    3.6
09214  17    1.6
09215  17    1.7
09216  17    1.1
09217  18    5.6
09218  18    4.6
09219  18    7.0
09220  18    5.1
09221  18    7.4
09222  18    2.4
09223  18    6.9
09224  18    2.8
09225  18    7.5
09226  18    3.3
09227  18    5.7
09228  18    5.8
09229  18    5.2
09230  18    4.3
09231  18    7.3
09232  18    5.9
09233  18    4.9
09234  18   23.8
09235  18    6.9
09236  17   25.6
09237  18   23.9
09238  18   27.2
09239  18   21.4
09240  18    7.6
09241  18    4.0
09242  18    8.3
09243  18    6.5
09244  18    3.4
09245  18    3.5
09246  17    3.4
09247  18    2.7
09248  17    7.6
09249  17    7.5
09250  17   10.8
09251  18    6.7
09252  18    8.6
09253  18    9.0
09254  17    0.6
09255  18    7.8
09256  17    0.7
09257  18   12.4
09258  18    7.2
09259  18    7.6
09260  17    6.5
09261  18    5.3
09262  18    8.2
09263  18    8.9
09264  18    6.9
09265  17    6.2
09266  18    7.8
09267  18    2.6
09268  18    6.2
09269  18    4.9
09270  18   27.9
09271  18   37.9
09272  18   28.0
09273   8   48.4
09274  18    6.8
09275  18    6.8
09276  18    5.8
09277  18    6.8
09278  18    2.0
09279  18    5.4
09280  18    7.3
09281  19    3.2
09282  19    6.1
09283  19    5.9
09284  19    7.1
09285  19    6.0
09286  19    6.0
09287  20   40.1
09288  20   30.4
09289  20    8.4
09290  20    9.9
09291  19    8.2
09292  20    7.5
09293  20    8.7
09294  20   24.2
09295  20   28.8
09296  20    7.2
09297  20    7.7
09298  20   25.7
09299  20    8.3
09300  20    9.4
09301  20    5.3
09302  20    6.8
09303  20    5.6
09304  20    5.3
09305  20    8.0
09306  20    6.6
09307  21    8.0
09308  21   22.2
09309  22   23.5
09310  21   28.4
09311  22    7.4
09312  22   32.2
09313  22   30.8
09314  22   31.7
09315  22    5.2
09316  22    4.6
09317  22    2.6
09318  22    7.6
09319  22    6.3
09320  22    4.5
09321  22    5.0
09322  22    5.6
09323  23    3.3
09324  23    6.0
09325  23    7.0
09326  23    7.3
09327  23    9.3
09328  23    4.5
09329  23    3.9
09330  23    4.9
09331  23    5.5
09332  23    3.1
09333  23    3.6
09334  23    7.5
09335  23    7.9
09336  23    4.7
09337  23    8.3
09338  23   11.7
09339  23    6.0
09340  23    8.7
09341  23    3.9
09342  23    4.0
09343  23    2.5
09344  23    1.7
09345  23    4.3
09346  23    9.2
09347  23    9.1
09348  23   11.5
09349  23    8.1
09350  23    8.1
09351  23    8.0
09352  23    5.9
09353  22    7.8
09354  23    6.0
09355  23    7.8
09356  23   26.3
09357  23    8.2
09358  23    8.4
09359  23    7.2
09360  23    6.7
09361  23    5.7
09362  23    3.6
09363  23    6.7
09364  23    8.7
09365  23    9.8
10001  23    6.9
10002  23    8.6
10003  23    9.8
10004  23    6.8
10005  23    7.1
10006  22    7.4
10007  23    5.8
10008  23    8.1
10009  23    4.2
10010  23    5.4
10011  23    6.3
10012  23    8.4
10013  23    5.3
10014  23    7.0
10015  23    8.2
10016  23    5.5
10017  23    5.9
10018  23   20.3
10019  22    6.0
10020  23    8.6
10021  23   30.2
10022  23   27.8
10023  23   10.1
10024  23    1.5
10025  23    3.7
10026  23    0.9
10027  23   27.1
10028  23    9.1
10029  23    8.2
10030  23   11.6
10031  23    3.6
10032  22    1.1
10033  23    2.8
10034  23    7.5
10035  23    8.7
10036  23    4.9
10037  23    8.2
10038  23    6.8
10039  23    5.0
10040  23    7.9
10041  23   10.1
10042  22    8.7
10043  23    6.2
10044  23    8.6
10045  23    5.3
10046  23    8.4
10047  23    4.9
10048  23    5.2
10049  23    6.4
10050  23    2.3
10051  23   12.5
10052  23    7.9
10053  23    7.2
10054  23    5.0
10055  23    7.4
10056  23    6.0
10057  23    8.5
10058  23    9.6
10059  23    7.6
10060  23    7.8
10061  23    7.5
10062  23    6.4
10063  23    7.7
10064  23    5.4
10065  23    7.8
10066  23    9.9
10067  23   10.3
10068  23    6.0
10069  23    6.5
10070  23    6.1
10071  23    3.2
10072  23    8.5
10073  23    7.1
10074  23    6.5
10075  23    9.4
10076  23    5.8
10077  24    5.4
10078  23    1.5
10079  24    6.8
10080  24    5.4
10081  24   23.0
10082  24    1.9
10083  25   27.0
10084  26   36.7
10085  26   28.2
10086  26   29.0
10087  26   27.5
10088  25   11.2
10089  26   11.2
10090  26   12.2
10091  27   30.2
10092  26    9.7
10093  27   22.0
10094  15   27.5
10095  19   25.3
10096  27   37.3
10097  26    7.3
10098  27   27.1
10099  26   10.8
10100  26   12.6
10101  26   13.9
10102  26   12.5
10103  27   12.2
10104  27    9.8
10105  27   10.5
10106  27    7.6
10107  27   13.5
10108  27   14.6
10109  27   13.0
10110  27   10.6
10111  27   10.8
10112  28    4.8
10113  28   13.2
10114  29   10.5
10115  28   10.7
10116  27   12.0
10117  29   12.4
10118  29   11.2
10119  28    7.6
10120  27    6.2
10121  27    7.6
10122  27    8.2
10123  28    7.8
10124  28   13.4
10125  29   11.1
10126  29   12.2
10127  29   11.9
10128  29   12.0
10129  29   11.2
10130  29   11.2
10131  29   10.7
10132  29   13.2
10133  29   12.6
10134  29   13.8
10135  29   12.4
10136  29    6.6
10137  29    5.3
10138  29    8.3
10139  29   12.1
10140  30   14.0
10141  31   17.1
10142  31   17.0
10143  31   17.9
10144  31   15.2
10145  31   14.0
10146  31   13.1
10147  31   19.2
10148  31   13.4
10149  31   16.7
10150  31   13.9
10151  31   19.9
10152  31   13.4
10153  31   17.7
10154  31   18.3
10155  31   17.9
10156  31   17.4
10157  31   16.1
10158  31   15.0
10159  30   17.2
10160  31    6.7
10161  31   11.2
10162  31    7.5
10163  30   15.7
10164  31   16.4
10165  31   18.4
10166  31   15.9
10167  31   16.3
10168  31   21.9
10169  31   13.9
10170  31   15.6
10171  42   16.5
10172  43   14.5
10173  31   24.2
10174  31   16.5
10175  31   26.2
10176  31   24.0
10177  31   24.0
10178  31   13.0
10179  31   16.3
10180  31   12.7
10181  30   21.1
10182  31   14.7
10183  31   25.3
10184  31   12.5
10185  31   24.5
10186  31   21.2
10187  31   16.9
10188  31   20.5
10189  31   16.5
10190  31   21.8
10191  31   17.6
10192  31   13.2
10193  31   14.5
10194  31   14.3
10195  31   13.1
10196  31    9.5
10197  31   15.5
10198  31   14.8
10199  28   14.0
10200  31   14.1
10201  31   16.2
10202  31   18.3
10203  31   14.1
10204  31   13.7
10205  31   17.2
10206  31   20.1
10207  31   10.3
10208  31   16.0
10209  32   15.4
10210  32   10.0
10211  32   19.2
10212  32   18.0
10213  31   21.1
10214  32   12.6
10215  32   12.8
10216  32   16.6
10217  32   14.2
10218  32   14.4
10219  32   16.0
10220  32   13.9
10221  32   13.6
10222  32   10.8
10223  32   14.0
10224  32   13.7
10225  32    9.3
10226  32   17.0
10227  31   11.6
10228  32   17.6
10229  32   13.3
10230  31   10.9
10231  32   13.8
10232  32   22.9
10233  32   16.6
10234  32   15.7
10235  32   14.5
10236  32   21.5
10237  32   17.1
10238  32   23.0
10239  32   12.4
10240  32   15.7
10241  32   15.4
10242  32   18.1
10243  32   20.2
10244  32   16.9
10245  32   16.5
10246  32   19.3
10247  32   16.9
10248  32   16.4
10249  31   14.2
10250  32   15.4
10251  32    9.9
10252  32   16.3
10253  32   16.2
10254  32   16.3
10255  32   15.8
10256  32   15.4
10257  32   13.8
10258  32   12.6
10259  32    8.7
10260  32   12.3
10261  32   15.5
10262  32   16.8
10263  32   15.7
10264  32   18.5
10265  32   15.1
10266  32   15.6
10267  32   16.6
10268  32   16.9
10269  32   17.4
10270  32   27.2
10271  32   24.1
10272  32   11.2
10273  32   15.6
10274  32   13.0
10275  32   16.6
10276  30   18.3
10277  32   14.2
10278  32   18.0
10279  32   17.7
10280  32   15.5
10281  32   12.1
10282  31   19.3
10283  32   18.0
10284  32   17.5
10285  32   13.1
10286  32   12.9
10287  32   17.5
10288  32    9.4
10289  32   17.0
10290  32   19.0
10291  32   18.9
10292  32   16.5
10293  32   14.1
10294  32   16.2
10295  32   14.1
10296  32   16.4
10297  32   15.2
10298  32   14.4
10299  32   14.3
10300  32   15.5
10301  32   13.4
10302  32   14.1
10303  32   15.5
10304  31   17.6
10305  32   16.5
10306  32   14.5
10307  32   11.9
10308  32   12.1
10309  32   14.2
10310  32   17.3
10311  32   17.6
10312  32   18.0
10313  33   10.7
10314  32   14.0
10315  32   17.1
10316  32   12.9
10317  32   14.6
10318  32   16.1
10319  32   17.1
10320  31   12.6
10321  32   13.4
10322  32   13.6
10323  32   18.1
10324  32   16.4
10325  32   13.8
10326  32   11.5
10327  32   13.1
10328  32   15.3
10329  32   14.4
10330  32   14.0
10331  31   16.3
10332  12   38.3
10333  12   50.4
10334  12   38.0
10335  12   27.4
10336  12   25.4
10337  12   39.8
10338  12   32.0
10339  32   13.4
10340  32    9.2
10341  32   10.3
10342  32   11.9
10343  32    7.9
10344  32   13.8
10345  32   12.4
10346  32   13.2
10347  32   16.5
10348  32   15.5
10349  32   16.0
10350  32   17.2
10351  32   14.6
10352  32   17.5
10353  32   14.8
10354  32    8.6
10355  32   13.9
10356  32   15.3
10357  32   17.7
10358  31   16.0
10359  32   14.1
10360  32   15.4
10361  32    9.3
10362  32   10.8
10363  32   17.1
10364  32   17.6
10365  32   17.0
11001  32   14.0
11002  32   16.8
11003  32   17.2
11004  32   18.5
11005  32   15.7
11006  32   14.6
11007  32   14.8
11008  32   16.6
11009  32   15.5
11010  32   18.8
11011  31   16.2
11012  32   19.5
11013  32   18.2
11014  32   16.5
11015  32   20.0
11016  32   19.7
11017  32   17.4
11018  32    7.9
11019  32   17.6
11020  31   20.0
11021  32   20.5
11022  32   21.7
11023  32   18.8
11024  32   20.8
11025  32   17.8
11026  31   20.4
11027  32   17.4
11028  32   19.1
11029  31   18.3
11030  32   18.6
11031  32   18.3
11032  32   18.9
11033  32   15.3
11034  32   19.2
11035  32   17.7
11036  32   16.8
11037  32   17.2
11038  32   18.3
11039  31   12.9
11040  32   16.4
11041  32    7.7
11042  31   15.5
11043  31   17.2
11044  31   18.1
11045  31   17.9
11046  32   11.6
11047  33   19.1
11048  33   18.2
11049  33   21.5
11050  33   23.2
11051  32   21.4
11052  33   21.0
11053  33   17.9
11054  33   23.9
11055  32   24.9
11056  33   21.4
11057  33   20.1
11058  33   19.5
11059  33   20.3
11060  33   21.6
11061  33   23.3
11062  33   12.4
11063  33   21.3
11064  33   20.3
11065  33   21.1
11066  32   20.6
11067  33   19.8
11068  33   20.0
11069  33   11.6
11070  33   19.4
11071  33   19.8
11072  33   21.5
11073  33   18.4
11074  33   18.5
11075  34   17.1
11076  32   18.9
11077  33   22.6
11078  33   23.2
11079  33   23.0
11080  33   20.6
11081  33   22.3
11082  33   18.9
11083  33   17.5
11084  33   17.6
11085  33   16.8
11086  33   23.0
11087  33   17.7
11088  33   20.2
11089  33   21.3
11090  33   17.2
11091  33   18.7
11092  33   19.7
11093  33   18.8
11094  33   18.7
11095  33   14.8
11096  33   19.8
11097  33   14.4
11098  33   16.7
11099  33   17.7
11100  33   20.9
11101  33   17.9
11102  33   18.3
11103  33   12.2
11104  33   21.1
11105  33   20.1
11106  34   21.8
11107  33   18.5
11108  33   17.7
11109  33    9.7
11110  33   15.9
11111  33   15.9
11112  33   15.2
11113  33   13.6
11114  33   15.0
11115  33   13.5
11116  33   16.1
11117  33   19.6
11118  33   20.2
11119  32   22.1
11120  33   26.0
11121  33   18.3
11122  33   20.5
11123  33   21.5
11124  33   22.2
11125  33   17.0
11126  33   24.4
11127  33   22.8
11128  33   15.2
11129  33   15.1
11130  32   18.8
11131  33   14.6
11132  33   14.6
11133  33   18.7
11134  33   21.0
11135  33   26.4
11136  33   19.3
11137  33   17.8
11138  33   15.2
11139  33   16.0
11140  33   17.4
11141  33   17.2
11142  33   18.5
11143  33   23.9
11144  33   25.1
11145  33   25.7
11146  32   19.9
11147  33   22.2
11148  33   19.6
11149  33   21.1
11150  33   19.7
11151  33   17.7
11152  33   34.1
11153  33   24.5
11154  32   23.8
11155  33   20.4
11156  33   20.4
11157  33   17.0
11158  33   16.8
11159  33   17.3
11160  33   18.5
11161  33   19.2
11162  33   18.7
11163  33   20.2
11164  33   21.3
11165  33   19.4
11166  32   16.6
11167  33   14.5
11168  33   14.8
11169  33   17.3
11170  32   16.8
11171  33   15.2
11172  33   12.8
11173  33    8.2
11174  33   15.8
11175  33   14.5
11176  33   20.6
11177  33   22.0
11178  33   17.8
11179  33    8.9
11180  33   15.1
11181  33   15.0
11182  32   14.3
11183  33   14.3
11184  33   16.4
11185  33   17.8
11186  33   11.4
11187  33   13.8
11188  33   16.4
11189  32   16.8
11190  33   17.9
11191  33   17.6
11192  33   16.3
11193  33   13.7
11194  33   15.5
11195  33   17.0
11196  33   16.7
11197  32   20.1
11198  33   15.8
11199  33   18.5
11200  33   19.5
11201  33   20.2
11202  33   18.2
11203  33   20.0
11204  33   21.2
11205  33   20.1
11206  33   18.8
11207  33   18.3
11208  33   16.6
11209  33   12.7
11210  33   13.6
11211  33   18.5
11212  33   19.0
11213  33   16.7
11214  44   16.0
11215  44   14.9
11216  45   14.1
11217  33   18.0
11218  33   15.5
11219  33   16.1
11220  33   15.6
11221  32   15.8
11222  33   24.3
11223  33   17.2
11224  33   18.2
11225  33   15.1
11226  33   16.9
11227  33   13.5
11228  33   18.3
11229  33   17.3
11230  33   12.2
11231  33   15.1
11232  33   15.6
11233  33   20.7
11234  13   24.5
11235  12   22.2
11236  13   33.7
11237  13   28.0
11238  13   29.1
11239  13   38.0
11240  33   15.8
11241  33   12.3
11242  33   15.1
11243  33   13.1
11244  33   12.9
11245  33   19.9
11246  33   16.9
11247  33   16.8
11248  33    8.6
11249  33   21.2
11250  33   16.9
11251  33   26.9
11252  33   19.0
11253  33   17.0
11254  13   29.3
11255  13   31.1
11256  13   36.4
11257  13   28.8
11258  33    8.1
11259  33   17.8
11260  33   12.0
11261  33   15.5
11262  33   16.2
11263  33   16.6
11264  33   15.5
11265  33    9.9
11266  33   16.3
11267  33   16.1
11268  33   18.3
11269  33   17.3
11270  33   13.1
11271  33   11.0
11272  33   12.5
11273  33   19.5
11274  33   14.6
11275  33   12.9
11276  33   19.1
11277  33   13.2
11278  33   15.8
11279  33   12.9
11280  33   13.5
11281  33   16.1
11282  33   17.0
11283  33   11.9
11284  33   12.5
11285  33   16.7
11286  33   21.7
11287  33   17.1
11288  33   20.1
11289  33   28.1
11290  33   25.1
11291  33   29.0
11292  33    8.2
11293  33   16.1
11294  32   24.1
11295  33   19.7
11296  33   18.8
11297  33   18.1
11298  33   18.2
11299  33   16.7
11300  32   20.5
11301  32   15.6
11302  33   20.7
11303  33   21.9
11304  33   19.3
11305  33   21.2
11306  32    8.7
11307  33   14.0
11308  33   13.3
11309  33   19.6
11310  33   20.1
11311  33   14.8
11312  33   17.8
11313  33   19.7
11314  33   19.4
11315  33   18.1
11316  33   20.0
11317  33   17.4
11318  33   20.8
11319  33   21.5
11320  33   17.8
11321  33   18.3
11322  33   26.6
11323  33   18.8
11324  33   22.8
11325  33   23.3
11326  33   23.4
11327  33   24.5
11328  15   26.7
11329  15   32.3
11330  15   38.7
11331  16   31.8
11332  16   33.5
11333  16   32.8
11334  16   30.8
11335  15   29.6
11336  15   34.1
11337  33   21.1
11338  33   19.2
11339  33   19.4
11340  33   19.4
11341  32   19.8
11342  32   16.1
11343  34   20.0
11344  34   20.2
11345  33   19.8
11346  34   15.9
11347  34   16.6
11348  34    8.1
11349  34   14.9
11350  34   16.7
11351  34   18.0
11352  34   18.4
11353  34   23.0
11354  34   20.3
11355  33   17.0
11356  34   24.4
11357  34   23.8
11358  34   19.2
11359  34   19.4
11360  34   19.7
11361  34   19.8
11362  34   23.6
11363  34   16.4
11364  33   17.6
11365  34   23.3
12001  29   21.3
12002  34   20.3
12003  34   19.7
12004  34   19.8
12005  34   20.4
12006  34   17.6
12007  34   20.4
12008  34   17.4
12009  34   23.1
12010  34   19.9
12011  34   10.6
12012  34   20.5
12013  34   20.6
12014  34   23.6
12015  34   21.3
12016  34   17.9
12017  34   22.5
12018  34   24.3
12019  34   18.6
12020  34   17.4
12021  34   22.9
12022  34   22.0
12023  34   21.6
12024  34   20.7
12025  34   12.8
12026  33   10.3
12027  34   14.9
12028  33   12.7
12029  32   20.0
12030  33   20.8
12031  33   23.3
12032  34   23.7
12033  33   23.4
12034  34   24.7
12035  33   23.7
12036  33   27.4
12037  33   25.2
12038  34   25.5
12039  34   24.1
12040  33   22.7
12041  34   24.2
12042  33   24.3
12043  33   16.3
12044  32   24.0
12045  32   24.4
12046  32   22.5
12047  32   25.1
12048  32   23.8
12049  33   27.3
12050  32   23.0
12051  33   22.4
12052  33   21.6
12053  33   24.6
12054  32   12.4
12055  33   24.0
12056  32   19.9
12057  32   22.2
12058  33   25.8
12059  33   25.0
12060  32   22.9
12061  33   20.2
12062  33   23.3
12063  33   23.5
12064  33   22.8
12065  31   28.0
12066  32   21.8
12067  31   23.4
12068  32   25.5
12069  33   22.0
12070  32   22.5
12071  32   20.5
12072  32   20.9
12073  32   23.6
12074  32   15.0
12075  31   28.2
12076  32   26.3
12077  31   20.2
12078  31   21.8
12079  31   29.7
12080  32   21.6
12081  32   27.8
12082  32   20.7
12083  32   18.5
12084  32   16.0
12085  31   20.4
12086  32   18.8
12087  32   14.0
12088  32   19.7
12089  32    8.5
12090  31   22.8
12091  31   24.9
12092  31   27.7
12093  31   25.3
12094  32   20.1
12095  33   22.6
12096  32   21.9
12097  33   22.8
12098  32   20.7
12099  32   26.3
12100  31   22.5
12101  32   25.0
12102  32   24.0
12103  31   21.8
12104  32   20.4
12105  32   27.4
12106  29   23.6
12107  31   20.9
12108  29   18.1
12109  30   27.0
12110  13   38.8
12111  30   25.7
12112  30   19.7
12113  31   24.6
12114  31   16.7
12115  31   21.6
12116  31   19.0
12117  30   14.1
12118  29   26.1
12119  30   18.9
12120  31   23.1
12121  33   20.2
12122  33   20.6
12123  33   20.6
12124  33   16.5
12125  31   23.2
12126  32   24.5
12127  32   25.6
12128  32   24.4
12129  31   22.4
12130  31   26.5
12131  32   19.4
12132  32   22.3
12133  32   21.5
12134  32   22.4
12135  32   21.3
12136  32   24.3
12137  31   25.4
12138  31   26.3
12139  31   20.7
12140  31   27.2
12141  32   21.9
12142  31   21.0
12143  31   15.7
12144  30   17.2
12145  30   22.6
12146  29   20.2
12147  29   17.8
12148  29   26.8
12149  29   20.9
12150  29   16.3
12151  30   16.4
12152  30   13.6
12153  30   20.4
12154  30   19.4
12155  31   16.9
12156  31   13.3
12157  30   17.9
12158  31   17.6
12159  28   21.2
12160  28   16.3
12161  30   13.0
12162  30   25.5
12163  29   20.7
12164  28   25.0
12165  30   16.7
12166  30   19.3
12167  30   14.7
12168  30   14.4
12169  29   20.8
12170  31   17.6
12171  30   18.8
12172  30   19.3
12173  30   17.3
12174  30   19.7
12175  29   21.7
12176  30   22.3
12177  30   18.6
12178  31   20.7
12179  30   18.5
12180  30   13.1
12181  31   13.7
12182  29   13.4
12183  28    9.4
12184  29   11.4
12185  30   17.6
12186  30   13.0
12187  30   15.7
12188  31   16.7
12189  30   17.5
12190  30   15.6
12191  29   20.1
12192  29   17.6
12193  31   19.0
12194  31   17.1
12195  30   19.4
12196  31   12.6
12197  32   19.2
12198  32   21.9
12199  32   18.9
12200  32   11.3
12201  32    8.0
12202  32   16.8
12203  32   17.0
12204  32   18.5
12205  32   22.4
12206  32   22.8
12207  32   11.8
12208  32   13.1
12209  32   18.2
12210  32   19.3
12211  21   24.9
12212  20   26.2
12213  20   22.5
12214  19   26.0
12215  21   12.3
12216  21   17.9
12217  23   15.2
12218  32   14.0
12219  32   12.9
12220  32   15.3
12221  32   16.5
12222  32   17.5
12223  32   18.1
12224  32   22.8
12225  32   24.3
12226  31   20.1
12227  32   21.6
12228  32   19.7
12229  32   15.6
12230  32   22.4
12231  32   19.0
12232  32   21.7
12233  32   19.7
12234  32   15.5
12235  32    8.7
12236  32   12.7
12237  32   16.3
12238  31   17.2
12239  32   18.0
12240  31   16.6
12241  32   12.8
12242  32   18.9
12243  32   16.1
12244  32   16.3
12245  32   19.4
12246  32   19.3
12247  32   16.2
12248  32   17.6
12249  32   15.8
12250  46   18.6
12251  46    7.4
12252  47   21.3
12253  16   27.6
12254  35   11.4
12255  46   14.9
12256  46   15.9
12257  46   18.1
12258  46   11.8
12259  46   15.3
12260  46   20.6
12261  46   18.0
12262  45   13.2
12263  46   14.9
12264  46   17.2
12265  46   16.6
12266  46   15.1
12267  46   15.6
12268  46   12.5
12269  46   18.3
12270  46   10.4
12271  46   11.9
12272  46   12.5
12273  47   11.4
12274  47   12.6
12275  48   14.9
12276  47   17.3
12277  47   10.3
12278  47   14.6
12279  47   13.3
12280  46    9.6
12281  47   10.5
12282  46    8.4
12283  47   14.7
12284  47   15.0
12285  47   15.8
12286  46   11.5
12287  47   18.2
12288  47   17.9
12289  47   18.5
12290  47   15.3
12291  47   15.3
12292  47   10.4
12293  47   12.9
12294  46   16.5
12295  47   18.3
12296  47   15.0
12297  47   14.7
12298  47   19.7
12299  47   16.6
12300  47   19.2
12301  47   20.1
12302  46   22.2
12303  47   19.0
12304  47   18.7
12305  47   18.8
12306  47   18.7
12307  47   18.2
12308  47   16.8
12309  47   13.9
12310  47   18.0
12311  47   14.7
12312  47   18.6
12313  47   14.3
12314  47   18.3
12315  47   19.1
12316  47   19.3
12317  47   17.4
12318  47   11.2
12319  47   17.9
12320  47   20.0
12321  47   17.2
12322  47   20.8
12323  47   19.1
12324  47   20.6
12325  47   16.5
12326  47   19.8
12327  47   10.6
12328  46   16.7
12329  46   17.9
12330  46   16.2
12331  47   16.4
12332  47   18.5
12333  47   20.2
12334  47    8.6
12335  47   16.3
12336  47   22.8
12337  47   20.5
12338  47   16.0
12339  47   19.0
12340  47   19.7
12341  47   15.5
12342  47   21.2
12343  47   18.8
12344  47   16.7
12345  47   18.4
12346  47   20.6
12347  47   15.8
12348  47   13.1
12349  47   17.2
12350  47   14.3
12351  47   17.5
12352  47   15.9
12353  47   16.7
12354  47   17.8
12355  46   19.6
12356  46   18.3
12357  46   17.5
12358  46   13.5
12359  46   19.5
12360  46   17.0
12361  46   12.6
12362  46   17.2
12363  46   15.8
12364  46   16.7
12365  46   16.7
12366  46   15.9
13001  46   18.7
13002  46   16.8
13003  47   17.0
13004  47   18.8
13005  47   17.5
13006  47   19.6
13007  47   17.4
13008  47   20.8
13009  47   19.0
13010  47   17.8
13011  47   20.1
13012  47   21.5
13013  47   23.0
13014  47   21.7
13015  47   18.7
13016  47   22.1
13017  47   15.3
13018  47   16.5
13019  47   20.9
13020  47   18.8
13021  47   16.5
13022  47   17.4
13023  47   19.9
13024  47   19.3
13025  46   20.6
13026  46   21.8
13027  46   16.7
13028  46   13.1
13029  46   17.9
13030  46   18.5
13031  46   18.3
13032  46   20.3
13033  46   17.1
13034  46   19.8
13035  46   20.7
13036  46   17.8
13037  46   21.0
13038  46   20.4
13039  46   21.7
13040  47   20.0
13041  47   18.9
13042  47   18.0
13043  47   20.3
13044  47   20.5
13045  47   19.9
13046  47   18.3
13047  47   20.5
13048  47   17.9
13049  47   19.5
13050  47   18.2
13051  47   17.5
13052  47   10.0
13053  47    8.3
13054  47   19.7
13055  47   18.6
13056  47   19.8
13057  47   18.4
13058  47   19.8
13059  47   10.2
13060  47   16.8
13061  47   18.5
13062  47   16.2
13063  47   21.4
13064  47   19.4
13065  47   18.1
13066  47   15.0
13067  47   20.4
13068  47   18.8
13069  47   15.7
13070  47   16.2
13071  47   19.9
13072  47   13.2
13073  47   16.2
13074  47   21.1
13075  47   21.5
13076  47   21.4
13077  47   11.4
13078  47   15.7
13079  47   17.2
13080  47   10.3
13081  47   21.1
13082  47   21.5
13083  47   19.0
13084  47   17.8
13085  47   19.5
13086  47   21.4
13087  47   16.9
13088  47   17.5
13089  47   21.1
13090  47   17.7
13091  47   20.0
13092  47   16.4
13093  47   20.4
13094  46   21.6
13095  46   20.0
13096  46   19.2
13097  46   19.2
13098  46   19.4
13099  46   12.8
13100  46    8.7
13101  46    8.5
13102  46   16.6
13103  46   17.0
13104  46   19.1
13105  47   15.3
13106  47   15.1
13107  47   16.4
13108  47   16.4
13109  47   17.0
13110  46   17.8
13111  47   18.1
13112  47   12.5
13113  47   10.6
13114  47   11.2
13115  47    8.1
13116  47   16.1
13117  47   11.3
13118  47   11.3
13119  47   18.5
13120  47   11.1
13121  47   15.6
13122  46   11.6
13123  47   11.1
13124  47   13.6
13125  47   10.5
13126  47   12.1
13127  47   17.8
13128  47   13.6
13129  47   13.8
13130  47   11.9
13131  47   10.5
13132  47   14.8
13133  47   11.1
13134  47   10.7
13135  47   13.2
13136  47    7.3
13137  47   12.7
13138  47   12.4
13139  47   11.1
13140  47   16.8
13141  47   11.5
13142  47   17.8
13143  47   17.3
13144  47   17.2
13145  47   16.1
13146  47   19.1
13147  47   16.2
13148  47   18.8
13149  46   15.5
13150  46   17.6
13151  46   17.8
13152  46   16.2
13153  46   18.4
13154  46   14.5
13155  45    9.7
13156  46   12.5
13157  46   14.9
13158  46   13.6
13159  46   12.1
13160  46   14.2
13161  46   15.2
13162  46   13.4
13163  46   11.7
13164  46    5.7
13165  46   12.0
13166  46    8.6
13167  46   11.6
13168  46    9.1
13169  46   10.2
13170  46    8.7
13171  46   12.5
13172  46   14.6
13173  46    9.5
13174  46   14.0
13175  46    8.8
13176  46   16.5
13177  46   16.5
13178  46   19.6
13179  47   18.3
13180  46   19.0
13181  46   14.2
13182  46   14.4
13183  46   11.6
13184  46   14.7
13185  46   12.7
13186  46   15.2
13187  46   16.3
13188  46   14.6
13189  46   16.1
13190  46   16.8
13191  45   13.6
13192  46   15.5
13193  46   18.7
13194  46   17.2
13195  46   16.1
13196  46   16.0
13197  46   13.5
13198  46   14.8
13199  46   11.9
13200  46   14.8
13201  46   15.3
13202  46   16.1
13203  46   13.9
13204  46   13.9
13205  46   13.4
13206  45   11.5
13207  45   12.0
13208  45   13.0
13209  45   12.0
13210  45   11.8
13211  46   11.2
13212  46   12.9
13213  46   16.5
13214  46   14.0
13215  46   11.4
13216  46   10.0
13217  46   11.0
13218  46    8.7
13219  46   17.4
13220  46   16.0
13221  46   16.7
13222  46   11.0
13223  46   12.1
13224  46   15.1
13225  46   12.8
13226  46   16.2
13227  45   11.3
13228  46   15.3
13229  46   14.2
13230  46   13.0
13231  46   11.4
13232  45   18.2
13233  46   18.8
13234  46   16.5
13235  46   14.5
13236  46   14.0
13237  46   15.3
13238  46   15.6
13239  46   14.3
13240  46   12.4
13241  46   16.4
13242  46   16.6
13243  46   15.0
13244  46   15.9
13245  46   15.0
13246  46   14.7
13247  46   18.7
13248  46   17.2
13249  46   15.5
13250  46   15.0
13251  46   12.9
13252  46   13.7
13253  46   14.0
13254  46   16.0
13255  46   14.6
13256  46   16.3
13257  46   17.0
13258  46   14.0
13259  47   12.7
13260  47   16.6
13261  47    9.9
13262  47    8.4
13263  47   16.3
13264  47   18.4
13265  47   17.4
13266  47   15.9
13267  47   16.2
13268  47   15.2
13269  46   14.3
13270  46   14.5
13271  47   15.9
13272  47   11.9
13273  47   18.0
13274  47   15.3
13275  47   21.1
13276  47   16.8
13277  47   11.4
13278  47   13.4
13279  46   15.6
13280  47   12.9
13281  46   14.4
13282  46   14.7
13283  47   10.5
13284  47   17.2
13285  14   40.8
13286  14   31.1
13287  47   16.1
13288  47   13.2
13289  47   15.8
13290  47   14.0
13291  46   14.6
13292  46   13.3
13293  47   16.1
13294  46   14.4
13295  47   13.5
13296  46   12.6
13297  46   14.4
13298  46   15.1
13299  46   14.5
13300  47   12.1
13301  46   12.4
13302  46   15.7
13303  47   16.6
13304  47   16.6
13305  47   15.9
13306  47   13.5
13307  47   14.0
13308  47   15.4
13309  46   14.5
13310  46   16.5
13311  47   15.5
13312  47   16.4
13313  47   15.4
13314  47   18.3
13315  47   16.2
13316  47   15.8
13317  47   12.0
13318  47   15.5
13319  47   16.3
13320  47   14.9
13321  47   16.7
13322  46   16.5
13323  47   15.1
13324  47   19.0
13325  47   21.1
13326  47   18.2
13327  47   17.2
13328  47   16.7
13329  46   18.0
13330  47   17.2
13331  47   17.4
13332  47   18.4
13333  47   18.1
13334  47   18.1
13335  47   15.0
13336  47   18.6
13337  47   16.0
13338  47   15.9
13339  47   17.5
13340  47   15.8
13341  47   22.2
13342  47   18.5
13343  47   15.2
13344  47   15.7
13345  47   17.9
13346  47    9.7
13347  47   19.9
13348  47   17.7
13349  47   16.6
13350  47   18.6
13351  47   15.9
13352  47   17.2
13353  47   17.4
13354  47   16.7
13355  47   16.6
13356  47   17.2
13357  47   18.3
13358  47   15.0
13359  46   16.6
13360  47   17.8
13361  46   17.2
13362  47   17.0
13363  47   15.6
13364  47   16.0
13365  47   15.9
14001  47   18.4
14002  47   14.6
14003  47   14.4
14004  47   15.7
14005  47   16.8
14006  47   16.7
14007  47   14.0
14008  47   15.2
14009  47   15.7
14010  47   13.2
14011  47   14.4
14012  47   19.3
14013  47   17.8
14014  46   15.7
14015  47   13.0
14016  47    9.1
14017  46   10.7
14018  47   17.2
14019  43   20.6
14020  47   17.1
14021  47   16.8
14022  47   16.9
14023  47   18.6
14024  46   16.9
14025  47   19.2
14026  47   17.8
14027  47   14.9
14028  47   18.3
14029  47   20.6
14030  47   18.2
14031  47   16.5
14032  47   17.9
14033  47   18.4
14034  46   17.0
14035  47   19.5
14036  47   17.9
14037  47   19.2
14038  47   20.4
14039  47   17.7
14040  47   16.7
14041  47   17.5
14042  47   17.6
14043  47   17.7
14044  47   15.7
14045  47   19.0
14046  47   15.2
14047  47   16.4
14048  47   16.0
14049  47   16.6
14050  47   15.8
14051  47   21.2
14052  47   16.2
14053  47   19.4
14054  47   17.7
14055  46   13.6
14056  47   15.4
14057  47   10.8
14058  47   15.3
14059  47   14.1
14060  47   17.5
14061  47   18.6
14062  47   16.3
14063  47   17.0
14064  47   15.0
14065  47   17.1
14066  47   16.5
14067  47   16.3
14068  47   17.1
14069  47   17.5
14070  47   14.0
14071  47   16.1
14072  47   11.6
14073  47   16.9
14074  47   12.8
14075  47   14.7
14076  47   18.0
14077  47   12.4
14078  47   16.7
14079  47   12.9
14080  47   16.5
14081  47   17.0
14082  47   16.8
14083  47   15.6
14084  46   17.4
14085  46   15.8
14086  46   17.1
14087  46   15.5
14088  46   14.9
14089  47   15.4
14090  47   15.1
14091  47   11.8
14092  46   11.6
14093  46   16.0
14094  47   18.0
14095  47   19.5
14096  47   22.3
14097  47   22.4
14098  47   15.0
14099  47   21.5
14100  47   17.9
14101  47   22.1
14102  47   26.9
14103  47   23.3
14104  47   22.5
14105  47   24.5
14106  47   24.5
14107  47   23.0
14108  47   20.6
14109  47   21.3
14110  47   20.9
14111  47   23.6
14112  47   23.0
14113  47   16.3
14114  47   13.2
14115  46   18.2
14116  47   19.0
14117  47   22.9
14118  47   14.7
14119  47   19.3
14120  46   20.5
14121  46   17.0
14122  47   23.6
14123  47   23.9
14124  47   24.5
14125  47   23.9
14126  48   28.5
14127  46   15.1
14128  47   26.6
14129  47   17.5
14130  47   18.1
14131  47   19.0
14132  47   18.6
14133  46   19.5
14134  47   18.0
14135  47   21.2
14136  47   22.5
14137  47   23.1
14138  47   21.9
14139  47   17.3
14140  47   19.0
14141  46   19.2
14142  47   16.9
14143  47   17.0
14144  47   18.5
14145  47   18.6
14146  47   17.8
14147  47   19.8
14148  47   20.5
14149  47   21.6
14150  47   26.5
14151  47   23.4
14152  47   18.8
14153  47   18.8
14154  46   16.7
14155  47   18.0
14156  47   19.3
14157  47   18.5
14158  47   20.6
14159  47   18.1
14160  47   17.2
14161  47   12.5
14162  47   11.7
14163  47   15.1
14164  47   13.6
14165  47   16.7
14166  47   12.9
14167  47   15.8
14168  47   12.8
14169  46   13.7
14170  46   17.1
14171  46   16.1
14172  47   20.8
14173  47   20.3
14174  47   17.5
14175  47   17.3
14176  47   14.1
14177  47   20.3
14178  47   19.4
14179  48   14.6
14180  47   15.9
14181  47   21.2
14182  47   19.4
14183  47   13.1
14184  47   17.4
14185  47   16.7
14186  47   17.7
14187  47   11.9
14188  47   12.1
14189  47   18.8
14190  47   15.2
14191  46   18.6
14192  47   14.3
14193  47   12.8
14194  47   15.8
14195  47   14.9
14196  46   17.8
14197  46   22.1
14198  46   15.4
14199  46   17.5
14200  45   21.0
14201  45   18.5
14202  46   14.7
14203  46   12.6
14204  46   14.9
14205  47   14.6
14206  47   13.7
14207  47   16.5
14208  47   12.7
14209  47   13.1
14210  47   14.8
14211  46   15.7
14212  47   15.5
14213  46   16.2
14214  47   14.0
14215  47   15.5
14216  47   15.1
14217  48   15.2
14218  47   19.2
14219  47   21.7
14220  47   20.2
14221  47   21.0
14222  47   19.8
14223  47   16.9
14224  47   18.7
14225  47   19.8
14226  47   18.5
14227  47   24.7
14228  47   21.7
14229  47   21.7
14230  47   17.7
14231  47   14.7
14232  47   17.9
14233  47   21.3
14234  47   19.2
14235  47   16.1
14236  47   18.5
14237  47   17.8
14238  47   15.4
14239  47   14.3
14240  47   17.9
14241  47   16.4
14242  47   13.6
14243  47   15.9
14244  47   17.1
14245  47   18.3
14246  47   16.5
14247  46   16.8
14248  47   17.0
14249  47   17.7
14250  47   16.1
14251  47   18.0
14252  47   20.8
14253  47   19.4
14254  47   18.3
14255  47   23.6
14256  47   21.5
14257  47   25.1
14258  47   24.6
14259  47   23.1
14260  47   18.7
14261  47   13.6
14262  47   16.2
14263  47   16.8
14264  47   18.5
14265  47   16.0
14266  47   18.5
14267  47   16.7
14268  47   18.8
14269  47   21.3
14270  46   15.6
14271  47   21.6
14272  47   20.3
14273  47   16.5
14274  47   15.2
14275  47   18.3
14276  46   16.9
14277  47   21.7
14278  47   20.6
14279  47   21.1
14280  47   19.9
14281  47   16.7
14282  47   16.8
14283  47   20.8
14284  47   23.3
14285  46   23.2
14286  47   22.1
14287  47   21.3
14288  47   20.0
14289  47   14.3
14290  47   24.6
14291  47   20.7
14292  47   20.0
14293  47   13.2
14294  46   15.3
14295  46   15.7
14296  47   18.9
14297  47   17.8
14298  47   18.2
14299  47   19.3
14300  47   21.3
14301  47   18.7
14302  47   17.2
14303  46   18.5
14304  47   22.6
14305  47   19.2
14306  47   21.8
14307  47   17.8
14308  46   20.0
14309  47   16.5
14310  46   17.9
14311  47   15.7
14312  47   18.3
14313  47   17.5
14314  47   21.9
14315  46   22.4
14316  47   22.0
14317  47   19.1
14318  47   20.9
14319  47   19.0
14320  47   21.5
14321  47   22.2
14322  47   23.0
14323  47   22.3
14324  47   17.3
14325  47   20.5
14326  47   20.8
14327  47   23.1
14328  47   20.6
14329  47   16.5
14330  47   23.3
14331  47   23.2
14332  47   18.4
14333  47   23.4
14334  47   26.5
14335  47   21.8
14336  47   22.7
14337  47   19.5
14338  47   22.2
14339  47   22.2
14340  47   23.8
14341  47   22.2
14342  47   21.0
14343  47   22.4
14344  47   16.5
14345  47   13.1
14346  47   17.2
14347  47   17.0
14348  47   17.0
14349  47   14.1
14350  47   18.2
14351  47   17.2
14352  47   12.2
14353  47   18.3
14354  47   17.9
14355  47   15.9
14356  47   12.6
14357  47   14.8
14358  47   18.8
14359  47   12.8
14360  47   20.5
14361  47   19.0
14362  47   21.2
14363  47   17.6
14364  47   16.1
14365  47   23.6
15001  47   22.0
15002  47   19.6
15003  47   16.7
15004  47   18.8
15005  47   20.0
15006  47   20.6
15007  47   22.0
15008  47   19.1
15009  47   18.2
15010  47   16.9
15011  47   18.8
15012  47   20.2
15013  47   21.0
15014  47   17.6
15015  47   17.5
15016  47   20.6
15017  47   19.1
15018  47   20.7
15019  47   17.3
15020  47   22.0
15021  47   20.1
15022  47   17.9
15023  47   20.6
15024  47   21.8
15025  47   21.5
15026  47   19.0
15027  47   18.4
15028  47   17.9
15029  47   21.1
15030  47   17.6
15031  47   20.7
15032  47   20.8
15033  47   16.8
15034  47   26.0
15035  47   24.6
15036  47   24.9
15037  47   23.2
15038  47   23.5
15039  47   23.1
15040  46   23.7
15041  46   20.8
15042  46   26.9
15043  46   24.6
15044  46   25.7
15045  47   23.5
15046  47   22.5
15047  47   25.6
15048  47   21.6
15049  47   23.5
15050  47   26.5
15051  47   22.9
15052  47   22.0
15053  46   21.8
15054  46   19.8
15055  46   21.7
15056  46   21.5
15057  46   23.6
15058  46   20.7
15059  45   20.8
15060  46   19.6
15061  45   15.5
15062  45   19.8
15063  47   17.6
15064  47   13.2
15065  47   19.6
15066  46   20.2
15067  49   24.9
15068  46   21.7
15069  47   17.2
15070  47   19.9
15071  46   20.3
15072  47   23.2
15073  47   21.3
15074  47   21.7
15075  47   20.8
15076  47   20.4
15077  46   21.4
15078  47   19.0
15079  47   20.6
15080  47   19.8
15081  47   21.9
15082  47   18.9
15083  47   22.3
15084  47   21.4
15085  47   19.9
15086  47   18.3
15087  47   21.4
15088  47   18.3
15089  47   21.4
15090  47   17.7
15091  47   19.7
15092  46   20.3
15093  46   26.6
15094  46   22.6
15095  46   21.5
15096  46   24.3
15097  46   26.5
15098  46   24.3
15099  46   27.1
15100  46   20.0
15101  46   25.3
15102  46   21.6
15103  46   17.9
15104  46   15.3
15105  46   16.9
15106  46   15.4
15107  46   16.3
15108  46   20.9
15109  46   21.0
15110  46   16.2
15111  46   17.1
15112  46   14.8
15113  46   18.1
15114  46   18.3
15115  46   20.5
15116  46   16.3
15117  46   14.1
15118  46   11.5
15119  46   16.9
15120  46   12.3
15121  46   18.5
15122  46   14.2
15123  46   19.0
15124  46   16.0
15125  46   17.5
15126  46   15.0
15127  46   14.6
15128  46   19.4
15129  46   15.5
15130  46   16.3
15131  46   11.4
15132  46   12.2
15133  46   10.8
15134  46    9.1
15135  46   16.0
15136  46   14.6
15137  46   16.2
15138  46   13.8
15139  46   14.7
15140  46    9.9
15141  46   13.7
15142  46   16.1
15143  46   16.3
15144  46   16.5
15145  46   18.1
15146  46   17.7
15147  46   19.0
15148  46   16.2
15149  46   14.2
15150  46   10.4
15151  46   18.2
15152  46   13.4
15153  46   14.0
15154  46   13.7
15155  46   14.5
15156  46   14.2
15157  46   14.1
15158  46   13.8
15159  46   15.5
15160  46   17.5
15161  46   19.6
15162  46   16.4
15163  46   14.9
15164  46   15.0
15165  46   14.2
15166  46   20.1
15167  46   15.5
15168  46   16.1
15169  46    9.5
15170  46   16.0
15171  46   20.1
15172  46   17.8
15173  46   16.1
15174  46   16.4
15175  46   23.0
15176  46   18.3
15177  47   23.2
15178  47   20.9
15179  47   20.2
15180  47   18.7
15181  46   20.6
15182  47   22.3
15183  46   15.2
15184  47   18.4
15185  47   18.0
15186  47   15.6
15187  47   17.8
15188  47   15.0
15189  47   17.4
15190  46   18.1
15191  46   19.8
15192  46   18.2
15193  46   18.4
15194  46   17.7
15195  46   16.0
15196  46   17.2
15197  46   10.4
15198  46   13.1
15199  46   16.1
15200  47   15.2
15201  47   15.6
15202  47   18.1
15203  47   13.7
15204  47   13.7
15205  47   12.9
15206  47   11.9
15207  47   21.6
15208  47   18.5
15209  47   18.3
15210  47   21.9
15211  47   20.6
15212  47   24.7
15213  47   20.3
15214  47   22.8
15215  47   21.1
15216  47   16.8
15217  47   15.5
15218  47   16.1
15219  47   16.2
15220  47   12.8
15221  47   14.0
15222  47   14.1
15223  47   14.0
15224  15   34.0
15225  46   16.8
15226  47   17.0
15227  46   18.3
15228  46   21.1
15229  46   17.3
15230  47   19.2
15231  46   19.3
15232  47   15.8
15233  46   15.8
15234  46   18.9
15235  46   16.2
15236  46   16.1
15237  46   18.2
15238  46   21.5
15239  46   22.8
15240  46   22.3
15241  46   22.6
15242  46   19.0
15243  46   18.0
15244  46   21.1
15245  46   20.3
15246  46   22.3
15247  46   21.2
15248  46   23.1
15249  46   24.3
15250  46   24.6
15251  46   24.1
15252  46   22.1
15253  46   23.2
15254  46   21.5
15255  46   20.7
15256  46   23.0
15257  46   16.6
15258  46   20.3
15259  46   20.2
15260  46   18.3
15261  46   23.0
15262  45   18.8
15263  45   20.6
15264  46   20.1
15265  46   16.6
15266  46   22.4
15267  46   21.0
15268  46   16.2
15269  46   18.4
15270  46   12.6
15271  46   19.4
15272  46   16.9
15273  46   16.1
15274  46   18.4
15275  47   12.2
15276  46   19.9
15277  47   17.7
15278  47   13.9
15279  47   15.8
15280  47   15.2
15281  47   18.9
15282  46   17.4
15283  46   20.1
15284  46   16.9
15285  46   19.1
15286  46   16.9
15287  46   15.2
15288  46   17.0
15289  46   19.4
15290  46   17.6
15291  46   19.1
15292  46   19.0
15293  46   20.8
15294  46   18.0
15295  46    8.3
15296  46   19.7
15297  47   19.5
15298  47   18.5
15299  47   20.8
15300  47   18.5
15301  47   20.7
15302  47   22.0
15303  47   18.8
15304  47   23.2
15305  47   21.3
15306  47   20.0
15307  47   19.2
15308  47   19.7
15309  47   21.7
15310  47   20.2
15311  47   18.7
15312  47   19.5
15313  47   13.1
15314  47   13.7
15315  47   14.1
15316  47   20.2
15317  47   19.1
15318  47   17.5
15319  47   17.3
15320  47   14.3
15321  47   14.4
15322  47   14.9
15323  47   11.1
15324  47   21.6
15325  47   18.0
15326  47   17.9
15327  47   20.8
15328  47   21.4
15329  47   19.6
15330  47   19.7
15331  47   21.2
15332  47   20.4
15333  47   20.7
15334  47   15.8
15335  47   19.7
15336  47   19.5
15337  47   20.1
15338  46   18.1
15339  46   20.1
15340  46   21.1
15341  47   18.1
15342  47   16.5
15343  47   16.8
15344  47   17.9
15345  46   18.6
15346  47   18.9
15347  47   18.8
15348  43   14.3
15349  45   13.5
15350  45   19.4
15351  47   16.5
15352  47   18.3
15353  47   19.7
15354  47   22.6
15355  47   18.2
15356  47   19.1
15357  47   16.9
15358  47   17.7
15359  47   20.7
15360  47   20.3
15361  47   22.1
15362  47   21.9
15363  47   21.9
15364  47   21.1
15365  47   23.2
16001  48   23.6
16002  47   19.9
16003  47   25.2
16004  47   24.0
16005  47   15.6
16006  47   20.6
16007  47   20.1
16008  47   13.0
16009  47   18.3
16010  47   19.9
16011  47    9.2
16012  47   12.0
16013  47   13.6
16014  47   20.2
16015  47   18.3
16016  47   25.2
16017  47   20.5
16018  47   24.2
16019  47   22.9
16020  46   20.4
16021  47   17.3
16022  47   22.9
16023  47   20.8
16024  47   19.4
16025  47   18.4
16026  47   17.7
16027  47   16.9
16028  47   18.1
16029  47   19.0
16030  47   20.1
16031  47   21.9
16032  47   19.9
16033  47   19.9
16034  46   20.7
16035  47   22.0
16036  46   24.2
16037  47   20.9
16038  47   22.9
16039  47   21.3
16040  47   19.1
16041  47   19.7
16042  47   23.7
16043  47   19.0
16044  47   22.5
16045  47   23.6
16046  47   22.7
16047  47   23.3
16048  46   21.0
16049  46   17.7
16050  46   22.8
16051  46   21.1
16052  46   20.1
16053  45   17.4
16054  46   15.9
16055  46   19.2
16056  46   25.4
16057  46   25.7
16058  46   24.0
16059  46   21.8
16060  46   20.1
16061  46   19.8
16062  46   17.8
16063  47   22.6
16064  47   23.7
16065  47   22.8
16066  47   17.9
16067  47   20.9
16068  47   22.2
16069  47   24.2
16070  47   17.5
16071  47   23.7
16072  47   26.2
16073  47   24.8
16074  47   24.1
16075  47   14.5
16076  47   17.8
16077  47   16.9
16078  47   19.2
16079  47   21.6
16080  47   22.4
16081  47   21.3
16082  47   21.8
16083  47   19.0
16084  47   23.2
16085  47   20.4
16086  47   24.5
16087  47   21.5
16088  47   19.0
16089  47   18.4
16090  47   16.8
16091  47   18.9
16092  47   20.3
16093  47   16.3
16094  47   18.3
16095  47   21.6
16096  47   22.2
16097  47   16.9
16098  47   15.4
16099  47   19.4
16100  47   13.8
16101  46   17.2
16102  47   15.6
16103  47   17.1
16104  47   17.3
16105  47   17.9
16106  47   17.5
16107  47   18.7
16108  46   17.3
16109  47   21.1
16110  47   20.1
16111  47   23.4
16112  47   15.7
16113  47   12.1
16114  46   22.0
16115  47   23.2
16116  47   16.6
16117  47   16.9
16118  47   19.2
16119  47   18.7
16120  47   21.1
16121  47   21.1
16122  47   18.7
16123  46   18.4
16124  46   17.9
16125  47   14.9
16126  47   17.1
16127  47   19.6
16128  47   19.0
16129  47   16.3
16130  47   15.1
16131  46   15.3
16132  46   14.4
16133  46   15.7
16134  46   15.2
16135  46   19.1
16136  46   21.6
16137  46   19.5
16138  46   18.3
16139  46   21.6
16140  46   18.9
16141  46   22.0
16142  46   20.6
16143  45   16.2
16144  46   18.6
16145  46   23.3
16146  46   15.7
16147  46   17.1
16148  46   18.9
16149  46   14.8
16150  45   10.6
16151  46   15.8
16152  46   16.9
16153  45   16.2
16154  45   20.8
16155  46   20.2
16156  46   15.2
16157  46   13.6
16158  46   12.5
16159  46   13.9
16160  46   17.7
16161  46   17.6
16162  45   11.6
16163  46   16.7
16164  37    9.4
16165  37    5.4
16166  36    5.6
16167  37    6.7
16168  37    7.6
16169  37    6.1
16170  37    6.8
16171  37    8.9
16172  37    8.1
16173  37    7.3
16174  37    4.1
16175  38    7.7
16176  37    4.5
16177  37    4.5
16178  37    6.0
16179  37    6.0
16180  37    7.5
16181  37    5.3
16182  37    5.7
16183  37    7.8
16184  37    5.9
16185  37    5.7
16186  37    8.2
16187  37    6.0
16188  37    6.5
16189  37    6.1
16190  36    5.9
16191  37    5.8
16192  37    7.1
16193  37    4.1
16194  37    5.0
16195  37    5.1
16196  37    4.7
16197  37    5.6
16198  37    6.8
16199  37    6.9
16200  37    3.5
16201  37    5.6
16202  37    6.0
16203  37    1.8
16204  36    2.9
16205  37    4.7
16206  37    5.0
16207  37    4.2
16208  31    0.3
16209  37    3.9
16210  37    5.0
16211  31    0.0
16212  37    3.7
16213  37    4.4
16214  37    6.1
16215  37    7.2
16216  37    4.9
16217  37    4.7
16218  37    6.3
16219  37    6.5
16220  37    6.2
16221  38    4.8
16222  37    5.6
16223  37    6.3
16224  37    5.9
16225  37    4.9
16226  37    7.1
16227  37    5.6
16228  37    5.7
16229  37    4.3
16230  37    5.8
16231  37    5.3
16232  37    6.9
16233  37    5.8
16234  37    6.8
16235  37    8.4
16236  37    6.8
16237  37    7.1
16238  37    7.3
16239  37    9.0
16240  37    7.3
16241  37    5.7
16242  37    4.0
16243  37    7.2
16244  37    7.0
16245  37    5.5
16246  36    1.6
16247  37    5.9
16248  37    5.8
16249  37    6.2
16250  37    8.1
16251  37    9.1
16252  37    8.5
16253  37    7.6
16254  37    8.6
16255  37    8.4
16256  37    9.1
16257  37    7.2
16258  37    6.8
16259  30    0.0
16260  37    5.0
16261  37    7.1
16262  37    7.5
16263  37    7.8
16264  37    7.7
16265  37    9.7
16266  23    2.5
16267  37    8.6
16268  37    8.1
16269  37    7.5
16270  37    7.9
16271  37    8.4
16272  37    7.0
16273  37    6.7
16274  37    7.4
16275  37    6.6
16276  37    8.0
16277  37    6.9
16278  37    7.9
16279  37    9.4
16280  37   11.2
16281  37    7.2
16282  37    9.2
16283  36   10.2
16284  37   10.0
16285  37    9.2
16286  37    8.2
16287  37    4.8
16288  37    7.1
16289  37    8.1
16290  37    9.6
16291  37    9.3
16292  37    8.8
16293  37    6.3
16294  37    4.6
16295  37    7.8
16296  37    9.3
16297  37    9.6
16298  37    5.0
16299  37    8.2
16300  37    8.6
16301  37    4.4
16302  37    6.6
16303  37    8.0
16304   9   28.1
16305   9   26.2
