04001  50   43.8
04002  51   33.1
04003  45   49.2
04004  45   31.0
04005  50   48.1
04006  53   45.3
04007  57   41.6
04008  55   44.8
04009  55   43.0
04010  54   40.4
04011  52   19.1
04012  54   42.3
04013  55   36.6
04014  54   26.9
04015  55   29.8
04016  55   31.6
04017  50   37.2
04018  52   25.0
04019  54   46.4
04020  54   30.7
04021  56   40.0
04022  55   39.6
04023  53   43.2
04024  54   45.4
04025  52   31.0
04026  55   38.8
04027  58   33.7
04028  56   42.6
04029  56   42.2
04030  56   41.0
04031  56   40.7
04032  51   20.2
04033  57   37.5
04034  57   27.9
04035  59   31.3
04036  58   33.7
04037  59   30.8
04038  58   38.5
04039  56   20.9
04040  59   38.6
04041  56   40.3
04042  57   41.3
04043  56   40.1
04044  55   21.8
04045  55   40.3
04046  54   32.4
04047  57   43.1
04048  58   41.5
04049  56   39.5
04050  56   43.8
04051  57   44.7
04052  56   34.6
04053  53   27.8
04054  54   41.7
04055  58   39.7
04056  58   43.3
04057  58   40.6
04058  56   37.1
04059  57   43.2
04060  55   27.5
04061  55   38.2
04062  57   48.6
04063  56   27.9
04064  57   50.2
04065  59   36.8
04066  59   38.8
04067  56   23.4
04068  59   35.6
04069  58   41.0
04070  57   49.1
04071  59   43.2
04072  55   38.6
04073  54   38.1
04074  52   20.8
04075  59   29.7
04076  59   36.9
04077  58   29.5
04078  59   26.7
04079  58   40.5
04080  57   34.0
04081  54   21.1
04082  60   33.9
04083  59   33.9
04084  60   33.8
04085  61   39.7
04086  59   46.5
04087  55   43.5
04088  54   29.8
04089  56   29.7
04090  54   32.2
04091  55   29.4
04092  54   28.0
04093  55   37.3
04094  55   25.1
04095  54   18.9
04096  54   22.5
04097  56   24.6
04098  57   32.9
04099  57   27.1
04100  57   34.1
04101  56   25.2
04102  55   31.1
04103  56   40.0
04104  54   28.7
04105  53   39.1
04106  56   29.2
04107  56   23.8
04108  55   35.3
04109  54   27.3
04110  58   39.0
04111  53   25.9
04112  57   33.2
04113  54   37.5
04114  57   34.7
04115  56   42.5
04116  54   30.0
04117  57   35.8
04118  56   38.7
04119  55   19.7
04120  58   33.9
04121  55   21.7
04122  54   23.0
04123  53   16.6
04124  55   29.8
04125  58   26.4
04126  58   28.9
04127  56   37.5
04128  56   21.6
04129  56   20.7
04130  52   26.8
04131  54   31.6
04132  55   32.6
04133  58   39.6
04134  56   33.1
04135  56   25.5
04136  55   31.2
04137  54   17.8
04138  56   36.4
04139  56   24.8
04140  56   23.8
04141  56   39.4
04142  55   39.6
04143  54   32.1
04144  52   28.0
04145  57   43.6
04146  54   36.4
04147  53   29.7
04148  52   25.3
04149  53   28.3
04150  54   29.0
04151  52   22.2
04152  52   23.4
04153  54   29.4
04154  53   18.2
04155  52   19.7
04156  54   31.5
04157  55   35.7
04158  51   25.6
04159  51   47.0
04160  56   29.8
04161  55   18.2
04162  56   20.3
04163  55   14.2
04164  56   18.4
04165  52   24.1
04166  55   21.6
04167  57   25.2
04168  58   20.0
04169  59   17.6
04170  59   16.9
04171  57   22.6
04172  56   21.6
04173  57   21.1
04174  57   32.1
04175  54   14.0
04176  59   17.7
04177  35   12.5
04178  35   15.1
04179  35   10.6
04180  35    9.5
04181  36   15.4
04182  35   16.5
04183  35    9.5
04184  35    7.0
04185  33   11.1
04186  36   12.2
04187  34   11.3
04188  35   12.0
04189  36   12.9
04190  36   10.3
04191  36    9.7
04192  34   15.7
04193  35   14.6
04194  33   13.9
04195  35   13.7
04196  36   17.4
04197  35   18.6
04198  36   12.4
04199  35    7.7
04200  36   13.0
04201  33   10.9
04202  35    8.0
04203  36   12.4
04204  36   15.6
04205  36    8.6
04206  35   10.7
04207  33    8.6
04208  35   10.5
04209  35   10.9
04210  36    7.1
04211  35   10.6
04212  36   11.3
04213  35   10.8
04214  35    9.5
04215  36   12.8
04216  36   13.5
04217  36   11.8
04218  35   10.3
04219  35   10.8
04220  17   22.3
04221  17   17.6
04222  35   14.8
04223  35   12.0
04224  36    9.8
04225  35   11.1
04226  36    7.5
04227  35   14.4
04228  35    8.4
04229  35   12.4
04230  35   10.5
04231  35    8.8
04232  35    9.5
04233  34    9.8
04234  34   14.6
04235  35   19.9
04236  35   11.5
04237  35   14.3
04238  36    6.6
04239  36   12.4
04240  36    9.6
04241  35   12.9
04242  35   12.3
04243  36   16.6
04244  35   14.4
04245  36   15.0
04246  36   12.6
04247  36   11.9
04250  36   14.2
04251  35   13.8
04252  36   15.9
04253  36   12.1
04254  36   13.2
04255  35    8.5
04256  36   10.8
04257  35   13.2
04258  35   12.0
04259  35   17.9
04260  36   15.0
04261  35   18.0
04262  35   18.8
04263  36    9.8
04264  35   12.6
04265  36   10.5
04266  36   16.4
04267  36   11.2
04268  35   16.0
04269  35   16.8
04270  36   18.0
04271  36   10.0
04272  35   14.7
04273  36   10.7
04274  35   10.0
04275  34   13.7
04276  33   16.4
04277  33   15.4
04278  33    8.5
04279  35   10.2
04280  35   12.8
04281  36   15.2
04282  36   18.1
04283  36   16.3
04284  35   17.2
04285  36   13.9
04286  35   18.7
04287  36   17.8
04288  36   15.7
04289  36   10.5
04290  36   13.4
04291  36   15.1
04292  35   12.3
04293  35   13.6
04294  34   14.9
04295  35   12.6
04296  35   14.0
04297  36   13.0
04298  34   17.4
04300  35   14.9
04301  36   12.5
04302  35   12.5
04303  35   24.0
04304  34   15.2
04305  35   14.8
04306  35   22.3
04307  36   19.3
04308  36   25.8
04309  35   21.7
04310  36   12.4
04311  36   14.1
04312  35   16.6
04313  35   19.9
04314  36   18.5
04315  36   15.5
04316  36   19.3
04317  34   18.8
04318  35   15.8
04319  35   17.8
04320  36   17.5
04321  35   13.3
04324  35    9.8
04325  35   12.2
04326  34   37.8
04327  36   26.5
04328  34   23.0
04329  35   16.7
04330  36   16.8
04331  35   18.7
04332  35   20.6
04333  36   25.1
04334  35   18.4
04335  35   18.8
04336  36   19.7
04337  35   18.7
04338  34   19.0
04339  35   18.2
04340  36   19.1
04341  35   17.0
04342  34   17.1
04343  35   12.9
04344  35   17.9
04345  33   10.7
04346  32   17.9
04347  33   15.0
04348  34   20.3
04349  35   15.6
04350  36   23.0
04351  36   19.8
04352  36   19.0
04353  36   19.9
04354  35   17.0
04355  36   16.4
04356  36   23.9
04357  35   18.3
04358  35   17.6
04359  35   13.4
04360  36   18.7
04361  35   15.2
04362  35   17.2
04363  35   16.1
04364  35   20.3
04365  35   16.6
04366  32   14.2
05001  34   16.8
05002  35   20.6
05003  34   24.2
05004  36   14.5
05005  35   10.2
05006  34   12.9
05007  34   16.5
05008  33    9.5
05009  34   11.2
05010  35   11.8
05011  34   14.7
05012  33   18.4
05013  35   10.7
05014  35   16.2
05015  35   23.4
05016  34   15.6
05017  35   17.6
05018  36   16.0
05019  36   14.6
05020  35   16.4
05021  36   11.2
05022  34   17.8
05023  35   20.2
05024  35   17.4
05025  35   14.7
05026  35   12.6
05027  36   15.1
05028  36   17.4
05029  36   14.3
05030  36   17.0
05031  36   16.6
05032  36   14.7
05033  34   16.5
05034  35   22.3
05035  34   16.0
05036  36   15.9
05037  35   15.4
05038  36   18.9
05039  35   17.9
05040  35   15.0
05041  36   15.2
05042  36   16.0
05043  35   16.4
05044  35   15.7
05045  35   22.6
05046  36   21.0
05047  36   21.5
05048  36   23.9
05049  36   23.3
05050  36   23.9
05051  35   17.8
05052  35   19.8
05053  36   17.9
05054  35   21.7
05055  35   27.7
05056  36   20.2
05057  35   16.6
05058  36   24.3
05059  36   24.2
05060  36   21.3
05061  34   16.6
05062  34   16.3
05063  36   16.1
05064  36   10.7
05065  35   15.9
05066  36   15.5
05067  35   21.6
05068  35   26.7
05069  35   27.4
05070  36   14.8
05071  36   19.5
05072  35   21.5
05073  36   18.4
05074  36   16.3
05075  36   22.2
05076  36   16.0
05077  34   18.5
05078  36   13.1
05079  36   23.3
05080  36   21.4
05081  35   21.0
05082  35   12.0
05083  36   19.0
05084  36   10.9
05085  36   26.2
05086  35   19.1
05087  36   20.1
05088  35   31.4
05089  36   22.3
05090  35   21.0
05091  35   13.7
05092  35   23.9
05093  33   22.2
05094  35   16.4
05095  35   19.9
05096  34   16.4
05097  35   18.1
05098  34   20.3
05099  35   24.3
05100  35   14.0
05101  34   16.2
05102  35   15.9
05103  34   13.5
05104  16   22.3
05105  35   13.7
05106  34   14.1
05107  33   14.2
05108  34   14.8
05109  35   12.3
05110  35   17.1
05111  35   20.1
05112  36   14.3
05113  36   16.0
05114  36   18.3
05115  36   18.8
05116  36   19.3
05117  36   19.7
05118  36   16.2
05119  35   23.5
05120  36   18.9
05121  36   13.5
05122  36   14.6
05123  36   10.2
05124  35   10.1
05125  17   30.9
05126  36   17.6
05127  34   24.5
05128  33   21.8
05129  36   22.8
05130  32   15.1
05131  36   24.2
05132  36   33.3
05133  35   33.0
05134  36   27.5
05135  36   22.3
05136  36   18.5
05137  36   29.8
05138  31   19.9
05139  35   21.3
05140  37   21.8
05141  36   22.9
05142  36   25.4
05143  35   20.1
05144  35   20.6
05145  37   21.2
05146  36   21.3
05147  36   19.2
05148  36   17.4
05149  36   14.0
05150  36   10.4
05151  36   21.7
05152  35   27.8
05153  36   30.6
05154  35   25.6
05155  36   22.7
05156  36   30.9
05157  35   22.8
05158  35   21.8
05159  35   25.5
05160  35   21.2
05161  35   28.7
05162  35   25.4
05163  35   21.2
05164  34   20.6
05165  35   19.6
05166  35   20.7
05167  35   19.2
05168  35   20.1
05169  35   20.4
05170  35   23.0
05171  35   19.2
05172  35   19.5
05173  35   22.3
05174  35   18.6
05175  35   13.4
05176  34   16.2
05177  32   24.6
05178  35   20.7
05179  35   13.8
05180  35   20.8
05181  35   27.7
05182  35   18.5
05183  34   19.7
05184  35   28.0
05185  35   16.3
05186  35   21.4
05187  35   22.3
05188  35   25.1
05189  35   25.7
05190  35   24.6
05191  34   21.7
05192  35   15.1
05193  35   17.3
05194  35   22.8
05195  34   21.0
05196  35   17.7
05197  35   18.3
05198  33   20.0
05199  32   12.6
05200  35   20.4
05201  35   24.3
05202  35   19.3
05203  35   24.7
05204  35   23.4
05205  35   27.6
05206  35   14.2
05207  35   13.3
05208  36   15.9
05209  36   14.5
05210  36   12.1
05211  34   21.4
05212  35   25.8
05213  35   17.9
05214  36   22.6
05215  35   17.8
05216  37   24.0
05217  37   19.4
05218  37   24.5
05219  34   27.1
05220  38   22.7
05221  38   15.9
05222  38   18.5
05223  37   11.1
05224  38   18.1
05225  37   25.9
05226  37   21.9
05227  36   24.3
05228  36   29.9
05229  20   35.6
05230  35   16.8
05231  36   26.6
05232  34   18.5
05233  32   18.9
05234  36   25.5
05235  36   25.2
05236  37   23.4
05237  37   15.7
05238  37   27.3
05239  37   21.6
05240  36   25.1
05241  37   21.1
05242  37   19.9
05243  36   23.4
05244  37   19.8
05245  37   18.2
05246  36   16.9
05247  36   19.7
05248  36   25.8
05249  36   25.2
05250  36   28.2
05251  37   19.2
05252  37   19.9
05253  37   21.1
05254  35   23.1
05255  36   19.6
05256  37   17.9
05257  37   23.0
05258  37   21.7
05259  38   15.6
05260  37   25.2
05261  36   27.4
05262  37   23.8
05263  37   21.4
05264  37   21.4
05265  37   27.3
05266  34   22.9
05267  34   22.2
05268  36   26.3
05269  35   22.0
05270  35   23.3
05271  35   21.9
05272  36   23.3
05273  37   23.6
05274  38   20.8
05275  37   22.7
05276  37   28.1
05277  37   17.8
05278  38   21.8
05279  37   23.0
05280  36   20.6
05281  37   20.8
05282  37   14.3
05283  35   25.2
05284  35   28.4
05285  36   17.0
05286  37   19.3
05287  37   18.6
05288  36   18.6
05289  36   22.7
05290  37   16.4
05291  37   17.4
05292  37   14.1
05293  37   18.5
05294  37   20.7
05295  37   23.2
05296  36   25.8
05297  37   25.4
05298  37   18.6
05299  37   22.8
05300  35   21.4
05301  35   24.7
05302  35   28.3
05303  34   15.6
05304  36   21.1
05305  36   15.7
05306  36   12.3
05307  38   10.9
05308  36   13.8
05309  36   18.3
05310  36   20.5
05311  37   17.4
05312  37   20.7
05313  38   15.9
05314  36   22.7
05315  37   22.7
05316  37   16.5
05317  37   16.0
05318  37   16.3
05319  37   21.3
05320  37   16.7
05321  37   14.8
05322  37   20.2
05323  36   18.0
05324  35   21.7
05325  36   17.7
05326  38   13.9
05327  35   11.0
05328  35   17.4
05329  36   19.2
05330  36   14.5
05331  35    8.6
05332  37    9.1
05333  36   13.1
05334  37   11.9
05335  37   17.4
05336  37   22.1
05337  37   15.9
05338  36   16.1
05339  37   18.2
05340  36   20.6
05341  36   20.7
05342  36   21.6
05343  36   20.6
05344  36   19.9
05345  35   22.5
05346  34   24.2
05347  34   14.2
05348  37   19.7
05349  36   19.6
05350  36   17.1
05351  34   19.0
05352  34   16.4
05353  33   16.7
05354  35   12.1
05355  37   14.7
05356  37   16.2
05357  34   19.6
05358  34   20.0
05359  34   19.8
05360  34   20.4
05361  34   19.9
05362  33   20.5
05363  34   26.1
05364  34   20.8
05365  34   18.8
06001  36   15.4
06002  35   19.7
06003  36   19.5
06004  36   22.0
06005  37   21.6
06006  39   25.0
06007  22   26.8
06008  20   23.7
06009  38   20.2
06010  37   22.9
06011  36   15.6
06012  36   17.8
06013  35   17.1
06014  36   18.1
06015  36   25.7
06016  36   20.1
06017  36   16.9
06018  36   17.4
06019  36   15.0
06020  21   18.9
06021  37   15.7
06022  37   23.2
06023  37   26.0
06024  37   13.7
06025  36   19.0
06026  37   18.2
06027  37   14.6
06028  37   14.3
06029  35   18.1
06030  35   18.5
06031  35   18.0
06032  37   19.4
06033  37   17.9
06034  25   24.3
06035  36   18.6
06036  37   22.0
06037  37   19.0
06038  37   18.5
06039  36   17.3
06040  36   17.3
06041  36   21.5
06042  36   21.0
06043  36   19.8
06044  36   15.9
06045  36   22.0
06046  36   16.3
06047  37   12.2
06048  37   21.5
06049  36   14.9
06050  36   18.9
06051  36   17.3
06052  37   16.4
06053  37   27.6
06054  37   25.0
06055  37   21.3
06056  37   27.1
06057  37   20.6
06058  36   19.8
06059  35   13.3
06060  36   20.9
06061  35   22.6
06062  36   17.0
06063  35   20.2
06064  33   21.2
06065  33   21.2
06066  35   16.4
06067  37   17.5
06068  36   17.1
06069  36   16.5
06070  35   19.1
06071  35   30.8
06072  36   27.2
06073  37   17.3
06074  35   10.0
06075  36   22.6
06076  36   25.3
06077  36   27.9
06078  36   20.5
06079  37   24.0
06080  36   24.7
06081  36   25.6
06082  36   28.6
06083  36   23.0
06084  36   22.8
06085  36   24.6
06086  36   24.7
06087  34   13.9
06088  36   15.3
06089  36   19.9
06090  36   14.1
06091  36   16.4
06092  35   17.1
06093  35   16.2
06094  37   18.3
06095  36   19.0
06096  36   16.9
06097  36   18.1
06098  36   17.0
06099  34   17.8
06100  34   19.1
06101  36   23.0
06102  36   22.3
06103  35   18.6
06104  36   17.9
06105  36   18.0
06106  35   17.2
06107  35   18.4
06108  36   17.6
06109  36   20.2
06110  36   17.4
06111  37    9.9
06112  35   10.1
06113  35    9.9
06114  35   14.1
06115  35   14.8
06116  35   17.8
06117  35   21.8
06118  35   17.0
06119  35   18.5
06120  32   15.4
06121  32   21.2
06122  34   14.2
06123  36   21.4
06124  36   18.2
06125  35   17.6
06126  33   18.7
06127  33   21.4
06128  36   12.0
06129  36   12.0
06130  36   17.2
06131  35   16.5
06132  36   11.1
06133  35   11.3
06134  35   13.5
06135  36    8.5
06136  36    6.2
06137  36   13.5
06138  35   16.2
06139  36   16.7
06140  36   21.6
06141  36   21.7
06142  36   17.8
06143  36   17.7
06144  36   17.6
06145  36   22.4
06146  36   23.4
06147  36   19.4
06148  36   22.2
06149  37   21.1
06150  36   23.3
06151  36   17.8
06152  36   10.8
06153  36   16.7
06154  36   16.3
06155  36   18.1
06156  36   20.3
06157  35   19.7
06158  36   15.3
06159  36   20.0
06160  37   17.0
06161  35   20.3
06162  34   20.6
06163  36   10.6
06164  37   15.3
06165  36   16.6
06166  36   17.1
06167  36   11.4
06168  36   16.7
06169  36   14.1
06170  36   14.4
06171  36   16.1
06172  36   13.7
06173  35   15.4
06174  35   20.3
06175  36   18.2
06176  36   14.4
06177  36   13.9
06178  36   11.0
06179  37   15.9
06180  37   15.2
06181  36   13.3
06182  37   17.3
06183  36   21.2
06184  36   15.9
06185  37   13.7
06186  37   10.7
06187  37    8.8
06188  37   21.0
06189  36   15.2
06190  36   13.0
06191  38    9.2
06192  38   10.3
06193  37    9.2
06194  37    9.7
06195  38   14.2
06196  38   17.9
06197  38   19.1
06198  36   16.0
06199  35   14.9
06200  37   12.9
06201  37   10.4
06202  37    9.2
06203  37    9.8
06204  37   10.9
06205  36   15.0
06206  37   14.9
06207  37    7.3
06208  37   12.1
06209  36   14.9
06210  36   16.5
06211  35   16.2
06212  36    8.7
06213  36   17.6
06214  36   20.2
06215  36   16.1
06216  36   13.9
06217  36   19.0
06218  38   11.6
06219  36   13.3
06220  36   11.6
06221  36   14.9
06222  36   18.4
06223  36   16.3
06224  36   25.2
06225  36   18.9
06226  36   14.8
06227  36   17.3
06228  36   16.7
06229  35   14.4
06230  36   13.2
06231  36   14.0
06232  36   18.1
06233  36   19.4
06234  36   17.8
06235  35   17.0
06236  36   12.5
06237  36   15.1
06238  35   20.3
06239  34   18.6
06240  36   16.2
06241  36   16.9
06242  36   16.9
06243  36   20.9
06244  36   21.0
06245  36   17.3
06246  35   21.4
06247  36   16.1
06248  36   17.4
06249  36   16.7
06250  36   18.4
06251  35   17.9
06252  35   21.9
06253  34   16.5
06254  36   20.4
06255  36   18.6
06256  36   19.8
06257  34   16.7
06258  34    9.2
06259  31    9.7
06260  33    5.4
06261  32    7.0
06262  31    6.6
06263  32    8.8
06264  33    6.9
06265  33    9.9
06266  33   14.4
06267  33   13.5
06268  33   14.1
06269  33   10.2
06270  35   15.0
06271  34   14.6
06272  33    6.1
06273  32    7.5
06274  33   14.5
06275  34   11.8
06276  33   12.4
06277  34   13.0
06278  35   15.2
06279  34   14.7
06280  35    9.0
06281  35   15.0
06282  34   10.8
06283  34   14.8
06284  35   16.6
06285  34   11.8
06286  34   10.7
06287  34   11.5
06288  34   10.9
06289  34   10.5
06290  34    8.9
06291  34   10.3
06292  34   12.7
06293  34   14.6
06294  34   14.6
06295  34   15.2
06296  34   16.6
06297  34   11.2
06298  34   11.9
06299  34   11.0
06300  34   12.0
06301  34   13.3
06302  34   13.5
06303  34   16.3
06304  34   12.8
06305  34   13.1
06306  34   13.7
06307  35   14.5
06308  34   11.6
06309  33   13.9
06310  33   11.3
06311  33   15.7
06312  34   16.7
06313  35   13.6
06314  34   12.5
06315  34   11.9
06316  35   16.3
06317  36   15.4
06318  35   12.0
06319  36    9.5
06320  35   14.4
06321  35   13.5
06322  35   18.9
06323  35   14.9
06324  35    9.7
06325  35   11.7
06326  35   12.5
06327  36   11.4
06328  35   11.0
06329  34   14.4
06330  34   14.0
06331  35   12.1
06332  34   13.8
06333  36   19.5
06334  35   16.3
06335  36   11.9
06336  36   12.4
06337  35   12.7
06338  35   12.3
06339  35    9.2
06340  35   16.7
06341  35    9.5
06342  36   14.4
06343  36   16.9
06344  35   20.4
06345  35   15.4
06346  35   13.1
06347  35   17.1
06348  35    9.3
06349  36   14.1
06350  18   22.5
06351  18   23.9
06352  37   15.0
06353  34    9.6
06354  34    8.2
06355  35   10.8
06356  35   11.4
06357  34   10.3
06358  35   12.6
06359  34   12.3
06360  35   11.2
06361  35    7.4
06362  34   10.1
06363  34   11.8
06364  34   18.0
06365  34   12.7
07001  34   10.1
07002  34   14.1
07003  35   10.3
07004  35    9.9
07005  34   11.1
07006  34   13.7
07007  34   12.9
07008  35   16.5
07009  34   13.6
07010  35    9.7
07011  34   12.7
07012  34    8.7
07013  33    7.0
07014  33    7.9
07015  34   12.9
07016  33   11.6
07017  34   13.2
07018  34   10.0
07019  35   12.2
07020  34   11.4
07021  34   12.8
07022  35   10.6
07023  33   11.1
07024  34   20.9
07025  33   17.7
07026  33   12.8
07027  34   15.0
07028  33   15.6
07029  34   13.8
07030  34   13.5
07031  33   20.2
07032  34   17.9
07033  35   16.0
07034  35    9.7
07035  34   14.8
07036  34   13.8
07037  35   15.0
07038  36   15.9
07039  34   13.9
07040  35   16.2
07041  35   17.0
07042  35   17.1
07043  36   12.7
07044  35   13.5
07045  35   12.7
07046  35   12.9
07047  34    9.8
07048  34    3.8
07049  34   10.7
07050  35    6.7
07051  34    7.2
07052  34    4.9
07053  34    6.4
07054  35    7.7
07055  34    8.2
07056  34   17.0
07057  35    7.7
07058  36    8.7
07059  36   13.6
07060  35   10.7
07061  35   14.6
07062  35   13.8
07063  35   15.9
07064  35   13.6
07065  35   19.5
07066  36   17.9
07067  36    8.9
07068  36   10.8
07069  36   12.8
07070  36   13.1
07071  36   12.1
07072  36   13.8
07073  36   14.2
07074  36    8.4
07075  36    7.2
07076  36   14.3
07077  36   10.7
07078  36   10.4
07079  35   11.3
07080  35    9.5
07081  36   13.9
07082  36   12.4
07083  36   16.1
07084  36   14.9
07085  37    8.5
07086  37   11.7
07087  36    9.8
07088  35   10.9
07089  35   11.0
07090  35   10.0
07091  35   11.8
07092  37    8.0
07093  36    5.7
07094  35    5.8
07095  35    6.5
07096  36    9.5
07097  36   14.2
07098  36    8.3
07099  36   10.7
07100  37   10.1
07101  36   16.1
07102  36   11.8
07103  36    7.2
07104  36   10.2
07105  36    9.0
07106  36    9.1
07107  36    6.6
07108  36    5.2
07109  36   13.3
07110  36    8.9
07111  36   12.6
07112  36   13.2
07113  35   10.9
07114  35   12.4
07115  34    8.4
07116  37   10.4
07117  35   10.7
07118  35    7.2
07119  34   12.1
07120  33    4.2
07121  31   13.6
07122  32    3.4
07123  32    8.0
07124  32   11.7
07125  33    8.0
07126  32   10.0
07127  34    9.3
07128  32    5.1
07129  32    1.8
07130  33    5.8
07131  33    7.0
07132  33   10.7
07133  33    6.0
07134  33    4.2
07135  33    9.9
07136  34    8.9
07137  34    9.7
07138  35    9.1
07139  35    9.9
07140  34    8.7
07141  34    9.4
07142  34    5.4
07143  35    5.6
07144  35   13.4
07145  35    7.1
07146  35    8.4
07147  35   13.8
07148  35   10.1
07149  36   13.0
07150  35   12.9
07151  36    4.9
07152  35    9.5
07153  35    8.8
07154  36    9.8
07155  36    6.5
07156  36    7.6
07157  36    7.8
07158  35   12.9
07159  36    4.0
07160  36    6.2
07161  36    3.9
07162  36    5.1
07163  35   10.5
07164  35    6.6
07165  34    7.5
07166  34    6.3
07167  34    7.6
07168  34    5.8
07169  34    6.0
07170  35    5.3
07171  35    4.6
07172  37    3.5
07173  36   13.0
07174  36    6.0
07175  36   11.0
07176  36   11.1
07177  36   10.2
07178  37   12.4
07179  38   13.4
07180  37    9.0
07181  37    6.3
07182  36    7.1
07183  36   13.2
07184  36   11.6
07185  36    6.7
07186  36   10.1
07187  34    4.3
07188  36    6.4
07189  36    5.3
07190  37    7.0
07191  36    6.2
07192  36    6.8
07193  38   12.9
07194  38    6.9
07195  37    8.3
07196  37    5.2
07197  37    6.5
07198  38    5.2
07199  37    6.9
07200  37    6.1
07201  38    7.2
07202  20   11.8
07203  20   14.2
07204  38    6.9
07205  37    6.4
07206  37    8.2
07207  37    5.9
07208  37    9.5
07209  37    7.8
07210  36    8.6
07211  37    6.8
07212  37    6.0
07213  37    7.5
07214  37    4.7
07215  37    8.5
07216  37    9.9
07217  37   10.4
07218  37    6.1
07219  37    5.1
07220  38   11.8
07221  37    7.7
07222  37   11.0
07223  37    6.1
07224  37   10.2
07225  37    6.8
07226  37    6.9
07227  37    5.3
07228  37    3.4
07229  37    5.7
07230  36    7.3
07231  36    5.5
07232  37    9.0
07233  36    6.2
07234  37   10.1
07235  37   12.5
07236  37    9.4
07237  37   12.3
07238  37    8.4
07239  37   15.0
07240  37   16.0
07241  37    9.4
07242  37   17.2
07243  37   19.4
07244  37   11.5
07245  37   10.8
07246  38   18.3
07247  38   14.7
07248  38   10.4
07249  38   14.3
07250  38    9.0
07251  36   11.8
07252  36    9.5
07253  37    9.0
07254  38   16.5
07255  38   11.0
07256  38    9.7
07257  37    8.6
07258  37    9.8
07259  38    8.5
07260  37    8.5
07261  37    8.6
07262  37   11.3
07263  37   12.9
07264  37   12.8
07265  36   12.5
07266  36   12.4
07267  37    7.1
07268  37   10.4
07269  37    9.9
07270  37   11.1
07271  37   15.6
07272  37   15.4
07273  37   15.0
07274  37    8.4
07275  37    6.5
07276  35    6.8
07277  36    7.0
07278  36    5.5
07279  36    5.8
07280  35    8.7
07281  36    7.1
07282  37   11.0
07283  37   10.3
07284  37   16.2
07285  37   13.3
07286  37   11.9
07287  37   13.4
07288  37   15.2
07289  34    6.2
07290  37    5.5
07291  38    9.1
07292  38   15.1
07293  37   18.0
07294  37   14.0
07295  37   15.9
07296  36   18.0
07297  38   14.5
07298  38   15.1
07299  37   11.5
07300  37   11.7
07301  37   11.4
07302  37    5.1
07303  37   11.2
07304  37   14.9
07305  37   11.8
07306  38   13.5
07307  39   13.3
07308  32   11.1
07309  37   11.8
07310  38   11.8
07311  38   13.2
07312  37   13.7
07313  37   15.0
07314  37   15.7
07315  37   11.9
07316  37    9.5
07317  36   14.3
07318  37   13.0
07319  36   12.7
07320  36   16.8
07321  35   18.5
07322  36   19.9
07323  38   14.9
07324  36   12.7
07325  37   17.2
07326  37   14.0
07327  37   14.3
07328  37   16.7
07329  37   10.7
07330  37    7.3
07331  37   11.0
07332  38   10.5
07333  37   11.4
07334  38    7.3
07335  37   12.6
07336  37   13.3
07337  37   11.3
07338  38    9.8
07339  38   12.1
07340  37   13.3
07341  38    9.9
07342  37   11.0
07343  37   13.2
07344  37   15.3
07345  39   16.5
07346  38   15.0
07347  37   15.1
07348  37   16.2
07349  37   16.2
07350  36   16.3
07351  36   14.4
07352  37   13.0
07353  37   11.3
07354  37   13.0
07355  37   12.7
07356  37   15.9
07357  38   16.2
07358  37   18.9
07359  37   15.9
07360  37   15.8
07361  38   20.3
07362  37   17.5
07363  37   16.6
07364  37   20.6
07365  37   20.2
08001  37   25.1
08002  37   20.8
08003  37   19.8
08004  37   15.9
08005  38   13.4
08006  37   19.3
08007  37    5.6
08008  37   16.8
08009  37   18.0
08010  36   17.0
08011  37   15.9
08012  37   14.9
08013  37   16.8
08014  37   18.5
08015  37   18.2
08016  36    6.4
08017  37   22.2
08018  37   17.1
08019  37   14.5
08020  37   16.4
08021  37   10.1
08022  38    4.5
08023  37   11.6
08024  37   16.1
08025  37   17.6
08026  37   18.3
08027  38   12.0
08028  38   13.2
08029  39   16.7
08030  19   23.7
08031  19   22.7
08032  19   19.8
08033  19   24.7
08034  19   24.9
08035  19   18.4
08036  19   15.8
08037  19   14.2
08038  19   20.4
08039  19   20.2
08040  37   11.4
08041  37   14.8
08042  37   10.5
08043  37   11.6
08044  36   11.5
08045  37    9.1
08046  37   12.8
08047  37   14.3
08048  37   14.9
08049  37   13.7
08050  37    5.6
08051  35    4.1
08052  37   11.7
08053  37    8.8
08054  36   10.5
08055  35   11.1
08056  37   12.0
08057  40   11.8
08058  38   10.0
08059  37   11.3
08060  37   12.4
08061  39    8.6
08062  36    7.8
08063  38   10.9
08064  37   11.4
08065  37    9.0
08066  38   11.2
08067  37    9.5
08068  37   12.6
08069  37    9.0
08070  38   11.9
08071  37   10.4
08072  38    8.1
08073  37    3.4
08074  35    4.4
08075  35    3.7
08076  35    3.3
08077  36    8.1
08078  36    7.3
08079  36    9.9
08080  39    6.8
08081  38    6.5
08082  36    8.6
08083  36    9.3
08084  35    9.7
08085  38    8.7
08086  38    7.8
08087  37    7.9
08088  38    9.2
08089  36    7.0
08090  36    7.9
08091  36    8.2
08092  37    9.9
08093  38    5.5
08094  38    8.3
08095  37    8.8
08096  37    8.1
08097  38    8.8
08098  37   10.4
08099  38    8.8
08100  37    7.8
08101  37    8.7
08102  37   10.6
08103  37    8.4
08104  37   10.1
08105  37    8.4
08106  37    5.4
08107  37   11.0
08108  37    8.1
08109  37    6.9
08110  36   10.9
08111  36    8.5
08112  37    9.0
08113  39    6.8
08114  38    8.6
08115  37    3.1
08116  38    3.0
08117  37    5.8
08118  36    9.0
08119  37    6.2
08120  37   14.4
08121  38    5.0
08122  38    4.5
08123  36    5.5
08124  36    5.6
08125  36    4.5
08126  37    5.8
08127  37    5.9
08128  37    8.6
08129  36    3.9
08130  36    4.1
08131  36    4.8
08132  35    5.5
08133  36    4.9
08134  38    6.5
08135  39    5.7
08136  38    4.7
08137  37    4.8
08138  38    6.1
08139  37    5.3
08140  38    4.2
08141  38    4.2
08142  38    6.6
08143  37    7.9
08144  37    5.6
08145  37    5.9
08146  37    5.1
08147  37    3.9
08148  37    3.9
08149  37    2.9
08150  37    7.0
08151  37    4.8
08152  36    2.8
08153  36    4.2
08154  37    4.2
08155  37    6.4
08156  37    9.0
08157  37    8.2
08158  37    5.7
08159  36    8.4
08160  35    8.5
08161  37    6.3
08162  37    8.3
08163  38    4.9
08164  36    7.5
08165  36    7.7
08166  36    6.8
08167  36   10.9
08168  36    5.1
08169  37    5.5
08170  37    5.7
08171  37    3.3
08172  37    4.1
08173  37    3.9
08174  37    3.3
08175  37    2.3
08176  37    3.3
08177  37    2.7
08178  37    6.6
08179  39    5.1
08180  37    6.7
08181  37    2.3
08182  37    3.4
08183  37    4.5
08184  37    3.4
08185  38    4.2
08186  37    2.0
08187  38    6.4
08188  37    4.9
08189  38    6.8
08190  37    6.2
08191  37    7.9
08192  37    6.6
08193  37    5.1
08194  37    7.2
08195  37    6.6
08196  36    5.5
08197  37    6.0
08198  37    5.7
08199  37    5.8
08200  37    6.5
08201  37    5.7
08202  37    6.8
08203  37    5.6
08204  20   11.3
08205  20   14.9
08206  20   15.6
08207  20   12.0
08208  20    8.4
08209  37    5.9
08210  37    5.0
08211  37    4.2
08212  37    4.1
08213  38    5.7
08214  37    4.9
08215  37    6.1
08216  37    5.6
08217  38    5.3
08218  39    5.3
08219  37    6.5
08220  38    5.3
08221  39    5.3
08222  36    7.1
08223  37    7.1
08224  36    6.7
08225  36    2.4
08226  37    3.4
08227  37    9.7
08228  37    8.5
08229  37    9.9
08230  37   10.5
08231  37   10.5
08232  37    5.4
08233  37    8.9
08234  37   10.9
08235  37    7.6
08236  38    8.3
08237  36    5.9
08238  37    6.8
08239  37    7.9
08240  37    7.8
08241  37    7.6
08242  37   12.1
08243  37    7.2
08244  38    5.9
08245  37    6.4
08246  37    7.1
08247  37    6.6
08248  37   12.5
08249  37    5.8
08250  38    8.3
08251  36    7.1
08252  37    7.0
08253  37    6.6
08254  37    6.3
08255  37    7.3
08256  37   10.0
08257  35   13.7
08258  37   10.0
08259  37   12.2
08260  37   10.1
08261  37    7.9
08262  37   12.0
08263  37    7.2
08264  37    8.5
08265  37    6.9
08266  37    7.7
08267  37    9.0
08268  37    7.5
08269  34    5.7
08270  33    7.8
08271  34    8.0
08272  35    8.7
08273  36    6.6
08274  36    8.5
08275  36    6.6
08276  36    7.3
08277  35    7.6
08278  35    9.5
08279  35    8.5
08280  35    6.5
08281  36    6.6
08282  36    7.3
08283  36    6.7
08284  36    6.4
08285  36    7.2
08286  36    9.1
08287  37    6.9
08288  36    5.4
08289  36    6.0
08290  36    5.1
08291  36    7.5
08292  37    7.5
08293  37    7.0
08294  36    6.8
08295  37    7.5
08296  37    8.0
08297  37    6.8
08298  37    7.2
08299  37    5.9
08300  37    4.6
08301  37    8.2
08302  37    7.0
08303  37    8.7
08304  37    6.5
08305  36    6.5
08306  36    6.8
08307  36    7.9
08308  37    4.1
08309  37    5.7
08310  39   11.0
08311  39   10.4
08312  36    6.0
08313  37    6.8
08314  36    9.5
08315  37    8.6
08316  37    7.9
08317  37    8.2
08318  38    7.2
08319  38    6.1
08320  37    7.0
08321  37   10.2
08322  37   12.8
08323  37    7.6
08324  37    9.9
08325  37    8.6
08326  38    6.2
08327  37    7.9
08328  36    9.0
08329  37    9.1
08330  36    9.2
08331  37   10.4
08332  37    7.3
08333  38    7.4
08334  37    9.1
08335  36    8.3
08336  37    8.2
08337  37   10.2
08338  37    9.2
08339  38    7.5
08340  37    8.6
08341  37    9.8
08342  36   11.3
08343  37   10.8
08344  37    8.2
08345  37    9.9
08346  37    8.0
08347  37    7.4
08348  37    8.7
08349  37   10.1
08350  37   11.6
08351  37   11.6
08352  37   11.1
08353  37    8.2
08354  37    8.3
08355  38    7.4
08356  38    7.1
08357  37    7.9
08358  37    8.9
08359  37   11.3
08360  36    8.8
08361  36    9.9
08362  36    9.0
08363  36    8.1
08364  37    8.3
08365  38   13.4
08366  19   24.6
09001  20   25.6
09002  38   14.2
09003  37   17.8
09004  35   14.3
09005  37   18.0
09006  37   10.0
09007  37    8.6
09008  37   10.0
09009  37    9.8
09010  37    9.2
09011  37    9.0
09012  37    6.1
09013  37    6.0
09014  37    5.3
09015  37   10.2
09016  37   10.4
09017  36    7.6
09018  38    9.5
09019  38    6.7
09020  37    9.5
09021  38    6.5
09022  37    7.7
09023  37    7.9
09024  37    8.0
09025  36    7.1
09026  36    9.8
09027  37   10.1
09028  37    7.0
09029  37    8.6
09030  37    6.7
09031  37   10.5
09032  37   11.2
09033  37    8.0
09034  38    6.4
09035  37    8.6
09036  37    9.9
09037  38    9.3
09038  36    8.0
09039  37    9.7
09040  37    8.7
09041  37    5.9
09042  37    5.8
09043  37    8.4
09044  38    8.3
09045  37    9.0
09046  38   10.4
09047  38    8.2
09048  37   15.3
09049  37   14.2
09050  37   16.5
09051  37    8.3
09052  38    7.1
09053  37    7.8
09054  38    5.7
09055  37    7.9
09056  37   17.2
09057  38   10.3
09058  37   22.8
09059  37    9.1
09060  35    7.9
09061  36    9.7
09062  36    6.4
09063  37   10.7
09064  36    6.4
09065  36    8.0
09066  36    7.8
09067  36    7.5
09068  36    6.8
09069  36    9.6
09070  36    8.9
09071  36   19.6
09072  35    8.2
09073  36    9.2
09074  36    9.3
09075  36    8.4
09076  36    6.6
09077  39   35.8
09078  39   35.1
09079  37    9.4
09080  38    8.2
09081  38    6.9
09082  37   11.5
09083  38   12.3
09084  40   23.9
09085  37    7.8
09086  38    4.2
09087  37    4.7
09088  37   10.4
09089  37   14.6
09090  37   11.1
09091  37    5.5
09092  37    8.1
09093  37    8.8
09094  37    9.2
09095  37    6.3
09096  37    6.7
09097  37    6.6
09098  38    7.9
09099  37    7.0
09100  37    8.5
09101  37   23.0
09102  37    8.8
09103  37    5.7
09104  37    7.4
09105  37   30.4
09106  37    6.8
09107  37    8.3
09108  37    8.3
09109  37   10.0
09110  37    7.5
09111  37   14.5
09112  37    9.1
09113  39    6.0
09114  38    5.2
09115  37    9.0
09116  37    9.2
09117  37    5.9
09118  37    7.1
09119  37    7.6
09120  37    8.3
09121  37    8.6
09122  37    7.1
09123  37    8.3
09124  37    6.9
09125  37    9.9
09126  37    9.7
09127  37    8.9
09128  37    7.5
09129  37    7.5
09130  37    7.7
09131  37    4.6
09132  37    6.3
09133  37    7.5
09134  37    6.6
09135  37    7.8
09136  37    8.8
09137  37    9.1
09138  38   16.1
09139  37   26.9
09140  37    7.4
09141  37    6.5
09142  37    6.7
09143  36    7.9
09144  36    7.3
09145  37    7.4
09146  37    5.6
09147  37    4.4
09148  37    7.9
09149  37    4.7
09150  38    5.7
09151  38    5.4
09152  37    8.2
09153  37    6.7
09154  37    6.9
09155  37    7.5
09156  38    7.1
09157  38    4.8
09158  37   14.1
09159  37    7.4
09160  38    5.6
09161  37    8.4
09162  37    4.2
09163  37    7.7
09164  38    6.1
09165  37    5.9
09166  37    4.5
09167  37    5.4
09168  37   14.0
09169  38    6.0
09170  38    6.6
09171  37    8.9
09172  37    7.5
09173  37    8.2
09174  37    7.0
09175  38    6.8
09176  37    6.3
09177  37   16.7
09178  37   18.5
09179  37   20.5
09180  37    6.6
09181  37    4.3
09182  36    5.4
09183  36    5.8
09184  36    5.0
09185  35    5.6
09186  35    5.1
09187  37    4.6
09188  36    4.7
09189  36    4.5
09190  36    5.1
09191  36    5.8
09192  36    7.6
09193  36    7.1
09194  36    5.6
09195  36    4.9
09196  37    6.2
09197  37    5.1
09198  38    4.9
09199  38    4.9
09200  38    5.4
09201  37    3.7
09202  37    5.2
09203  37    6.9
09204  37    5.7
09205  37    5.6
09206  37    5.3
09207  37    8.3
09208  37    6.3
09209  37    6.3
09210  37    6.1
09211  37    2.4
09212  37    5.9
09213  37    6.1
09214  36    4.1
09215  36    4.0
09216  36    4.1
09217  37    6.5
09218  37    5.8
09219  37    6.5
09220  37    4.4
09221  37    6.0
09222  38    3.4
09223  37    6.6
09224  37    3.7
09225  37    5.8
09226  37    6.1
09227  37    6.2
09228  37    5.6
09229  37    3.7
09230  37    5.2
09231  37    6.1
09232  37    6.5
09233  37    6.2
09234  37   16.1
09235  37    6.5
09236  36   17.0
09237  37   16.4
09238  37   19.6
09239  37   15.8
09240  37    5.3
09241  37    5.3
09242  37    7.7
09243  37    6.0
09244  37    4.6
09245  39    4.3
09246  38    3.6
09247  38    3.9
09248  37    6.3
09249  37    8.2
09250  37    8.8
09251  38    6.7
09252  37    8.9
09253  37    6.9
09254  36    3.1
09255  37    7.4
09256  36    4.0
09257  37   10.4
09258  37    8.2
09259  37    7.8
09260  36    7.8
09261  37    6.2
09262  37    6.8
09263  37    7.9
09264  37    6.8
09265  36    6.8
09266  37    7.4
09267  37    4.3
09268  37    7.0
09269  37    5.6
09270  37   18.9
09271  37   27.7
09272  37   19.2
09273  27   32.1
09274  33    8.0
09275  37    7.4
09276  37    6.8
09277  36    7.0
09278  37    4.5
09279  37    6.1
09280  36    7.2
09281  38    4.0
09282  37    7.2
09283  37    5.6
09284  37    7.2
09285  37    6.8
09286  38    7.2
09287  40   30.4
09288  37   23.0
09289  37    8.0
09290  38    8.9
09291  37    8.7
09292  38    9.3
09293  37    8.2
09294  37   19.6
09295  37   22.5
09296  37    7.7
09297  37    9.0
09298  37   18.5
09299  37    7.4
09300  37    9.9
09301  37    6.1
09302  37    7.2
09303  37    6.9
09304  37    7.0
09305  37    7.6
09306  37    7.2
09307  37    8.8
09308  37   16.7
09309  38   19.3
09310  37   23.7
09311  38    8.4
09312  38   23.4
09313  38   22.3
09314  38   23.7
09315  38    6.6
09316  38    6.3
09317  38    4.1
09318  38    7.3
09319  38    7.1
09320  38    6.5
09321  38    6.1
09322  38    6.5
09323  38    7.5
09324  38    8.0
09325  38    7.6
09326  38    7.5
09327  38    8.4
09328  38    6.1
09329  38    5.5
09330  38    6.8
09331  38    7.6
09332  38    6.5
09333  38    6.4
09334  38    7.7
09335  38    7.9
09336  38    7.6
09337  38   10.0
09338  38   13.2
09339  38    7.4
09340  38    8.6
09341  38    5.7
09342  38    4.9
09343  38    5.4
09344  38    3.3
09345  37    5.6
09346  37    7.9
09347  37    7.5
09348  37   10.1
09349  37    8.6
09350  37    9.5
09351  37    8.3
09352  37    6.8
09353  36    8.2
09354  37    6.5
09355  37    7.7
09356  37   20.2
09357  37    9.7
09358  37    8.2
09359  36    7.6
09360  36    9.0
09361  36    5.8
09362  37    4.7
09363  36    7.2
09364  37    8.5
09365  37   10.0
10001  37    7.3
10002  37   10.2
10003  37    9.5
10004  37    7.0
10005  38    7.7
10006  37    8.3
10007  38    8.2
10008  38    8.8
10009  38    7.7
10010  38    6.0
10011  38    7.8
10012  38    9.6
10013  37    6.1
10014  38    6.5
10015  38    8.5
10016  37    4.9
10017  38    5.5
10018  38   15.2
10019  37    7.7
10020  38    9.6
10021  38   22.4
10022  38   21.6
10023  38    9.0
10024  38    3.5
10025  38    6.8
10026  38    3.8
10027  38   22.0
10028  38   10.1
10029  38    8.5
10030  38   11.2
10031  38    4.5
10032  37    3.2
10033  38    4.1
10034  38   10.3
10035  38   11.8
10036  38    7.2
10037  38    9.7
10038  38    8.3
10039  38    7.1
10040  38    8.2
10041  38    9.9
10042  36    7.6
10043  37    8.0
10044  38    8.1
10045  38    6.5
10046  38    9.9
10047  38    8.8
10048  38    6.4
10049  38    7.7
10050  38    3.9
10051  38    9.4
10052  38    6.3
10053  38    6.3
10054  38    5.8
10055  37    7.2
10056  37    5.6
10057  38    9.4
10058  38    9.0
10059  38    7.8
10060  38    8.3
10061  38    6.9
10062  38    7.2
10063  38    7.9
10064  38    6.3
10065  37    8.3
10066  38    8.6
10067  38    9.8
10068  37    6.5
10069  38    7.3
10070  38    5.9
10071  38    4.6
10072  38    7.5
10073  38    6.2
10074  38    6.3
10075  38    9.0
10076  38    6.2
10077  38    6.1
10078  37    3.8
10079  38    7.7
10080  38    6.7
10081  38   18.0
10082  38    3.4
10083  38   21.3
10084  38   28.3
10085  38   21.4
10086  38   22.8
10087  38   21.2
10088  36    9.2
10089  38    9.9
10090  38   11.6
10091  40   22.6
10092  38    8.2
10093  41   14.6
10094  29   16.7
10095  32   17.4
10096  41   29.1
10097  39    6.8
10098  41   20.6
10099  38    8.9
10100  38   11.6
10101  38   12.4
10102  38   10.7
10103  38   11.5
10104  38    8.9
10105  38    9.1
10106  38    7.3
10107  38   12.3
10108  38   12.4
10109  38   11.6
10110  39    9.6
10111  37    9.8
10112  38    5.7
10113  38   11.8
10114  39   10.0
10115  38   10.7
10116  37   10.5
10117  38   11.4
10118  38   10.2
10119  37    8.0
10120  38    6.6
10121  38    7.3
10122  38    7.9
10123  38    7.2
10124  38   12.3
10125  38    9.8
10126  38   11.1
10127  38   11.1
10128  38   10.4
10129  38   10.2
10130  38   10.5
10131  38    9.6
10132  38   11.6
10133  38   11.3
10134  38   12.8
10135  38   12.0
10136  38    7.7
10137  38    6.6
10138  37    7.1
10139  38   10.5
10140  38   12.2
10141  38   14.4
10142  38   14.2
10143  38   14.5
10144  38   12.7
10145  38   12.0
10146  38   10.6
10147  38   16.0
10148  38   12.4
10149  38   13.5
10150  38   12.7
10151  38   16.1
10152  38   11.9
10153  38   14.3
10154  38   14.2
10155  37   15.3
10156  37   14.5
10157  37   13.0
10158  37   12.6
10159  36   13.9
10160  37    5.8
10161  37   10.4
10162  37    6.7
10163  36   12.5
10164  38   13.9
10165  37   16.5
10166  37   13.5
10167  38   14.3
10168  38   18.3
10169  37   11.6
10170  38   13.2
10171  49   12.4
10172  50   11.7
10173  38   20.4
10174  38   13.8
10175  38   21.2
10176  38   20.7
10177  37   19.7
10178  37   11.7
10179  37   13.4
10180  38   10.7
10181  36   17.8
10182  37   12.2
10183  37   20.5
10184  37   11.0
10185  37   19.7
10186  37   16.3
10187  38   13.3
10188  38   18.0
10189  37   14.8
10190  37   18.5
10191  37   14.2
10192  37   11.3
10193  37   11.7
10194  37   12.4
10195  37   11.6
10196  37    8.5
10197  37   12.9
10198  37   12.2
10199  33   11.4
10200  37   12.6
10201  37   13.5
10202  37   14.7
10203  37   11.6
10204  37   11.1
10205  37   13.7
10206  37   16.1
10207  37    8.2
10208  37   13.4
10209  38   11.9
10210  39    8.2
10211  39   15.8
10212  38   14.5
10213  37   16.6
10214  38    9.6
10215  38   10.3
10216  38   12.8
10217  38   10.9
10218  39   11.4
10219  38   12.6
10220  38   10.7
10221  38   11.0
10222  38    9.1
10223  38   11.1
10224  38   10.6
10225  38    8.2
10226  39   13.7
10227  37    9.4
10228  38   15.2
10229  38   10.5
10230  38    9.4
10231  38   12.1
10232  38   18.4
10233  38   13.1
10234  38   12.9
10235  38   11.6
10236  38   17.1
10237  38   14.4
10238  38   18.8
10239  38   11.1
10240  38   13.4
10241  38   13.8
10242  39   14.6
10243  38   17.4
10244  39   14.0
10245  38   14.2
10246  38   16.6
10247  38   14.4
10248  38   14.9
10249  37   12.1
10250  38   13.1
10251  39    8.4
10252  38   14.5
10253  38   13.4
10254  38   13.7
10255  38   13.4
10256  38   12.4
10257  38   10.9
10258  38   10.1
10259  38    7.5
10260  38    8.9
10261  38   12.0
10262  38   13.1
10263  38   13.2
10264  38   15.4
10265  38   13.0
10266  39   13.0
10267  38   13.9
10268  39   13.6
10269  39   13.8
10270  39   22.2
10271  39   20.7
10272  38   10.7
10273  38   13.6
10274  38   12.4
10275  38   14.8
10276  36   14.3
10277  38   12.5
10278  38   14.0
10279  38   14.3
10280  38   12.3
10281  38   10.0
10282  36   15.8
10283  37   15.7
10284  38   15.7
10285  38   12.5
10286  38   11.8
10287  39   15.1
10288  39    8.9
10289  38   15.7
10290  38   17.3
10291  38   16.8
10292  38   14.9
10293  38   12.7
10294  38   15.0
10295  38   12.4
10296  38   14.3
10297  38   12.8
10298  39   11.7
10299  38   11.9
10300  38   13.6
10301  37   11.0
10302  38   12.5
10303  39   12.9
10304  38   13.0
10305  37   13.2
10306  37   11.8
10307  38   10.3
10308  38   10.4
10309  38   12.1
10310  38   14.7
10311  39   15.1
10312  39   14.8
10313  41    8.9
10314  37   12.2
10315  37   14.5
10316  37   10.5
10317  38   11.8
10318  38   13.4
10319  39   13.9
10320  37   10.3
10321  39   11.9
10322  38   11.7
10323  39   14.4
10324  38   13.6
10325  39   11.4
10326  39    9.4
10327  38   11.1
10328  39   12.9
10329  39   11.8
10330  38   11.5
10331  38   13.6
10332  21   25.7
10333  21   40.0
10334  21   27.8
10335  21   20.2
10336  21   20.0
10337  21   30.7
10338  21   21.6
10339  39   11.4
10340  38    8.1
10341  38    8.6
10342  38    9.9
10343  38    6.9
10344  38   10.4
10345  38   10.1
10346  38   10.7
10347  39   15.0
10348  38   13.1
10349  38   16.1
10350  39   15.4
10351  38   13.1
10352  38   14.7
10353  38   12.1
10354  38    8.3
10355  38   11.4
10356  38   12.7
10357  39   14.8
10358  37   12.7
10359  38   12.4
10360  38   14.1
10361  38    7.6
10362  39    8.3
10363  38   15.2
10364  38   15.1
10365  38   14.7
11001  38   12.3
11002  37   14.3
11003  38   14.9
11004  38   15.7
11005  38   14.8
11006  38   13.0
11007  38   12.6
11008  38   15.1
11009  38   13.1
11010  38   16.9
11011  37   14.4
11012  38   16.4
11013  38   15.8
11014  38   13.9
11015  38   16.1
11016  38   15.0
11017  38   14.8
11018  39    7.1
11019  38   14.3
11020  37   15.8
11021  38   15.4
11022  39   16.6
11023  38   14.9
11024  38   18.2
11025  38   15.9
11026  37   16.7
11027  38   14.7
11028  38   17.5
11029  37   14.5
11030  39   15.8
11031  38   16.0
11032  39   16.2
11033  38   13.1
11034  38   16.1
11035  38   14.7
11036  38   14.3
11037  38   13.3
11038  39   14.1
11039  37   11.2
11040  38   13.3
11041  39    6.5
11042  38   13.4
11043  38   14.2
11044  37   15.5
11045  38   15.5
11046  38   10.3
11047  38   15.9
11048  38   15.2
11049  38   18.4
11050  38   19.4
11051  37   17.3
11052  38   17.2
11053  38   14.5
11054  38   19.4
11055  38   20.4
11056  38   17.5
11057  38   16.7
11058  38   14.7
11059  38   15.8
11060  39   17.1
11061  38   19.3
11062  38   11.0
11063  38   18.0
11064  38   16.6
11065  38   17.1
11066  37   17.6
11067  38   16.8
11068  38   18.0
11069  38   10.6
11070  38   15.8
11071  38   16.5
11072  38   17.1
11073  38   15.7
11074  38   15.4
11075  40   15.4
11076  37   16.0
11077  38   18.4
11078  38   19.0
11079  38   19.2
11080  38   17.5
11081  38   19.5
11082  38   15.7
11083  38   14.6
11084  38   15.3
11085  38   13.9
11086  38   18.8
11087  38   14.2
11088  38   16.9
11089  38   18.2
11090  38   13.7
11091  38   16.4
11092  38   16.9
11093  38   16.4
11094  38   17.1
11095  38   13.1
11096  38   17.1
11097  38   12.1
11098  38   14.0
11099  38   14.9
11100  38   19.3
11101  38   15.5
11102  38   15.9
11103  39   11.0
11104  39   16.9
11105  38   17.3
11106  39   17.7
11107  38   15.8
11108  38   15.1
11109  38    8.6
11110  38   13.1
11111  38   13.8
11112  38   14.0
11113  38   15.3
11114  39   15.9
11115  38   15.5
11116  38   15.8
11117  38   16.8
11118  39   16.8
11119  37   17.8
11120  38   22.1
11121  38   15.6
11122  38   17.1
11123  38   17.1
11124  38   17.5
11125  38   13.9
11126  38   19.7
11127  38   18.0
11128  38   13.2
11129  39   14.0
11130  37   16.1
11131  38   12.3
11132  38   12.7
11133  38   16.4
11134  38   17.6
11135  38   22.4
11136  38   17.3
11137  39   15.1
11138  38   12.6
11139  38   12.9
11140  38   14.0
11141  38   15.1
11142  38   15.1
11143  38   19.4
11144  38   21.1
11145  38   20.6
11146  38   15.9
11147  38   18.9
11148  38   16.5
11149  38   17.4
11150  38   16.2
11151  38   13.8
11152  38   28.8
11153  38   21.2
11154  37   20.3
11155  38   17.1
11156  38   16.2
11157  37   14.4
11158  37   14.6
11159  38   14.6
11160  38   15.3
11161  39   15.5
11162  38   15.4
11163  38   16.6
11164  38   17.9
11165  38   15.8
11166  37   14.1
11167  38   11.6
11168  38   13.0
11169  38   15.1
11170  37   14.7
11171  37   13.9
11172  38   11.2
11173  38    7.4
11174  38   12.7
11175  38   12.1
11176  38   17.6
11177  38   19.0
11178  38   15.1
11179  38    8.2
11180  38   12.7
11181  38   13.6
11182  38   12.5
11183  38   12.4
11184  38   13.6
11185  38   14.4
11186  38   10.5
11187  38   11.4
11188  38   13.1
11189  37   13.7
11190  38   13.8
11191  38   14.2
11192  39   13.9
11193  38   11.2
11194  38   12.4
11195  37   13.4
11196  38   13.2
11197  37   16.4
11198  38   12.6
11199  38   15.3
11200  38   16.1
11201  39   16.4
11202  38   14.5
11203  38   15.5
11204  37   16.4
11205  39   16.4
11206  38   14.5
11207  39   14.2
11208  38   13.6
11209  38   10.7
11210  38   11.9
11211  39   15.0
11212  38   15.9
11213  38   13.8
11214  49   12.8
11215  50   12.3
11216  50   11.3
11217  38   14.3
11218  38   13.0
11219  38   13.2
11220  38   12.5
11221  37   13.2
11222  38   20.5
11223  38   15.3
11224  38   16.7
11225  38   13.2
11226  38   14.3
11227  38   11.7
11228  38   15.4
11229  38   14.7
11230  38   11.1
11231  38   12.5
11232  38   13.6
11233  41   16.8
11234  21   19.5
11235  20   16.9
11236  21   25.2
11237  21   21.1
11238  21   21.2
11239  21   27.5
11240  38   13.8
11241  39   11.0
11242  38   13.4
11243  38   10.9
11244  38   10.6
11245  38   16.2
11246  38   13.2
11247  38   12.3
11248  39    6.9
11249  38   16.7
11250  39   13.0
11251  38   23.2
11252  38   16.8
11253  38   14.8
11254  21   22.7
11255  21   24.0
11256  21   28.8
11257  21   23.9
11258  38    7.5
11259  38   14.9
11260  38    9.9
11261  38   13.2
11262  39   13.6
11263  39   14.2
11264  38   13.4
11265  38    9.1
11266  37   13.9
11267  38   12.9
11268  38   14.2
11269  38   15.9
11270  39   11.8
11271  38    9.6
11272  38   11.1
11273  38   16.9
11274  38   12.7
11275  38   11.8
11276  38   16.3
11277  39   11.6
11278  39   14.4
11279  39   11.6
11280  39   12.0
11281  39   13.3
11282  39   14.2
11283  38   10.1
11284  38   10.9
11285  38   14.5
11286  38   17.7
11287  39   14.0
11288  39   16.3
11289  38   23.6
11290  38   20.0
11291  38   24.2
11292  38    7.8
11293  39   13.6
11294  38   20.0
11295  38   17.0
11296  39   16.0
11297  39   14.8
11298  39   15.8
11299  39   15.4
11300  38   16.2
11301  38   12.2
11302  38   16.9
11303  39   17.4
11304  38   16.5
11305  38   18.2
11306  37    8.2
11307  38   11.9
11308  38   11.8
11309  39   16.6
11310  38   15.8
11311  39   12.3
11312  38   15.4
11313  39   16.0
11314  39   16.0
11315  38   15.1
11316  39   16.5
11317  38   14.1
11318  38   17.0
11319  37   18.9
11320  39   15.4
11321  39   15.5
11322  38   23.9
11323  38   17.2
11324  39   19.4
11325  39   20.1
11326  39   20.0
11327  39   21.7
11328  23   22.1
11329  23   24.2
11330  23   29.9
11331  24   24.9
11332  24   26.3
11333  24   25.8
11334  24   24.6
11335  23   23.4
11336  23   28.2
11337  39   17.0
11338  39   14.6
11339  39   15.2
11340  39   15.8
11341  37   15.9
11342  37   12.6
11343  39   15.7
11344  39   16.8
11345  38   16.2
11346  39   13.8
11347  40   14.3
11348  40    8.0
11349  40   11.9
11350  40   14.0
11351  40   13.4
11352  40   15.5
11353  40   18.4
11354  39   16.6
11355  39   14.2
11356  40   19.5
11357  39   20.1
11358  39   15.6
11359  40   15.5
11360  39   17.4
11361  40   16.4
11362  41   19.2
11363  40   13.3
11364  39   14.1
11365  38   19.4
12001  35   17.4
12002  40   15.7
12003  40   15.5
12004  40   15.3
12005  40   14.9
12006  40   13.9
12007  39   15.3
12008  40   13.1
12009  40   17.9
12010  39   17.0
12011  39   10.3
12012  39   16.9
12013  39   16.7
12014  37   19.4
12015  38   18.6
12016  39   15.1
12017  38   18.6
12018  39   19.9
12019  39   15.5
12020  39   14.5
12021  39   18.4
12022  39   18.1
12023  39   16.6
12024  39   17.6
12025  39   11.1
12026  38    9.5
12027  40   12.8
12028  39   11.9
12029  38   16.3
12030  39   18.1
12031  39   20.1
12032  40   21.3
12033  38   20.0
12034  39   21.3
12035  39   18.8
12036  38   21.9
12037  38   20.2
12038  38   20.5
12039  38   20.0
12040  38   18.6
12041  39   19.0
12042  38   20.2
12043  38   13.7
12044  37   19.5
12045  37   19.7
12046  37   17.1
12047  37   20.1
12048  37   18.4
12049  38   21.2
12050  37   17.9
12051  38   18.4
12052  38   18.1
12053  38   20.3
12054  37    9.7
12055  38   19.7
12056  36   16.0
12057  37   17.4
12058  38   21.0
12059  38   19.6
12060  39   17.3
12061  40   15.6
12062  40   18.0
12063  40   19.9
12064  40   20.1
12065  38   22.1
12066  39   17.8
12067  38   18.6
12068  38   21.2
12069  39   18.2
12070  38   17.3
12071  38   16.2
12072  37   18.1
12073  37   17.4
12074  37   12.2
12075  36   24.1
12076  37   21.6
12077  36   16.5
12078  37   18.1
12079  37   23.0
12080  38   17.2
12081  38   22.9
12082  38   16.2
12083  38   14.8
12084  38   13.1
12085  37   16.8
12086  38   15.3
12087  38   12.1
12088  38   16.5
12089  38    7.0
12090  38   17.4
12091  38   19.2
12092  38   21.2
12093  38   20.1
12094  39   16.1
12095  40   18.0
12096  39   17.1
12097  40   18.0
12098  39   17.1
12099  39   20.9
12100  38   18.8
12101  39   19.8
12102  39   19.2
12103  38   17.3
12104  39   16.9
12105  39   21.3
12106  35   19.0
12107  38   16.7
12108  37   14.0
12109  37   20.9
12110  21   30.7
12111  37   20.7
12112  37   15.5
12113  38   18.4
12114  38   12.8
12115  38   17.5
12116  38   15.9
12117  37   12.0
12118  35   21.5
12119  37   16.4
12120  38   17.4
12121  39   15.9
12122  39   16.5
12123  39   16.1
12124  39   12.7
12125  38   18.2
12126  38   19.8
12127  38   20.7
12128  38   19.9
12129  37   18.6
12130  37   20.8
12131  37   15.2
12132  37   16.8
12133  38   16.2
12134  38   16.7
12135  38   16.1
12136  38   19.0
12137  38   18.8
12138  38   20.1
12139  38   16.0
12140  38   20.8
12141  39   18.0
12142  38   16.2
12143  38   12.3
12144  36   13.3
12145  36   16.7
12146  35   15.1
12147  36   14.1
12148  36   22.4
12149  36   16.6
12150  35   13.0
12151  36   13.7
12152  36   11.4
12153  37   16.0
12154  37   15.9
12155  37   14.6
12156  37   11.2
12157  37   14.1
12158  37   13.4
12159  34   16.4
12160  35   14.0
12161  36   12.0
12162  37   19.7
12163  36   17.2
12164  35   20.1
12165  37   13.3
12166  37   14.7
12167  35   13.4
12168  36   12.6
12169  35   18.6
12170  36   14.6
12171  35   15.7
12172  35   15.1
12173  35   14.2
12174  36   14.7
12175  34   17.7
12176  35   17.6
12177  35   14.7
12178  37   15.4
12179  35   15.2
12180  35   11.3
12181  37   10.9
12182  36   11.1
12183  35    7.7
12184  35    8.9
12185  36   14.0
12186  35   11.5
12187  35   12.2
12188  37   13.7
12189  36   12.6
12190  35   12.0
12191  35   16.6
12192  35   13.2
12193  36   14.6
12194  36   14.0
12195  36   15.2
12196  37   10.1
12197  38   15.0
12198  37   17.3
12199  37   14.6
12200  37    9.0
12201  38    6.4
12202  37   13.3
12203  37   13.5
12204  38   14.3
12205  38   17.0
12206  37   17.5
12207  37    9.4
12208  38   10.7
12209  38   14.6
12210  37   14.9
12211  27   19.4
12212  27   20.9
12213  27   18.0
12214  26   20.8
12215  27   11.1
12216  28   14.4
12217  30   13.0
12218  37   11.0
12219  37   11.2
12220  37   13.9
12221  37   15.3
12222  37   15.4
12223  37   15.0
12224  37   18.2
12225  37   19.3
12226  36   15.4
12227  37   16.4
12228  37   14.7
12229  37   12.4
12230  37   16.2
12231  37   14.4
12232  37   15.6
12233  37   14.5
12234  38   11.4
12235  38    6.9
12236  38   11.0
12237  38   12.5
12238  37   12.3
12239  38   15.3
12240  37   14.9
12241  38   11.3
12242  38   16.8
12243  38   12.9
12244  38   14.1
12245  38   16.2
12246  38   16.4
12247  38   13.4
12248  38   14.1
12249  38   12.7
12250  52   13.8
12251  52    5.5
12252  55   16.0
12253  24   21.3
12254  42    9.6
12255  52   10.9
12256  52   11.8
12257  52   14.4
12258  52   10.8
12259  52   11.7
12260  52   15.4
12261  52   13.6
12262  51   10.3
12263  52   11.4
12264  52   12.6
12265  52   12.8
12266  52   10.9
12267  52   12.1
12268  52    9.6
12269  52   14.0
12270  52    8.0
12271  52    9.0
12272  52    9.6
12273  53    9.2
12274  53    9.2
12275  56   12.6
12276  53   14.0
12277  53    8.3
12278  53   10.1
12279  53   10.6
12280  52    7.4
12281  53    8.2
12282  52    7.1
12283  53   12.3
12284  53   12.2
12285  53   11.8
12286  52    9.0
12287  53   13.5
12288  53   13.5
12289  53   13.6
12290  53   11.4
12291  53   11.5
12292  53    8.3
12293  53   10.6
12294  52   13.3
12295  53   13.4
12296  53   11.6
12297  53   12.3
12298  53   15.4
12299  53   12.0
12300  52   14.9
12301  52   16.6
12302  51   16.5
12303  52   14.4
12304  52   14.5
12305  52   14.2
12306  52   14.0
12307  52   13.9
12308  53   12.2
12309  53   10.4
12310  53   13.1
12311  53   11.0
12312  53   14.3
12313  53   11.4
12314  53   13.9
12315  53   13.5
12316  53   13.3
12317  53   12.9
12318  53    9.9
12319  53   13.0
12320  53   15.1
12321  53   13.6
12322  53   15.9
12323  53   14.6
12324  53   15.0
12325  53   12.5
12326  53   15.2
12327  53    9.5
12328  52   12.4
12329  52   13.1
12330  52   11.8
12331  53   12.4
12332  53   12.9
12333  53   14.3
12334  53    7.6
12335  53   11.5
12336  53   15.6
12337  53   14.5
12338  53   11.8
12339  53   14.0
12340  53   13.2
12341  53   11.5
12342  53   16.7
12343  53   14.6
12344  52   12.7
12345  51   13.8
12346  51   15.9
12347  51   11.9
12348  51   10.6
12349  52   13.0
12350  52   11.2
12351  52   12.8
12352  52   10.9
12353  52   12.6
12354  53   12.6
12355  52   14.2
12356  51   14.0
12357  51   12.8
12358  51   10.3
12359  51   13.8
12360  51   13.3
12361  51    9.9
12362  51   12.5
12363  51   12.1
12364  51   12.3
12365  51   13.0
12366  51   12.2
13001  52   14.6
13002  52   12.6
13003  53   12.2
13004  53   13.9
13005  53   12.3
13006  53   14.2
13007  53   12.9
13008  53   15.6
13009  53   14.2
13010  53   13.2
13011  53   14.2
13012  53   15.4
13013  53   16.9
13014  53   15.7
13015  53   14.9
13016  53   17.3
13017  53   11.5
13018  53   12.6
13019  53   15.2
13020  53   14.2
13021  53   12.6
13022  53   12.7
13023  53   14.1
13024  53   14.0
13025  52   16.0
13026  52   16.6
13027  52   12.2
13028  52   10.0
13029  52   13.2
13030  52   12.7
13031  52   12.9
13032  52   14.9
13033  52   12.8
13034  52   14.5
13035  52   15.2
13036  52   12.6
13037  51   15.5
13038  52   15.9
13039  52   17.1
13040  53   15.2
13041  53   14.7
13042  53   13.1
13043  53   15.3
13044  53   15.5
13045  53   16.1
13046  53   13.2
13047  53   14.7
13048  53   13.4
13049  53   14.8
13050  53   13.7
13051  53   13.3
13052  55    8.4
13053  53    7.5
13054  53   14.5
13055  53   14.6
13056  53   14.3
13057  53   14.0
13058  53   14.2
13059  52    7.8
13060  53   11.6
13061  52   13.6
13062  52   12.8
13063  53   15.9
13064  53   15.3
13065  53   13.3
13066  53   10.9
13067  53   14.4
13068  53   13.4
13069  53   11.7
13070  53   12.4
13071  53   15.3
13072  53   10.5
13073  53   12.0
13074  52   15.7
13075  52   15.8
13076  52   16.3
13077  53    8.7
13078  53   11.2
13079  53   11.7
13080  53    7.5
13081  53   14.3
13082  53   14.7
13083  53   13.2
13084  53   12.6
13085  53   13.6
13086  53   15.6
13087  53   12.3
13088  53   12.7
13089  53   14.8
13090  53   12.9
13091  53   15.0
13092  53   12.4
13093  53   14.6
13094  52   15.4
13095  52   14.7
13096  52   14.3
13097  52   14.3
13098  52   14.9
13099  52    9.8
13100  52    7.1
13101  52    6.5
13102  52   11.5
13103  52   12.5
13104  52   14.2
13105  53   12.0
13106  53   10.8
13107  53   11.9
13108  53   11.8
13109  53   12.2
13110  52   13.1
13111  53   13.0
13112  53    9.2
13113  53    8.0
13114  53    9.8
13115  53    7.0
13116  53   11.4
13117  53    8.6
13118  53    8.7
13119  53   13.1
13120  53    8.4
13121  53   11.4
13122  52    8.2
13123  53    8.6
13124  53   10.0
13125  53    8.3
13126  53    8.8
13127  53   12.8
13128  53   10.7
13129  53    9.4
13130  53    8.9
13131  53    7.5
13132  53   10.8
13133  53    8.3
13134  53    8.0
13135  53    9.7
13136  53    6.5
13137  53    9.9
13138  53    9.7
13139  53    8.3
13140  53   12.9
13141  53    9.2
13142  53   13.0
13143  53   12.3
13144  53   13.4
13145  53   12.5
13146  53   14.4
13147  53   11.7
13148  53   13.6
13149  52   11.5
13150  52   13.1
13151  52   12.5
13152  52   11.7
13153  52   13.5
13154  52   10.4
13155  50    7.5
13156  52    9.9
13157  52   11.8
13158  52    9.8
13159  52    8.8
13160  52   10.3
13161  52   10.6
13162  52   10.1
13163  52    8.1
13164  51    4.4
13165  52    8.7
13166  52    6.7
13167  52    9.2
13168  52    8.2
13169  52    7.3
13170  52    7.1
13171  52    8.7
13172  52   10.3
13173  52    6.5
13174  52    8.9
13175  52    6.5
13176  52   11.7
13177  52   11.5
13178  53   13.5
13179  53   12.8
13180  52   12.8
13181  52   10.1
13182  52   10.6
13183  51    8.6
13184  52   10.0
13185  51    9.5
13186  52   10.6
13187  52   11.6
13188  52   10.4
13189  52   11.2
13190  52   11.7
13191  51    9.8
13192  52   10.8
13193  52   12.4
13194  52   11.9
13195  52   11.0
13196  52   10.5
13197  52    9.5
13198  52   10.3
13199  52    8.9
13200  52   10.6
13201  52   11.6
13202  52   11.4
13203  52    9.6
13204  52   10.6
13205  52    9.6
13206  51    8.3
13207  51    7.9
13208  51    8.1
13209  51    8.0
13210  51    8.0
13211  52    7.6
13212  52    8.9
13213  52   11.6
13214  52    8.9
13215  52    7.4
13216  52    7.0
13217  52    7.3
13218  52    5.7
13219  52   11.3
13220  52   10.5
13221  52   11.1
13222  52    7.3
13223  52    8.5
13224  52   10.1
13225  51    9.4
13226  52   11.2
13227  51    8.1
13228  52   10.7
13229  52    9.9
13230  52    9.2
13231  52    8.2
13232  51   12.8
13233  52   12.8
13234  52   11.2
13235  52   10.3
13236  52    9.8
13237  52   10.5
13238  52   10.7
13239  52    9.9
13240  52    8.8
13241  52   11.7
13242  52   11.6
13243  52   10.3
13244  52   11.1
13245  52   10.9
13246  52   10.8
13247  51   13.6
13248  52   12.1
13249  52   11.0
13250  52   10.3
13251  52    9.0
13252  52   10.0
13253  52    9.9
13254  52   11.3
13255  52   10.1
13256  52   11.2
13257  52   11.7
13258  52    9.6
13259  53    8.5
13260  53   11.4
13261  53    7.0
13262  53    6.7
13263  53   11.8
13264  53   12.5
13265  53   12.0
13266  53   11.1
13267  54   11.6
13268  53   10.7
13269  52   10.5
13270  52    9.9
13271  53   11.5
13272  53   11.0
13273  53   12.9
13274  53   10.9
13275  53   16.8
13276  53   12.0
13277  53    8.3
13278  53    9.8
13279  52   11.8
13280  53    9.6
13281  52   10.4
13282  52   10.8
13283  53    8.3
13284  53   12.1
13285  22   28.1
13286  22   21.7
13287  53   12.1
13288  53    9.6
13289  53   10.7
13290  53   10.6
13291  52   10.8
13292  52    9.3
13293  53   11.7
13294  52   11.3
13295  53    9.8
13296  52    9.6
13297  52   11.1
13298  52   10.2
13299  52   10.5
13300  53    8.4
13301  52    8.7
13302  52   10.3
13303  53   11.8
13304  53   12.3
13305  53   12.9
13306  53   10.8
13307  53   10.1
13308  53   12.7
13309  52   11.0
13310  52   11.8
13311  55   12.1
13312  53   12.3
13313  53   11.6
13314  53   13.7
13315  53   12.7
13316  53   12.4
13317  53    8.2
13318  53   11.5
13319  53   11.8
13320  53   11.3
13321  53   13.0
13322  52   11.7
13323  53   12.0
13324  53   14.0
13325  53   14.6
13326  52   12.4
13327  53   12.9
13328  53   12.3
13329  52   12.7
13330  53   13.9
13331  53   12.5
13332  53   12.9
13333  53   13.9
13334  53   12.9
13335  53   10.9
13336  53   14.1
13337  53   12.2
13338  53   11.2
13339  53   12.3
13340  53   12.1
13341  53   14.6
13342  53   13.0
13343  53   11.7
13344  53   12.4
13345  53   12.8
13346  53    7.8
13347  53   14.4
13348  53   13.6
13349  53   12.5
13350  53   14.1
13351  53   12.1
13352  53   12.1
13353  53   13.9
13354  53   12.6
13355  52   12.1
13356  52   12.0
13357  52   13.9
13358  52   12.3
13359  51   11.4
13360  52   12.4
13361  51   12.4
13362  52   12.3
13363  52   11.8
13364  52   11.3
13365  52   12.1
14001  52   13.8
14002  52   11.8
14003  52   10.4
14004  52   12.2
14005  52   12.3
14006  52   11.9
14007  52   10.3
14008  51   11.4
14009  52   13.2
14010  52   10.2
14011  53   11.1
14012  53   14.4
14013  53   12.8
14014  52   11.2
14015  53    9.2
14016  53    7.3
14017  52    8.7
14018  53   12.5
14019  49   14.1
14020  53   11.6
14021  53   11.7
14022  53   12.5
14023  53   14.0
14024  52   12.9
14025  53   14.7
14026  53   12.8
14027  53   11.1
14028  53   13.1
14029  53   14.5
14030  53   13.0
14031  53   12.1
14032  53   12.6
14033  52   12.7
14034  51   12.3
14035  52   14.4
14036  52   13.2
14037  52   14.5
14038  52   15.8
14039  52   13.8
14040  52   11.8
14041  52   12.6
14042  52   12.2
14043  52   13.7
14044  52   10.5
14045  52   13.0
14046  52   10.5
14047  52   11.4
14048  52   11.2
14049  52   12.0
14050  52   11.8
14051  52   16.2
14052  52   12.1
14053  52   14.3
14054  52   13.5
14055  51   11.2
14056  52   12.0
14057  52    9.3
14058  52   12.6
14059  52   11.5
14060  52   13.0
14061  52   14.3
14062  52   12.2
14063  52   13.1
14064  52   11.2
14065  52   12.6
14066  52   12.9
14067  52   12.7
14068  52   12.1
14069  52   12.9
14070  52   10.7
14071  52   12.2
14072  52    9.1
14073  52   13.8
14074  52    9.5
14075  52   10.6
14076  52   13.1
14077  52    8.9
14078  52   13.3
14079  52   10.6
14080  52   12.8
14081  52   12.9
14082  52   12.5
14083  52   11.4
14084  52   12.4
14085  51   10.5
14086  52   12.7
14087  52   11.4
14088  52   11.3
14089  53   11.8
14090  53   11.6
14091  53    9.7
14092  52   10.3
14093  52   11.6
14094  53   12.5
14095  53   14.5
14096  53   16.4
14097  53   15.8
14098  53   10.7
14099  53   14.9
14100  53   12.8
14101  53   15.8
14102  53   18.4
14103  53   17.1
14104  53   15.6
14105  53   16.7
14106  53   17.1
14107  53   16.1
14108  53   14.9
14109  53   15.2
14110  53   15.1
14111  53   16.8
14112  53   16.1
14113  53   11.4
14114  53    9.2
14115  52   12.2
14116  53   13.0
14117  53   15.3
14118  53   11.0
14119  53   13.5
14120  52   15.1
14121  52   12.1
14122  53   16.3
14123  53   16.6
14124  53   17.1
14125  53   17.2
14126  56   22.8
14127  52   10.7
14128  55   20.0
14129  53   12.8
14130  53   12.8
14131  53   14.5
14132  53   13.4
14133  52   13.3
14134  53   12.6
14135  53   14.4
14136  53   15.7
14137  53   15.8
14138  53   15.7
14139  53   12.3
14140  53   13.2
14141  52   13.6
14142  53   12.0
14143  53   12.6
14144  53   13.1
14145  53   13.0
14146  53   12.2
14147  53   13.8
14148  53   14.5
14149  53   15.0
14150  53   19.0
14151  53   15.4
14152  53   12.6
14153  53   12.2
14154  52   11.8
14155  53   12.1
14156  53   12.5
14157  53   12.9
14158  53   13.8
14159  53   12.0
14160  53   11.6
14161  53    8.8
14162  53    7.9
14163  53    9.9
14164  53    9.0
14165  53   11.1
14166  53    9.4
14167  53   10.7
14168  53    9.0
14169  50    9.4
14170  52   11.6
14171  52   10.6
14172  53   14.0
14173  53   13.2
14174  53   11.7
14175  53   11.5
14176  53    9.8
14177  53   13.4
14178  53   13.5
14179  54    9.9
14180  53   10.1
14181  53   13.8
14182  53   13.2
14183  53   10.4
14184  53   12.5
14185  53   11.7
14186  53   12.3
14187  53    8.2
14188  53    8.6
14189  53   12.9
14190  53   10.2
14191  52   12.8
14192  53    9.6
14193  53    9.0
14194  53   10.8
14195  53   10.3
14196  52   11.8
14197  52   14.1
14198  52   10.2
14199  52   11.6
14200  51   14.2
14201  51   12.5
14202  52   10.3
14203  52    8.3
14204  51    9.7
14205  53   10.0
14206  53    9.3
14207  53   11.1
14208  53    8.7
14209  53    8.6
14210  53   10.3
14211  52   11.3
14212  52   10.6
14213  52   10.7
14214  53    9.4
14215  53   11.0
14216  53   10.0
14217  54   10.5
14218  53   13.8
14219  53   14.1
14220  53   13.8
14221  53   14.0
14222  53   13.6
14223  53   10.9
14224  53   12.8
14225  53   13.1
14226  53   12.6
14227  53   16.2
14228  53   14.1
14229  53   14.9
14230  53   12.2
14231  52   10.6
14232  51   12.6
14233  52   14.8
14234  52   12.7
14235  52   11.0
14236  52   13.1
14237  52   12.2
14238  52   10.6
14239  52   10.1
14240  51   11.8
14241  52   11.0
14242  52    9.4
14243  53   10.6
14244  53   11.2
14245  53   12.1
14246  53   10.9
14247  52   11.8
14248  53   11.5
14249  53   12.4
14250  52   11.2
14251  52   12.7
14252  53   14.2
14253  53   13.3
14254  53   12.7
14255  53   16.6
14256  53   14.7
14257  53   17.0
14258  53   16.5
14259  53   15.7
14260  53   12.3
14261  53    9.8
14262  52   11.5
14263  53   11.7
14264  53   13.1
14265  53   11.0
14266  53   12.7
14267  53   12.0
14268  53   12.5
14269  53   15.1
14270  51   12.0
14271  53   15.2
14272  53   13.6
14273  53   11.7
14274  53   10.1
14275  53   12.8
14276  52   12.3
14277  53   15.2
14278  53   14.9
14279  53   14.9
14280  53   14.1
14281  53   11.5
14282  53   11.6
14283  53   14.3
14284  53   17.3
14285  52   15.6
14286  53   14.8
14287  53   14.0
14288  52   14.1
14289  53    9.9
14290  53   16.1
14291  52   14.8
14292  53   14.0
14293  52    9.8
14294  51   10.2
14295  51   11.0
14296  52   12.8
14297  52   12.8
14298  52   12.8
14299  52   13.6
14300  52   14.6
14301  52   13.8
14302  52   12.3
14303  51   13.1
14304  53   15.3
14305  53   13.9
14306  53   15.5
14307  53   12.4
14308  52   14.1
14309  53   12.1
14310  51   13.3
14311  53   11.3
14312  53   12.5
14313  53   12.0
14314  53   15.6
14315  52   15.3
14316  53   15.7
14317  53   13.0
14318  53   14.7
14319  53   12.8
14320  53   15.5
14321  53   15.4
14322  53   16.0
14323  53   15.8
14324  53   12.6
14325  53   13.7
14326  53   13.6
14327  53   15.9
14328  53   14.0
14329  53   11.0
14330  53   15.4
14331  53   16.7
14332  53   12.7
14333  53   15.2
14334  53   17.8
14335  52   15.3
14336  53   15.5
14337  53   13.4
14338  53   14.8
14339  53   15.2
14340  53   16.1
14341  53   15.8
14342  53   14.8
14343  53   15.3
14344  53   11.0
14345  53    8.7
14346  53   11.8
14347  53   12.3
14348  53   11.4
14349  52    9.4
14350  53   12.3
14351  53   12.2
14352  53   10.0
14353  53   12.6
14354  53   13.2
14355  53   11.0
14356  53    8.7
14357  53   10.9
14358  53   13.3
14359  53    8.9
14360  53   14.8
14361  53   13.3
14362  52   14.6
14363  53   12.7
14364  53   11.2
14365  53   15.5
15001  53   14.9
15002  53   13.3
15003  52   11.4
15004  52   11.9
15005  52   12.6
15006  52   12.9
15007  53   14.6
15008  53   12.3
15009  53   12.0
15010  53   11.2
15011  53   12.5
15012  53   14.1
15013  53   14.7
15014  53   12.4
15015  53   11.6
15016  53   13.6
15017  53   13.0
15018  53   13.1
15019  53   11.6
15020  53   14.3
15021  53   13.2
15022  53   12.1
15023  53   13.0
15024  53   13.9
15025  53   14.3
15026  53   12.8
15027  53   12.3
15028  53   12.7
15029  53   13.1
15030  53   11.2
15031  53   13.3
15032  53   14.1
15033  53   12.4
15034  53   17.6
15035  53   17.9
15036  53   17.9
15037  51   16.6
15038  52   16.6
15039  53   15.7
15040  53   15.9
15041  52   14.6
15042  52   19.1
15043  53   17.1
15044  52   18.2
15045  53   15.9
15046  53   14.9
15047  52   16.9
15048  52   14.3
15049  52   16.4
15050  52   19.2
15051  52   15.5
15052  52   15.4
15053  51   15.1
15054  51   13.7
15055  51   14.2
15056  51   14.9
15057  51   15.6
15058  52   14.0
15059  51   13.5
15060  52   12.6
15061  51   10.6
15062  51   13.0
15063  53   12.0
15064  53    9.2
15065  55   13.3
15066  52   13.5
15067  57   16.7
15068  52   14.3
15069  53   11.7
15070  53   13.4
15071  52   13.8
15072  53   15.4
15073  53   14.3
15074  53   14.9
15075  53   14.0
15076  53   15.5
15077  52   14.1
15078  53   12.8
15079  53   13.2
15080  53   12.9
15081  53   14.3
15082  53   12.6
15083  53   14.4
15084  53   14.1
15085  53   13.0
15086  53   12.0
15087  53   14.4
15088  53   12.2
15089  53   14.1
15090  53   12.0
15091  53   13.2
15092  52   13.4
15093  52   17.5
15094  52   14.7
15095  52   14.6
15096  52   16.1
15097  52   17.3
15098  52   16.4
15099  52   17.0
15100  52   13.4
15101  52   16.5
15102  52   13.9
15103  52   11.9
15104  52   10.3
15105  52   11.5
15106  52   10.9
15107  52   11.5
15108  52   14.1
15109  52   14.1
15110  52   11.0
15111  52   11.3
15112  52    9.9
15113  52   11.9
15114  52   12.2
15115  52   13.6
15116  52   10.9
15117  52    9.2
15118  52    7.7
15119  52   11.2
15120  52    8.7
15121  52   11.9
15122  52    9.8
15123  52   12.1
15124  52   10.6
15125  52   11.4
15126  52   10.2
15127  52    9.7
15128  52   12.9
15129  52   10.2
15130  52   11.0
15131  52    8.4
15132  52    8.3
15133  52    8.0
15134  52    6.7
15135  52   10.4
15136  52    9.6
15137  52   10.9
15138  52    9.1
15139  52    9.6
15140  52    6.9
15141  52    9.2
15142  52   11.0
15143  52   11.3
15144  52   10.3
15145  52   11.8
15146  52   11.6
15147  52   12.2
15148  52   10.4
15149  52    9.2
15150  52    7.6
15151  52   11.8
15152  52    8.8
15153  52    9.5
15154  52    9.2
15155  52   10.0
15156  52   10.6
15157  52    9.3
15158  52    9.2
15159  52   10.7
15160  51   11.2
15161  51   12.6
15162  50   10.9
15163  50    9.8
15164  50    9.8
15165  50    9.3
15166  50   13.2
15167  50   10.8
15168  50   10.9
15169  50    6.6
15170  50   10.7
15171  50   13.8
15172  50   12.4
15173  50   11.5
15174  50   10.9
15175  50   15.0
15176  50   12.4
15177  51   15.3
15178  51   14.0
15179  51   13.2
15180  51   12.7
15181  51   13.9
15182  52   15.0
15183  51   10.3
15184  52   12.6
15185  52   11.5
15186  52    9.9
15187  52   11.3
15188  52    9.6
15189  52   10.9
15190  51   11.2
15191  51   13.0
15192  51   11.6
15193  51   11.8
15194  51   11.6
15195  50   10.7
15196  51   11.4
15197  51    7.1
15198  51    8.7
15199  50   10.8
15200  52   10.6
15201  51   10.6
15202  52   11.9
15203  52    9.2
15204  52    9.2
15205  52    8.5
15206  52    7.9
15207  52   14.6
15208  52   12.6
15209  52   12.2
15210  51   13.8
15211  52   13.6
15212  52   16.4
15213  52   13.9
15214  52   15.3
15215  52   14.5
15216  52   11.5
15217  52   10.9
15218  52   11.0
15219  52   10.6
15220  52    8.9
15221  52   10.3
15222  52    9.4
15223  52    9.8
15224  21   22.2
15225  51   10.7
15226  51   11.5
15227  50   12.6
15228  50   14.4
15229  50   11.5
15230  51   13.0
15231  51   12.3
15232  52   10.3
15233  51    9.8
15234  51   12.1
15235  51   10.5
15236  51   10.6
15237  51   12.1
15238  51   14.3
15239  51   15.0
15240  51   14.9
15241  51   15.3
15242  50   12.6
15243  50   12.8
15244  51   14.2
15245  51   13.4
15246  51   14.8
15247  51   13.8
15248  51   15.2
15249  51   16.3
15250  51   16.4
15251  51   15.4
15252  51   14.8
15253  51   15.4
15254  50   14.6
15255  51   13.8
15256  51   15.2
15257  51   10.6
15258  50   13.9
15259  50   14.1
15260  51   12.1
15261  51   15.4
15262  50   12.6
15263  50   14.0
15264  51   13.5
15265  51   11.1
15266  51   14.6
15267  51   13.8
15268  51   10.4
15269  51   11.9
15270  51    8.3
15271  51   12.3
15272  51   10.7
15273  51   10.0
15274  51   11.2
15275  51    8.4
15276  50   13.2
15277  52   11.6
15278  51    9.4
15279  51   10.1
15280  52    9.7
15281  52   12.1
15282  51   11.2
15283  51   12.5
15284  51   10.5
15285  51   12.0
15286  51   10.4
15287  51    9.3
15288  51   11.2
15289  51   12.4
15290  52   10.9
15291  52   11.9
15292  51   12.1
15293  51   13.3
15294  52   11.5
15295  51    5.8
15296  50   13.5
15297  51   12.2
15298  51   11.6
15299  51   13.5
15300  51   11.7
15301  51   13.0
15302  51   14.3
15303  51   12.0
15304  51   14.8
15305  51   14.2
15306  51   13.3
15307  52   12.3
15308  52   13.0
15309  51   13.5
15310  52   12.9
15311  51   11.9
15312  51   12.7
15313  51    7.8
15314  51    8.7
15315  51    9.3
15316  51   12.5
15317  52   11.6
15318  52   10.0
15319  51   11.1
15320  52    9.3
15321  52    9.5
15322  53    9.8
15323  51    7.4
15324  52   13.8
15325  52   11.7
15326  52   11.1
15327  52   12.9
15328  52   13.0
15329  52   12.2
15330  52   12.4
15331  52   13.4
15332  52   12.5
15333  52   13.1
15334  52    9.7
15335  52   11.7
15336  52   12.1
15337  52   12.8
15338  51   10.8
15339  51   12.7
15340  51   13.3
15341  52   11.1
15342  52    9.7
15343  51   11.0
15344  51   12.0
15345  50   11.6
15346  51   11.6
15347  51   11.8
15348  47    9.4
15349  48    8.0
15350  49   11.7
15351  51   10.4
15352  51   11.0
15353  51   11.7
15354  51   13.7
15355  51   10.6
15356  50   11.4
15357  51   10.5
15358  51   10.8
15359  51   12.2
15360  51   12.4
15361  51   12.5
15362  51   12.5
15363  51   12.8
15364  51   12.7
15365  51   13.5
16001  52   13.0
16002  51   11.2
16003  51   14.4
16004  51   13.8
16005  51    9.3
16006  51   12.7
16007  51   11.9
16008  50    8.2
16009  51   10.6
16010  51   12.2
16011  51    5.5
16012  51    7.3
16013  51    7.7
16014  51   11.7
16015  51   11.0
16016  51   14.9
16017  51   12.1
16018  50   13.8
16019  51   13.2
16020  50   13.7
16021  51   10.7
16022  51   13.6
16023  51   12.6
16024  52   12.8
16025  52   12.2
16026  52   10.8
16027  52   11.0
16028  52   11.4
16029  52   12.2
16030  52   12.5
16031  52   13.2
16032  49   12.1
16033  49   12.2
16034  48   13.0
16035  49   14.8
16036  48   14.7
16037  49   13.9
16038  49   14.6
16039  49   13.1
16040  49   12.2
16041  49   12.7
16042  49   14.8
16043  49   12.1
16044  48   14.5
16045  49   14.5
16046  49   14.4
16047  49   14.6
16048  48   13.1
16049  48   11.2
16050  48   14.2
16051  48   13.2
16052  48   13.2
16053  47   11.5
16054  48    9.6
16055  48   11.2
16056  48   15.3
16057  48   15.6
16058  48   14.9
16059  48   13.7
16060  48   12.7
16061  47   12.8
16062  48   11.5
16063  49   13.5
16064  49   13.8
16065  49   13.2
16066  49   11.0
16067  49   12.6
16068  49   13.8
16069  49   15.4
16070  49   11.2
16071  49   14.8
16072  49   15.6
16073  49   14.7
16074  49   14.7
16075  49    9.4
16076  49   11.2
16077  49   11.6
16078  49   12.0
16079  49   13.8
16080  49   13.2
16081  49   12.9
16082  49   13.9
16083  49   12.5
16084  49   14.9
16085  49   12.6
16086  49   15.5
16087  49   13.5
16088  49   11.8
16089  49   11.2
16090  49   10.8
16091  49   11.4
16092  49   12.9
16093  49   10.3
16094  49   11.6
16095  49   13.5
16096  49   13.6
16097  49   10.6
16098  49   10.0
16099  49   11.8
16100  49    9.0
16101  48   11.1
16102  49   10.6
16103  49   11.1
16104  49   10.7
16105  49   11.7
16106  49   10.9
16107  49   12.3
16108  48   11.0
16109  49   13.4
16110  49   13.4
16111  49   14.9
16112  49    9.4
16113  49    7.3
16114  48   14.1
16115  49   14.5
16116  49   10.7
16117  49   10.9
16118  49   12.4
16119  49   11.9
16120  49   12.7
16121  49   12.9
16122  49   11.4
16123  48   11.8
16124  48   11.2
16125  49    9.6
16126  49   10.7
16127  49   12.7
16128  49   11.6
16129  49   10.4
16130  49    9.8
16131  48    9.9
16132  48    9.0
16133  48   10.0
16134  48    9.3
16135  48   11.5
16136  48   12.6
16137  48   11.8
16138  48   11.5
16139  48   13.2
16140  48   12.5
16141  48   14.2
16142  48   12.6
16143  47    9.8
16144  48   11.5
16145  48   14.3
16146  48   10.2
16147  48   10.9
16148  48   11.5
16149  48    9.6
16150  47    6.4
16151  48   10.5
16152  48   10.5
16153  47   10.3
16154  47   13.3
16155  48   13.4
16156  48    9.8
16157  48    9.1
16158  48    7.7
16159  48    9.2
16160  48   11.1
16161  48   11.1
16162  47    7.4
16163  48   10.9
16164  38    5.4
16165  38    3.7
16166  37    3.5
16167  38    4.5
16168  38    4.6
16169  38    3.6
16170  38    4.2
16171  38    5.2
16172  38    4.9
16173  38    4.3
16174  38    2.2
16175  39    4.5
16176  38    2.6
16177  38    2.6
16178  38    3.4
16179  38    3.4
16180  38    4.6
16181  38    3.2
16182  38    3.6
16183  38    4.2
16184  38    3.5
16185  38    3.4
16186  38    4.7
16187  38    3.7
16188  38    3.7
16189  38    3.4
16190  36    3.6
16191  38    3.4
16192  38    4.1
16193  38    2.4
16194  38    3.0
16195  38    3.1
16196  38    2.7
16197  38    3.4
16198  38    4.0
16199  38    3.7
16200  38    2.0
16201  38    3.7
16202  37    3.7
16203  38    1.3
16204  37    2.0
16205  38    2.9
16206  38    3.0
16207  38    2.6
16208  31    0.3
16209  38    2.4
16210  38    3.4
16211  31    0.4
16212  38    2.1
16213  38    2.9
16214  38    3.8
16215  38    4.5
16216  38    3.1
16217  38    2.8
16218  38    3.5
16219  38    3.6
16220  38    3.6
16221  39    3.0
16222  38    3.4
16223  38    4.0
16224  38    3.5
16225  38    2.9
16226  38    4.5
16227  38    3.2
16228  38    3.4
16229  37    2.5
16230  38    3.4
16231  38    3.2
16232  38    4.1
16233  38    3.7
16234  38    4.2
16235  38    4.6
16236  38    4.1
16237  38    4.7
16238  38    4.6
16239  38    5.5
16240  38    4.4
16241  38    3.5
16242  38    2.5
16243  38    4.4
16244  38    4.3
16245  38    3.6
16246  36    1.6
16247  38    3.8
16248  38    3.4
16249  38    3.7
16250  38    4.8
16251  38    5.3
16252  38    5.3
16253  38    4.6
16254  38    4.9
16255  38    4.8
16256  38    5.3
16257  38    4.4
16258  38    4.5
16259  30    0.7
16260  38    3.1
16261  38    4.4
16262  38    4.7
16263  38    4.6
16264  38    4.8
16265  38    5.7
16266  23    1.7
16267  38    5.1
16268  38    4.9
16269  38    4.7
16270  38    4.6
16271  38    4.8
16272  38    4.2
16273  38    4.3
16274  38    4.5
16275  38    4.0
16276  38    4.8
16277  38    4.2
16278  38    4.8
16279  38    5.4
16280  38    6.8
16281  38    4.3
16282  38    5.5
16283  37    6.7
16284  38    6.0
16285  38    5.4
16286  38    5.1
16287  38    3.5
16288  38    4.4
16289  38    4.7
16290  38    6.2
16291  38    5.6
16292  38    5.6
16293  38    3.9
16294  38    2.6
16295  37    4.4
16296  38    5.3
16297  38    5.6
16298  38    2.9
16299  38    5.1
16300  38    4.7
16301  38    2.4
16302  38    3.8
16303  38    4.8
16304  10   18.4
16305  10   16.6
