04001  49   43.6
04002  47   32.0
04003  38   49.1
04004  33   26.4
04005  47   47.4
04006  49   45.0
04007  48   42.6
04008  48   44.6
04009  53   42.9
04010  52   41.3
04011  50   16.9
04012  54   42.4
04013  55   35.4
04014  54   26.1
04015  53   31.5
04016  53   30.3
04017  50   37.3
04018  48   23.0
04019  52   47.7
04020  54   32.7
04021  52   43.6
04022  51   43.0
04023  45   45.4
04024  50   45.9
04025  49   30.8
04026  51   39.7
04027  57   34.3
04028  55   43.6
04029  51   42.7
04030  49   45.2
04031  53   40.9
04032  48   17.0
04033  52   39.4
04034  50   30.5
04035  51   34.4
04036  55   36.3
04037  57   33.5
04038  57   39.2
04039  52   18.7
04040  55   39.9
04041  51   42.4
04042  55   42.5
04043  51   40.3
04044  49   25.0
04045  53   40.6
04046  45   26.3
04047  55   45.8
04048  50   44.7
04049  52   42.8
04050  52   45.4
04051  55   48.3
04052  51   35.7
04053  50   24.5
04054  50   45.7
04055  53   41.6
04056  53   46.1
04057  49   44.9
04058  49   40.3
04059  48   45.9
04060  48   25.5
04061  47   40.1
04062  44   52.4
04063  50   27.0
04064  52   52.7
04065  56   36.0
04066  51   42.4
04067  51   21.4
04068  51   39.2
04069  48   46.4
04070  48   50.1
04071  55   42.6
04072  51   40.4
04073  46   38.7
04074  48   20.1
04075  54   32.0
04076  52   39.4
04077  53   31.9
04078  53   28.3
04079  54   41.3
04080  55   37.3
04081  53   19.8
04082  56   35.8
04083  57   36.6
04084  49   34.6
04085  47   43.8
04086  53   49.2
04087  45   48.0
04088  47   27.4
04089  52   31.4
04090  53   34.3
04091  53   31.9
04092  50   29.7
04093  51   38.5
04094  48   24.3
04095  49   13.2
04096  54   24.0
04097  52   25.2
04098  53   34.1
04099  53   28.3
04100  52   33.3
04101  51   27.1
04102  48   24.0
04103  48   42.9
04104  47   30.4
04105  43   45.7
04106  50   32.2
04107  49   23.4
04108  47   35.3
04109  52   21.3
04110  54   37.3
04111  51   21.1
04112  52   35.0
04113  48   41.6
04114  54   34.2
04115  53   42.9
04116  49   24.1
04117  51   32.9
04118  49   35.9
04119  50   19.8
04120  54   35.9
04121  54   21.5
04122  53   22.6
04123  52   14.9
04124  49   31.7
04125  57   24.7
04126  56   28.5
04127  53   39.7
04128  50   21.2
04129  53   20.1
04130  45   23.1
04131  52   31.3
04132  50   34.2
04133  56   39.6
04134  54   31.6
04135  55   27.7
04136  53   32.0
04137  53   16.7
04138  54   37.9
04139  55   26.7
04140  56   23.3
04141  54   39.7
04142  54   40.7
04143  53   30.9
04144  51   26.4
04145  54   44.3
04146  53   38.1
04147  53   31.2
04148  49   24.0
04149  51   21.2
04150  47   24.5
04151  49   21.2
04152  52   25.0
04153  54   29.3
04154  53   12.9
04155  51   17.1
04156  51   33.9
04157  54   32.0
04158  50   25.6
04159  50   51.2
04160  55   32.7
04161  54   17.7
04162  55   20.7
04163  54   13.1
04164  56   15.1
04165  51   19.8
04166  54   21.5
04167  55   25.6
04168  57   19.2
04169  59   18.1
04170  59   13.1
04171  53   16.5
04172  54   17.2
04173  56   21.9
04174  53   32.6
04175  54   12.2
04176  59   16.7
04177  35   11.9
04178  34   16.2
04179  35    8.7
04180  35    8.2
04181  36   16.2
04182  35   16.3
04183  35    8.3
04184  35    4.9
04185  33    8.5
04186  36   11.5
04187  34    8.4
04188  35   10.8
04189  36   10.8
04190  36    8.1
04191  36    8.6
04192  34   13.2
04193  35   14.3
04194  33   13.1
04195  35   12.6
04196  36   18.2
04197  34   19.5
04198  36   14.8
04199  35    8.1
04200  36   11.5
04201  33   12.0
04202  35    7.3
04203  36   12.8
04204  36   15.2
04205  36    7.5
04206  35    8.5
04207  33    7.2
04208  35    8.3
04209  35    9.6
04210  36    7.5
04211  35   10.3
04212  36   12.1
04213  35   10.2
04214  35    7.7
04215  36   12.2
04216  36   12.9
04217  36   12.0
04218  35    8.7
04219  35    9.1
04220  17   24.4
04221  17   20.6
04222  35   15.4
04223  35   10.4
04224  36    9.6
04225  35    9.8
04226  36    8.5
04227  35    8.9
04228  35    8.5
04229  35   11.6
04230  35    9.6
04231  34    8.8
04232  35    8.7
04233  34    8.0
04234  34   14.8
04235  35   16.9
04236  35    9.4
04237  35   10.7
04238  36    7.2
04239  36   11.8
04240  35    9.5
04241  35   12.8
04242  31   14.2
04243  36   14.6
04244  33   14.0
04245  35   13.3
04246  36   12.2
04247  36   12.6
04248  32    8.3
04249  32   14.0
04250  36   14.6
04251  34   12.6
04252  36   16.9
04253  36   12.9
04254  35   15.0
04255  35    6.7
04256  36    8.0
04257  35   13.0
04258  35    9.6
04259  35   14.3
04260  36   14.4
04261  34   17.4
04262  34   17.3
04263  36   10.6
04264  35   12.1
04265  36   10.9
04266  36   15.4
04267  36   10.2
04268  34   14.5
04269  35   12.6
04270  36   14.3
04271  36   10.3
04272  35   13.3
04273  36   11.4
04274  35    7.8
04275  34   11.4
04276  33   14.2
04277  33   14.5
04278  33    6.5
04279  35    9.1
04280  35    9.6
04281  36   15.2
04282  35   13.9
04283  36   13.7
04284  35   13.0
04285  36   13.2
04286  34   20.2
04287  36   18.0
04288  35   16.2
04289  33   11.5
04290  36   14.0
04291  35   10.8
04292  35   11.1
04293  35    9.4
04294  32   11.2
04295  35   10.6
04296  35   15.5
04297  36   14.1
04298  34   20.3
04299  32   17.1
04300  34   13.6
04301  36   11.0
04302  35   12.3
04303  35   24.3
04304  34   15.7
04305  34   14.3
04306  33   21.5
04307  35   17.4
04308  36   27.3
04309  35   19.1
04310  36   12.1
04311  36   11.9
04312  34   16.6
04313  35   18.7
04314  36   17.2
04315  35   14.5
04316  34   21.1
04317  34   13.1
04318  35   12.7
04319  35   15.6
04320  35   17.5
04321  34   11.6
04322  36   13.2
04323  35   23.0
04324  35    9.6
04325  35    8.7
04326  34   37.1
04327  35   27.5
04328  34   23.0
04329  34   18.4
04330  35   17.3
04331  34   20.0
04332  35   18.0
04333  35   18.6
04334  32   15.9
04335  34   15.2
04336  36   17.9
04337  34   15.2
04338  33   15.2
04339  33   12.2
04340  35   12.2
04341  35   18.3
04342  34   16.7
04343  35    9.7
04344  35   18.3
04345  31   10.8
04346  32   12.4
04347  32   12.2
04348  33   14.3
04349  32   15.5
04350  35   20.4
04351  36   19.0
04352  36   15.8
04353  36   20.4
04354  35   14.2
04355  36   16.7
04356  34   21.4
04357  34   17.9
04358  32   15.2
04359  35   10.5
04360  36   16.0
04361  35   14.3
04362  35   16.1
04363  35   16.0
04364  35   20.3
04365  34   16.6
04366  32   10.5
05001  33   12.4
05002  35   19.4
05003  33   22.3
05004  36   17.5
05005  35    9.5
05006  34    9.3
05007  33   14.2
05008  32    7.5
05009  34   11.9
05010  35   14.1
05011  34   13.4
05012  33   18.9
05013  34   12.1
05014  35   15.1
05015  34   16.0
05016  32   13.3
05017  33   20.0
05018  36   16.9
05019  36   13.5
05020  35   15.9
05021  36   10.4
05022  34   16.9
05023  35   15.9
05024  34   17.9
05025  35   13.2
05026  35    8.9
05027  36   13.8
05028  35   15.8
05029  36   15.0
05030  34   11.6
05031  32   17.4
05032  35   16.9
05033  33   17.4
05034  35   21.4
05035  33   12.4
05036  36   15.1
05037  35   17.0
05038  36   15.3
05039  34   15.1
05040  35   12.0
05041  35   14.8
05042  36   14.0
05043  35   16.3
05044  34    9.5
05045  35   14.9
05046  36   13.0
05047  36   17.2
05048  35   20.6
05049  34   21.1
05050  35   23.4
05051  34   18.1
05052  34   20.3
05053  33   20.9
05054  29   24.8
05055  34   19.7
05056  34   16.0
05057  32   13.0
05058  32   18.5
05059  34   18.8
05060  32   17.6
05061  33   14.7
05062  32   12.8
05063  35   11.4
05064  34   11.3
05065  34   16.8
05066  36   17.1
05067  33   20.5
05068  35   24.6
05069  32   20.2
05070  35   14.4
05071  33   18.2
05072  33   15.4
05073  35   16.4
05074  36   15.6
05075  36   17.0
05076  35   12.5
05077  34   13.2
05078  35   11.1
05079  34   14.2
05080  36   14.2
05081  33   16.9
05082  34   11.8
05083  36   13.8
05084  36    9.8
05085  36   19.3
05086  34   13.7
05087  35   21.8
05088  34   29.7
05089  34   21.8
05090  34   24.4
05091  35   13.9
05092  32   17.2
05093  33   17.6
05094  34   12.5
05095  34   10.8
05096  34   11.6
05097  35   18.9
05098  32    9.9
05099  33   15.8
05100  34   13.6
05101  32    9.5
05102  34   15.3
05103  34   15.4
05104  16   23.4
05105  35   12.7
05106  34    8.2
05107  33    9.8
05108  34    8.2
05109  35   11.1
05110  34   11.2
05111  35   14.9
05112  35    9.6
05113  36   14.0
05114  36   16.1
05115  36   15.2
05116  36   13.5
05117  36   14.3
05118  36   10.6
05119  35   15.6
05120  36   14.8
05121  36   12.8
05122  36   11.5
05123  36    7.7
05124  35    5.7
05125  17   26.9
05126  36   12.8
05127  34   14.0
05128  31   17.6
05129  36   14.0
05130  31   12.3
05131  35   16.8
05132  34   22.6
05133  35   18.1
05134  36   20.7
05135  36   13.7
05136  36   12.9
05137  34   11.2
05138  31   13.0
05139  35   17.0
05140  37   17.7
05141  36   13.6
05142  36   14.9
05143  35   13.6
05144  35   13.6
05145  37   17.3
05146  35   14.6
05147  36   16.0
05148  36   13.7
05149  36    9.9
05150  36   10.1
05151  36   11.0
05152  35   13.8
05153  35   19.3
05154  35   17.1
05155  36    8.7
05156  36   18.6
05157  35   20.3
05158  35   12.6
05159  35    9.6
05160  35   13.3
05161  35   13.5
05162  35   16.9
05163  35   12.8
05164  34   13.1
05165  35    9.3
05166  35   12.6
05167  35    7.3
05168  35    9.4
05169  35   12.3
05170  34   15.8
05171  35   13.1
05172  35   11.4
05173  35   10.8
05174  35    9.1
05175  35   10.4
05176  34   11.1
05177  32   10.8
05178  35    9.9
05179  35    9.5
05180  35   11.1
05181  35   15.3
05182  35   11.4
05183  34   12.7
05184  35   20.8
05185  34   13.1
05186  35   17.3
05187  34   13.4
05188  35   15.2
05189  35   17.6
05190  35   15.7
05191  34   16.7
05192  35    9.4
05193  35    7.8
05194  35   11.8
05195  34    8.7
05196  35    8.3
05197  35    8.5
05198  33    7.2
05199  32    5.2
05200  35    9.1
05201  35   13.9
05202  35   10.5
05203  34   15.8
05204  34   13.1
05205  35   13.3
05206  35   11.9
05207  35    8.8
05208  35   14.2
05209  36    7.2
05210  36    4.7
05211  34    9.6
05212  35   11.3
05213  35   11.5
05214  36   11.8
05215  35   10.7
05216  37   12.6
05217  36    9.4
05218  37   11.0
05219  34   12.8
05220  37    8.9
05221  35   11.5
05222  38    7.6
05223  37    4.0
05224  37   12.2
05225  36   11.5
05226  36   10.6
05227  35   10.7
05228  36   14.6
05229  20   24.2
05230  35    7.8
05231  35   15.9
05232  34   10.0
05233  32    6.3
05234  36   10.5
05235  36    9.2
05236  37   10.6
05237  37    7.8
05238  37    9.3
05239  36    9.9
05240  36    8.1
05241  37    8.2
05242  37   10.5
05243  36   11.2
05244  37    9.2
05245  37    8.8
05246  36    7.9
05247  36   11.3
05248  32   14.1
05249  34   12.7
05250  35   14.1
05251  36   10.1
05252  36   11.2
05253  37    7.7
05254  35    7.4
05255  36    6.6
05256  37    9.6
05257  37    8.7
05258  37    8.3
05259  38   10.7
05260  37   13.7
05261  34   16.1
05262  37   11.7
05263  37   11.3
05264  37   12.4
05265  37   16.1
05266  34   10.8
05267  34   12.1
05268  35   11.2
05269  35   10.1
05270  35    7.3
05271  35    8.9
05272  36   12.5
05273  37   12.9
05274  38   10.9
05275  36   12.1
05276  37    9.8
05277  37    8.3
05278  38   12.7
05279  36   14.9
05280  36    9.3
05281  37   10.7
05282  37    7.8
05283  35   14.3
05284  35   16.8
05285  36   12.1
05286  37   10.8
05287  37    9.7
05288  36   10.5
05289  36   14.3
05290  36   13.3
05291  37   17.2
05292  37   12.1
05293  37    9.0
05294  36   11.3
05295  37   10.8
05296  36   17.0
05297  37   16.3
05298  37   11.7
05299  36   13.4
05300  35   13.7
05301  33   14.8
05302  34   19.4
05303  34   12.8
05304  35   13.4
05305  36    7.9
05306  36   12.3
05307  38    8.4
05308  36    9.5
05309  35   20.1
05310  35   13.9
05311  37   11.8
05312  34   19.3
05313  37   14.6
05314  34   20.8
05315  34   20.8
05316  37   14.3
05317  36   18.3
05318  37   14.7
05319  37   19.7
05320  36   11.2
05321  36   11.5
05322  37   15.9
05323  33   14.1
05324  33   16.5
05325  35   14.4
05326  37   10.8
05327  34    9.0
05328  35   11.5
05329  34   13.6
05330  35   15.9
05331  34    9.4
05332  37   10.2
05333  35   14.5
05334  37   13.1
05335  37   21.1
05336  37   17.1
05337  35   14.6
05338  35    8.6
05339  37   13.5
05340  36   14.8
05341  36   13.4
05342  36   12.6
05343  36   13.5
05344  36   13.6
05345  35   14.4
05346  33   18.1
05347  34    9.0
05348  37   12.4
05349  36   14.3
05350  36   11.8
05351  34   12.2
05352  34   11.2
05353  33    9.3
05354  35    6.9
05355  37    9.1
05356  37    9.1
05357  33   12.6
05358  34   14.6
05359  34   13.5
05360  34   15.0
05361  33   14.7
05362  32   13.1
05363  32   18.5
05364  34   15.2
05365  34   14.8
06001  36    9.7
06002  35   12.0
06003  36   12.7
06004  36   11.5
06005  36   10.8
06006  39   15.4
06007  22   22.2
06008  20   19.5
06009  37   15.7
06010  36   12.1
06011  36    8.1
06012  36    5.9
06013  34    7.1
06014  35    7.3
06015  36   14.8
06016  35   14.7
06017  36   11.0
06018  36   10.5
06019  36    8.7
06020  21   14.7
06021  37    7.7
06022  36   11.1
06023  37   19.8
06024  36   10.2
06025  36    5.3
06026  37    4.5
06027  37    6.4
06028  37    6.2
06029  34    5.4
06030  33    8.1
06031  34    5.9
06032  37    6.5
06033  37    9.7
06034  25    9.6
06035  35    6.0
06036  37   12.3
06037  37    8.8
06038  37    7.1
06039  36    7.5
06040  36    8.3
06041  36   11.2
06042  36   10.1
06043  36    9.2
06044  36    7.5
06045  35    7.5
06046  36    7.2
06047  37    7.4
06048  37    7.8
06049  36    5.6
06050  36    8.4
06051  35    8.1
06052  37    9.6
06053  37   12.5
06054  37   10.7
06055  36    6.8
06056  36   11.6
06057  37   10.1
06058  36    9.2
06059  34    9.5
06060  35    8.7
06061  35   11.7
06062  36    5.4
06063  35    6.5
06064  32    9.5
06065  32   11.2
06066  35    6.1
06067  37    6.7
06068  36    5.4
06069  35    7.2
06070  35   11.7
06071  35   17.1
06072  36   11.7
06073  37   13.0
06074  34    7.7
06075  36   12.0
06076  36   11.0
06077  36   14.3
06078  35    9.1
06079  37   12.7
06080  36   13.9
06081  35   11.3
06082  35    9.7
06083  36    9.6
06084  36   11.7
06085  36   15.4
06086  36   12.3
06087  33    8.2
06088  36    7.9
06089  36   10.9
06090  36    3.6
06091  36    7.1
06092  35    5.0
06093  35    4.8
06094  37    6.6
06095  36    8.2
06096  36    9.8
06097  36   10.3
06098  36    7.7
06099  34    7.8
06100  34    5.9
06101  36    9.7
06102  36    9.2
06103  35    5.8
06104  36    9.5
06105  36    7.2
06106  35    8.1
06107  35    6.4
06108  36    5.7
06109  36    9.0
06110  36    6.4
06111  36    7.4
06112  35    8.0
06113  35    4.5
06114  35    5.4
06115  35    7.5
06116  35   11.6
06117  35   11.5
06118  35   12.7
06119  34   10.7
06120  32    8.4
06121  31   14.0
06122  34   11.0
06123  35   12.0
06124  36    8.1
06125  35   11.2
06126  33    8.2
06127  33   11.7
06128  36    7.9
06129  36    8.1
06130  36    8.4
06131  35   10.3
06132  36    7.8
06133  35    6.0
06134  35    6.3
06135  36    5.7
06136  36    5.9
06137  36    7.9
06138  35   14.3
06139  36   12.6
06140  36   11.6
06141  36   14.4
06142  36   12.4
06143  36   11.7
06144  36   11.7
06145  36    9.5
06146  36   12.6
06147  36    8.5
06148  36   12.1
06149  36   11.9
06150  36   11.1
06151  36   14.1
06152  36    8.8
06153  36   12.2
06154  36    9.3
06155  36    9.4
06156  36   11.6
06157  35   11.2
06158  36    8.3
06159  36   13.4
06160  37   13.6
06161  35   13.4
06162  34   10.6
06163  36   10.4
06164  37   10.1
06165  36    7.2
06166  36    8.9
06167  36    7.7
06168  36    8.3
06169  36    6.2
06170  36    6.9
06171  36    9.5
06172  36    5.5
06173  35    6.7
06174  34   10.8
06175  36    9.3
06176  36    6.5
06177  36    6.5
06178  36    7.9
06179  37   10.6
06180  37    8.8
06181  36    6.5
06182  37    9.0
06183  36   12.5
06184  36   12.8
06185  36    6.7
06186  37    6.7
06187  37    5.9
06188  37   11.5
06189  36    6.8
06190  36    5.2
06191  38    6.5
06192  38    7.6
06193  37    4.8
06194  37    4.4
06195  38    6.9
06196  38    6.1
06197  37    8.7
06198  36    9.1
06199  35    7.0
06200  37    4.9
06201  37    4.9
06202  37    3.6
06203  37    4.2
06204  37    5.6
06205  36   10.0
06206  37    7.0
06207  37    5.8
06208  37    5.1
06209  36    7.1
06210  36    6.5
06211  35    6.3
06212  36    4.9
06213  36    7.7
06214  36    9.9
06215  36    9.2
06216  36    5.2
06217  36    8.3
06218  38    3.5
06219  36    7.3
06220  36    5.1
06221  36    6.6
06222  36    7.8
06223  36    6.8
06224  36    9.5
06225  36    6.6
06226  36    4.8
06227  36    9.2
06228  36    4.6
06229  35    6.6
06230  36    6.2
06231  36    4.2
06232  36    9.4
06233  36    8.9
06234  36    8.1
06235  35    7.3
06236  36    4.3
06237  36    8.2
06238  35    9.3
06239  34    7.2
06240  36    6.3
06241  36    7.8
06242  36    8.3
06243  36    7.9
06244  36   13.7
06245  35    8.0
06246  35   10.4
06247  36    7.8
06248  36    9.3
06249  35    7.7
06250  36    8.7
06251  35    9.6
06252  34   12.5
06253  34    6.4
06254  36    9.8
06255  36   12.0
06256  36   13.1
06257  34   12.8
06258  34    6.9
06259  31   10.4
06260  33    5.9
06261  32    6.0
06262  31    8.5
06263  32   10.6
06264  33    9.3
06265  33   10.1
06266  33    9.4
06267  33    9.3
06268  33   10.7
06269  33   10.6
06270  35   12.2
06271  34   10.9
06272  33    4.7
06273  32    4.6
06274  33   12.6
06275  34    7.9
06276  33    6.7
06277  34   13.1
06278  35   14.8
06279  33   15.4
06280  35    6.6
06281  35   14.5
06282  33    8.1
06283  34   12.2
06284  35   13.3
06285  34   13.1
06286  34   11.1
06287  34   10.4
06288  32   10.1
06289  34    8.1
06290  34    9.6
06291  34    9.9
06292  34   10.4
06293  34   13.1
06294  34   10.4
06295  33   15.2
06296  33    9.6
06297  34    8.7
06298  34   10.4
06299  33    9.5
06300  34   11.0
06301  34   12.0
06302  34   11.0
06303  34   12.4
06304  34    7.3
06305  34   11.5
06306  34   12.3
06307  34    9.5
06308  34   11.6
06309  33   10.0
06310  33    8.8
06311  33   15.5
06312  34   11.8
06313  35   12.5
06314  34   11.4
06315  34   10.1
06316  33   13.3
06317  36   12.4
06318  35    8.6
06319  36   11.2
06320  34   12.0
06321  35   13.1
06322  35   12.7
06323  34   14.4
06324  35    9.6
06325  34   12.8
06326  34   10.3
06327  36    9.3
06328  34   10.5
06329  33   10.6
06330  34   11.9
06331  35   12.9
06332  34    8.4
06333  36   12.7
06334  35   10.9
06335  35   11.1
06336  35   10.2
06337  35   10.3
06338  35   11.1
06339  35    6.6
06340  35   14.1
06341  35   10.3
06342  36    8.3
06343  36   17.6
06344  34   17.5
06345  35   11.2
06346  35    8.2
06347  35   14.1
06348  35    6.7
06349  36    6.6
06350  18   13.6
06351  17   13.7
06352  37    9.7
06353  33    7.5
06354  33    7.9
06355  34    7.2
06356  34    5.4
06357  34    5.7
06358  35    5.8
06359  34    5.6
06360  34    6.1
06361  35    4.7
06362  34    8.8
06363  34    8.3
06364  33   10.4
06365  34    7.0
07001  34    6.8
07002  34   13.4
07003  35    8.5
07004  35    9.1
07005  34    9.1
07006  34   10.2
07007  34    7.4
07008  35    7.2
07009  34    8.1
07010  35    6.0
07011  34   11.0
07012  34    5.3
07013  33    5.9
07014  33    5.3
07015  33    6.0
07016  32    4.4
07017  34    6.7
07018  34    5.5
07019  35    9.4
07020  34    5.4
07021  33    6.6
07022  33    8.4
07023  31    6.2
07024  31   14.0
07025  31   11.2
07026  30    8.5
07027  30    5.4
07028  30    6.9
07029  33    8.1
07030  34   10.8
07031  31    9.2
07032  34   14.5
07033  34    9.1
07034  35    7.4
07035  34    8.0
07036  34    6.5
07037  34    9.9
07038  34   10.8
07039  34    8.0
07040  34   11.7
07041  33   10.3
07042  34   10.7
07043  36    9.3
07044  34    7.0
07045  35    6.8
07046  34   10.0
07047  34    7.9
07048  33    5.1
07049  33    8.0
07050  35    9.4
07051  34    5.8
07052  33    6.9
07053  31    9.7
07054  35    6.8
07055  34    6.2
07056  33    8.1
07057  35    5.4
07058  36    6.7
07059  36    8.7
07060  35    8.6
07061  35    9.3
07062  35    5.9
07063  35   11.1
07064  35    6.8
07065  34   14.4
07066  36   12.6
07067  36   10.9
07068  36    8.2
07069  36    9.3
07070  35   14.8
07071  34   14.7
07072  35   10.8
07073  36   12.4
07074  36    6.7
07075  36    8.9
07076  36    7.3
07077  36    5.2
07078  36    5.6
07079  35    8.3
07080  35    5.8
07081  36    6.6
07082  35    5.3
07083  35   10.7
07084  36   11.7
07085  37    6.6
07086  37    7.1
07087  36    6.3
07088  34    5.5
07089  34    5.7
07090  35    9.6
07091  35    7.9
07092  37    5.7
07093  36    6.1
07094  35    6.1
07095  35    6.6
07096  36    7.0
07097  36   10.2
07098  34    6.8
07099  36    8.3
07100  36    9.5
07101  36   11.3
07102  36   10.3
07103  36    7.2
07104  36    9.5
07105  35    7.5
07106  35    8.5
07107  36    7.8
07108  35    7.0
07109  36   11.4
07110  35    9.5
07111  35   12.4
07112  36    9.9
07113  35   12.0
07114  35   12.1
07115  34    8.5
07116  37    8.0
07117  35    8.5
07118  35    7.9
07119  34   10.7
07120  33    4.6
07121  31    7.3
07122  32    4.0
07123  32    5.3
07124  32   10.3
07125  33    3.6
07126  32    6.0
07127  34    5.5
07128  32    2.9
07129  31    3.0
07130  33    4.4
07131  33    2.7
07132  33    6.3
07133  33    4.5
07134  33    5.4
07135  33    7.5
07136  34    7.0
07137  33    7.0
07138  35    8.2
07139  35    7.5
07140  34    5.8
07141  34    6.9
07142  34    4.7
07143  35    5.1
07144  35    7.6
07145  35    4.8
07146  35    5.4
07147  35    7.8
07148  35    8.2
07149  36    7.9
07150  35    9.8
07151  36    8.3
07152  35    9.3
07153  35    7.6
07154  36    8.3
07155  36    9.6
07156  36    8.5
07157  36    9.3
07158  35   11.2
07159  36    4.6
07160  36    5.5
07161  36    3.6
07162  36    4.6
07163  35    5.2
07164  35    4.6
07165  34    6.1
07166  34    3.4
07167  34    6.0
07168  34    5.4
07169  34    5.8
07170  35    5.2
07171  35    5.1
07172  37    3.0
07173  36    5.7
07174  34    6.7
07175  36    9.2
07176  36    5.9
07177  36    3.9
07178  37    7.2
07179  38   12.0
07180  37    9.7
07181  37    7.0
07182  36    9.1
07183  36    7.7
07184  36    7.1
07185  36    8.4
07186  36    7.6
07187  34    4.3
07188  36    5.8
07189  36    4.9
07190  37    7.4
07191  36    9.4
07192  36    9.0
07193  38    8.5
07194  38    9.1
07195  37    8.4
07196  37    6.4
07197  37    6.0
07198  38    7.1
07199  37    9.7
07200  37    7.2
07201  37    7.8
07202  20   11.8
07203  20   17.3
07204  38    8.4
07205  37    7.1
07206  37   10.5
07207  37    8.7
07208  37    9.7
07209  37    9.4
07210  36    7.8
07211  37    8.1
07212  36    8.7
07213  37   10.2
07214  37    5.0
07215  37    9.5
07216  37   11.1
07217  37   10.5
07218  37    8.3
07219  37    7.4
07220  38   10.7
07221  37    8.1
07222  37   10.6
07223  37    7.8
07224  37   10.0
07225  37    7.7
07226  37    6.8
07227  37    4.8
07228  37    4.1
07229  37    7.1
07230  36    7.6
07231  36    6.3
07232  37   10.6
07233  36    7.2
07234  37   10.8
07235  37    8.8
07236  37    9.8
07237  37   14.5
07238  37    9.6
07239  37   11.8
07240  37   11.7
07241  37    9.0
07242  37   14.1
07243  37   13.0
07244  36   10.8
07245  36   11.2
07246  38   12.1
07247  38    9.6
07248  38    9.8
07249  38    9.9
07250  38    9.0
07251  36    8.2
07252  36    8.6
07253  36    8.7
07254  38   18.4
07255  37   13.5
07256  37   12.0
07257  36    7.7
07258  37   10.0
07259  38    7.1
07260  37    5.8
07261  37    7.5
07262  37   10.1
07263  37   12.3
07264  37   10.1
07265  36    6.5
07266  35    7.3
07267  37    4.3
07268  36    8.3
07269  36    7.5
07270  37    8.0
07271  37   11.4
07272  37    9.6
07273  36   12.7
07274  37    7.8
07275  37    7.1
07276  35    6.0
07277  36    7.0
07278  36    5.6
07279  35    5.0
07280  35    5.5
07281  36    8.4
07282  37   10.2
07283  37    8.4
07284  37   11.4
07285  37   11.3
07286  36    9.4
07287  37   11.2
07288  37   14.2
07289  34    6.8
07290  37    5.6
07291  38    7.5
07292  38   11.7
07293  37   13.9
07294  35   11.8
07295  36   11.2
07296  36    9.9
07297  38   10.8
07298  38    9.4
07299  37    6.0
07300  37    8.2
07301  37   11.0
07302  37    5.2
07303  37   10.0
07304  37   16.9
07305  37    7.7
07306  37   11.7
07307  35   10.4
07308  32   10.0
07309  37   11.4
07310  38    7.9
07311  38    8.1
07312  37   10.3
07313  37    8.1
07314  37    8.4
07315  37    7.4
07316  37    5.6
07317  36    8.2
07318  37    9.0
07319  36    7.7
07320  36   10.8
07321  35    9.1
07322  36    9.2
07323  38    8.4
07324  36    7.8
07325  36   11.6
07326  37    7.8
07327  37    7.4
07328  37    9.3
07329  37    7.9
07330  37    7.9
07331  37   10.8
07332  38    9.2
07333  36    9.4
07334  38    6.2
07335  37   11.1
07336  37   10.1
07337  37    9.9
07338  38    7.3
07339  38    9.2
07340  37    8.1
07341  38    7.8
07342  37    6.2
07343  37    8.4
07344  37    7.9
07345  39   11.8
07346  38   10.2
07347  37   11.4
07348  37   13.8
07349  37   11.4
07350  36   12.1
07351  36   13.6
07352  37   11.0
07353  37    7.7
07354  37   11.5
07355  37   10.5
07356  37   10.5
07357  38    9.5
07358  36    9.1
07359  36   11.2
07360  37    9.0
07361  38   14.3
07362  37   10.9
07363  37   10.1
07364  37   12.5
07365  37   11.5
08001  36   14.6
08002  36    9.9
08003  37   13.1
08004  35   11.4
08005  38    9.0
08006  37   11.7
08007  37    7.3
08008  37   10.0
08009  37   10.8
08010  36    9.4
08011  37    8.3
08012  37    7.8
08013  36   10.4
08014  34    9.6
08015  36    9.2
08016  36    5.1
08017  35   11.4
08018  37    7.6
08019  36    7.3
08020  37    8.6
08021  37    5.2
08022  38    2.7
08023  37    6.7
08024  36    8.1
08025  36   13.1
08026  34   11.8
08027  38    9.3
08028  38   10.3
08029  38   16.6
08030  19   21.3
08031  19   18.7
08032  19   12.9
08033  19   17.0
08034  19   19.8
08035  19   11.7
08036  19   12.2
08037  19   12.4
08038  19   18.5
08039  19   20.1
08040  36    9.0
08041  37    8.3
08042  37    7.6
08043  36    8.6
08044  36   10.1
08045  37    8.1
08046  37    9.6
08047  36   10.9
08048  36   11.1
08049  37   10.1
08050  37    6.2
08051  35    5.3
08052  37    8.7
08053  37    6.8
08054  35    8.6
08055  35    6.6
08056  37    7.8
08057  39    8.6
08058  38    6.8
08059  36    7.3
08060  37   11.1
08061  39    6.8
08062  36    7.1
08063  38    9.5
08064  37    8.4
08065  37   11.0
08066  38   11.0
08067  36    7.9
08068  36   10.9
08069  37    8.0
08070  38    8.2
08071  37    7.7
08072  38    7.8
08073  37    5.0
08074  35    6.0
08075  35    4.3
08076  35    4.9
08077  36    6.0
08078  36    6.3
08079  36    8.7
08080  39    5.5
08081  38    5.1
08082  33    8.7
08083  36    7.5
08084  33    8.7
08085  37   10.5
08086  35    7.1
08087  35    7.0
08088  37    7.7
08089  34    7.7
08090  34    7.1
08091  34    6.0
08092  37    7.9
08093  38    4.6
08094  37    8.8
08095  36    7.4
08096  35    6.1
08097  36    7.4
08098  37    7.1
08099  36    6.2
08100  35    5.9
08101  37    6.3
08102  37    7.5
08103  37    6.6
08104  34    9.4
08105  36    7.2
08106  37    5.6
08107  35    6.5
08108  37    7.8
08109  37    7.5
08110  34   10.5
08111  32    7.3
08112  36    8.5
08113  38    7.0
08114  37    8.4
08115  37    5.5
08116  38    4.5
08117  36    6.5
08118  35    7.7
08119  36    7.8
08120  35    8.8
08121  38    4.4
08122  37    6.1
08123  36    7.5
08124  36    5.7
08125  36    6.2
08126  37    6.7
08127  37    6.6
08128  37    6.7
08129  36    5.8
08130  36    5.8
08131  35    5.9
08132  35    6.0
08133  36    6.2
08134  37    6.5
08135  39    7.6
08136  38    6.4
08137  37    7.6
08138  38    7.3
08139  37    8.5
08140  38    6.5
08141  38    6.7
08142  38    6.9
08143  36   11.6
08144  35    8.9
08145  37    8.0
08146  35    6.4
08147  37    6.9
08148  37    5.8
08149  37    4.2
08150  37    6.1
08151  37    5.4
08152  36    4.2
08153  36    6.3
08154  37    4.7
08155  37    6.2
08156  37    8.3
08157  37    6.5
08158  37    7.5
08159  36    7.8
08160  35    5.3
08161  37    7.1
08162  37    6.8
08163  38    5.4
08164  36    5.8
08165  35    5.9
08166  36    7.6
08167  36    9.4
08168  35    7.1
08169  37    7.3
08170  37    6.5
08171  37    4.7
08172  37    5.7
08173  37    5.2
08174  37    4.4
08175  37    3.2
08176  37    4.3
08177  37    4.1
08178  37    6.6
08179  39    4.1
08180  37    5.4
08181  37    3.5
08182  37    5.5
08183  37    5.8
08184  37    5.2
08185  38    5.9
08186  37    3.1
08187  38    5.5
08188  37    4.7
08189  38    6.3
08190  37    4.3
08191  34    6.9
08192  37    7.4
08193  37    4.1
08194  37    6.7
08195  36    6.0
08196  36    4.9
08197  37    4.8
08198  37    5.9
08199  37    4.8
08200  37    5.7
08201  37    6.2
08202  37    5.8
08203  37    4.7
08204  20    7.7
08205  20    8.1
08206  20   13.1
08207  20    9.3
08208  20    4.5
08209  37    6.4
08210  37    4.8
08211  37    5.1
08212  37    4.2
08213  38    6.2
08214  37    4.7
08215  37    5.8
08216  37    7.6
08217  38    5.7
08218  39    6.0
08219  37    7.5
08220  38    5.1
08221  39    5.3
08222  36    6.2
08223  37    5.5
08224  36    8.6
08225  36    3.8
08226  37    4.7
08227  37    8.3
08228  37    7.2
08229  37    7.4
08230  37    6.5
08231  37    7.2
08232  37    3.7
08233  37    6.8
08234  37    6.3
08235  37    6.4
08236  38    7.3
08237  35    5.9
08238  37    5.9
08239  37    8.8
08240  36    5.4
08241  36    6.2
08242  36   11.1
08243  35    5.8
08244  38    5.2
08245  37    4.8
08246  36    6.1
08247  37    5.8
08248  37   13.4
08249  35    4.0
08250  38    4.2
08251  36    6.0
08252  37    5.7
08253  35    5.9
08254  37    5.0
08255  37    4.5
08256  37    5.8
08257  35    8.6
08258  37    4.5
08259  35    6.6
08260  37    6.6
08261  35    6.7
08262  36    8.0
08263  33    6.4
08264  36    8.2
08265  37    6.1
08266  37    5.3
08267  34    7.7
08268  36    7.4
08269  31    5.3
08270  29    9.1
08271  33    7.4
08272  32    8.2
08273  35    5.9
08274  35    7.1
08275  36    7.0
08276  35    7.7
08277  35    5.8
08278  34    8.8
08279  35    8.0
08280  35    7.4
08281  35    8.0
08282  36    8.2
08283  36    8.3
08284  32    8.0
08285  35    8.0
08286  36    7.5
08287  37    5.5
08288  36    5.3
08289  36    5.2
08290  36    4.8
08291  36    6.1
08292  37    6.3
08293  36    6.7
08294  35    6.4
08295  37    7.8
08296  37    7.7
08297  37    7.9
08298  37    7.7
08299  37    5.1
08300  37    5.4
08301  37    8.6
08302  37    7.4
08303  37    9.3
08304  37    7.5
08305  35    6.4
08306  34    8.7
08307  35    8.2
08308  37    4.7
08309  37    5.5
08310  38    7.1
08311  38    7.3
08312  36    8.0
08313  37    7.1
08314  34   12.2
08315  36    7.9
08316  36    9.7
08317  36    7.2
08318  38    9.0
08319  38    5.9
08320  36    5.4
08321  37   11.9
08322  36   12.7
08323  37    8.6
08324  33    9.7
08325  37    8.5
08326  37    6.3
08327  37    6.2
08328  36    9.4
08329  36    8.4
08330  35    9.2
08331  36    8.8
08332  37    9.7
08333  38    8.0
08334  37    7.1
08335  35    7.3
08336  35    6.9
08337  36    9.3
08338  34   11.1
08339  37    8.4
08340  35    8.2
08341  36    9.0
08342  33   11.4
08343  33    9.8
08344  37    7.1
08345  37    9.2
08346  37    8.1
08347  34    6.8
08348  37    8.1
08349  34    9.0
08350  33   11.9
08351  33   11.5
08352  33   11.4
08353  37    8.5
08354  37    7.5
08355  37    7.1
08356  38    6.7
08357  33    7.5
08358  33    8.8
08359  35    9.0
08360  36   11.1
08361  35    9.8
08362  33    9.2
08363  35    7.3
08364  37    6.2
08365  38    6.6
08366  19   12.9
09001  20   16.2
09002  36    8.5
09003  33   10.4
09004  29   10.3
09005  32    9.5
09006  37    9.7
09007  37    7.0
09008  36    9.2
09009  36    9.4
09010  35    6.7
09011  33    8.4
09012  37    6.9
09013  37    7.0
09014  37    6.3
09015  36   10.3
09016  34    9.5
09017  34    8.7
09018  38    8.7
09019  38    8.2
09020  34    8.1
09021  38    6.4
09022  34    6.9
09023  37    7.6
09024  36    8.9
09025  36    6.9
09026  36    9.5
09027  37    8.5
09028  37    8.9
09029  37    7.8
09030  37    6.3
09031  34    9.0
09032  37   10.5
09033  37    9.1
09034  36    7.5
09035  37   10.4
09036  36    7.1
09037  36    8.1
09038  34    7.1
09039  35   10.1
09040  37    9.2
09041  37    7.9
09042  37    5.1
09043  37   11.1
09044  35    6.9
09045  31    7.6
09046  32    9.2
09047  38    8.7
09048  37    6.9
09049  34    8.2
09050  37    8.1
09051  37    5.6
09052  38    5.9
09053  37    5.3
09054  38    5.5
09055  37    6.8
09056  37    7.8
09057  38    8.6
09058  37    6.7
09059  37    6.4
09060  34    5.6
09061  36    7.5
09062  35    5.6
09063  35    9.6
09064  36    6.2
09065  34    7.7
09066  34    5.9
09067  36    6.6
09068  36    8.0
09069  34    6.4
09070  33    8.1
09071  36    6.5
09072  31    7.4
09073  33    9.7
09074  33    7.7
09075  31    6.7
09076  36    7.3
09077  34    5.7
09078  37    6.6
09079  32    8.1
09080  35    7.4
09081  35    4.5
09082  35    7.3
09083  36    6.1
09084  40    7.3
09085  34    6.3
09086  38    5.6
09087  36    7.5
09088  34   10.6
09089  37    3.3
09090  36    9.2
09091  37    4.9
09092  37    8.7
09093  37    6.9
09094  35    7.9
09095  33    7.2
09096  33    7.2
09097  37    6.8
09098  34    7.4
09099  35    6.7
09100  36    8.5
09101  37    8.2
09102  37    8.3
09103  37    5.7
09104  36    7.7
09105  36    3.8
09106  33    7.0
09107  36    8.0
09108  36    8.0
09109  34    8.1
09110  37    8.7
09111  37    6.6
09112  37    7.1
09113  39    4.7
09114  38    4.5
09115  37    8.7
09116  36    7.7
09117  36    6.2
09118  37    6.8
09119  36    7.7
09120  33    7.9
09121  36    6.9
09122  37    6.6
09123  36    7.1
09124  37    7.7
09125  35   10.0
09126  35   11.0
09127  37    7.3
09128  37    6.6
09129  37    6.9
09130  37    7.8
09131  37    5.6
09132  37    7.2
09133  37    7.6
09134  37    6.2
09135  37    7.3
09136  36    7.9
09137  37    6.9
09138  38    6.3
09139  37    4.4
09140  37    6.9
09141  37    5.9
09142  37    6.7
09143  36    6.6
09144  36    7.2
09145  37    6.6
09146  37    5.8
09147  37    5.3
09148  37    6.0
09149  37    6.0
09150  37    6.6
09151  37    6.0
09152  37    7.6
09153  37    6.4
09154  37    6.4
09155  37    7.8
09156  38    8.2
09157  38    4.1
09158  36    4.6
09159  36    6.5
09160  38    5.4
09161  37    6.6
09162  37    4.1
09163  37    7.8
09164  38    6.2
09165  37    5.3
09166  37    5.7
09167  37    7.0
09168  37    6.2
09169  38    6.1
09170  38    5.4
09171  37    8.5
09172  37    7.1
09173  37    7.8
09174  37    8.7
09175  38    6.3
09176  36    5.7
09177  37    6.8
09178  37    5.0
09179  37    5.5
09180  37    6.6
09181  37    5.1
09182  36    5.3
09183  36    5.8
09184  36    4.2
09185  35    5.1
09186  35    4.4
09187  37    3.0
09188  36    4.2
09189  36    6.1
09190  36    6.0
09191  36    4.7
09192  35    7.8
09193  35    7.7
09194  36    5.7
09195  36    4.8
09196  37    5.5
09197  37    6.1
09198  38    4.7
09199  38    4.6
09200  38    4.5
09201  37    5.1
09202  37    4.8
09203  37    5.9
09204  37    5.6
09205  37    5.5
09206  37    5.2
09207  36    8.5
09208  37    6.0
09209  37    6.5
09210  37    6.3
09211  37    3.2
09212  37    7.3
09213  37    8.0
09214  36    6.1
09215  36    6.0
09216  36    6.4
09217  37    7.5
09218  37    6.9
09219  37    6.2
09220  37    3.9
09221  37    5.0
09222  38    4.2
09223  37    6.3
09224  37    4.7
09225  36    4.5
09226  36    8.5
09227  37    6.7
09228  37    5.5
09229  37    2.6
09230  37    5.9
09231  37    5.0
09232  37    7.0
09233  37    7.3
09234  37    4.9
09235  37    6.1
09236  36    5.0
09237  37    5.6
09238  36    6.8
09239  37    6.3
09240  37    3.4
09241  36    6.7
09242  37    7.1
09243  36    5.6
09244  37    5.9
09245  39    5.1
09246  38    3.8
09247  38    5.1
09248  37    5.2
09249  34    9.1
09250  35    7.2
09251  37    6.8
09252  37    9.2
09253  37    4.9
09254  36    5.0
09255  36    7.0
09256  35    6.8
09257  34    8.4
09258  36    9.1
09259  33    8.0
09260  34    8.9
09261  37    7.0
09262  37    5.4
09263  37    7.0
09264  37    6.6
09265  36    7.6
09266  37    7.0
09267  37    6.0
09268  37    7.8
09269  37    6.3
09270  37    6.7
09271  37    7.9
09272  37    6.9
09273  27    8.0
09274  33    9.4
09275  37    7.9
09276  37    7.7
09277  36    7.1
09278  36    6.8
09279  36    6.9
09280  35    7.2
09281  38    4.9
09282  37    8.2
09283  37    5.3
09284  37    7.3
09285  37    7.7
09286  37    8.6
09287  38   10.0
09288  37    8.8
09289  36    7.6
09290  34    7.8
09291  33    9.2
09292  36   11.4
09293  37    7.7
09294  37   12.0
09295  37   11.1
09296  37    8.2
09297  37   10.2
09298  37    7.1
09299  37    6.5
09300  35   10.5
09301  35    7.1
09302  37    7.7
09303  37    8.5
09304  37    9.0
09305  37    7.1
09306  36    7.9
09307  36   10.0
09308  37    7.2
09309  35   10.4
09310  33   13.0
09311  36    9.7
09312  38    8.3
09313  38    6.8
09314  37    7.4
09315  33    8.4
09316  37    8.1
09317  37    6.2
09318  38    6.9
09319  38    7.8
09320  37    8.7
09321  38    7.4
09322  36    7.9
09323  37   12.6
09324  36   10.6
09325  38    8.4
09326  38    7.7
09327  38    7.1
09328  38    7.8
09329  38    7.2
09330  38    8.8
09331  37   10.4
09332  33   11.9
09333  34   10.0
09334  38    7.8
09335  37    7.8
09336  36   11.1
09337  38   12.1
09338  35   15.1
09339  37    8.9
09340  35    8.4
09341  38    7.9
09342  38    6.0
09343  38   10.4
09344  38    5.8
09345  37    7.3
09346  35    6.2
09347  36    5.5
09348  36    8.2
09349  36    9.3
09350  36   11.4
09351  35    8.8
09352  34    8.0
09353  29    8.7
09354  36    7.1
09355  37    7.5
09356  36    7.7
09357  35   12.2
09358  37    7.9
09359  36    8.0
09360  35   11.7
09361  36    5.9
09362  36    6.2
09363  33    7.9
09364  36    8.2
09365  35   10.3
10001  33    7.9
10002  35   12.2
10003  36    9.1
10004  35    7.3
10005  37    8.4
10006  35    9.7
10007  35   11.5
10008  36    9.7
10009  33   11.5
10010  38    6.8
10011  37    9.5
10012  36   11.2
10013  34    6.9
10014  34    5.6
10015  33    9.2
10016  37    4.2
10017  38    5.0
10018  38    4.7
10019  31   10.1
10020  36   11.0
10021  35    6.6
10022  36    8.0
10023  34    7.5
10024  35    5.9
10025  36   11.1
10026  38    7.4
10027  37    8.6
10028  34   11.5
10029  37    8.9
10030  38   10.7
10031  38    5.8
10032  37    7.2
10033  35    6.1
10034  38   14.5
10035  37   16.0
10036  37   10.5
10037  36   11.7
10038  37   10.5
10039  32   10.1
10040  36    8.6
10041  36    9.7
10042  32    6.1
10043  32   11.9
10044  38    7.4
10045  30    8.4
10046  38   12.7
10047  38   14.6
10048  36    8.3
10049  32    9.7
10050  38    6.4
10051  38    5.8
10052  38    4.1
10053  38    5.0
10054  38    6.9
10055  34    6.9
10056  33    5.0
10057  36   10.6
10058  36    8.1
10059  38    8.0
10060  31    9.2
10061  34    5.9
10062  38    8.3
10063  37    8.2
10064  35    7.4
10065  33    8.9
10066  36    6.8
10067  35    9.3
10068  31    7.2
10069  37    8.2
10070  35    5.5
10071  38    6.4
10072  37    6.4
10073  38    5.1
10074  38    5.9
10075  38    8.5
10076  36    6.7
10077  36    7.2
10078  37    6.9
10079  36    9.1
10080  37    8.6
10081  38    8.2
10082  38    5.7
10083  36   10.7
10084  34   10.6
10085  37    6.9
10086  36    6.8
10087  36    7.1
10088  36    6.2
10089  38    7.9
10090  38   10.6
10091  37    8.3
10092  31    5.5
10093  40    3.1
10094  29    3.8
10095  32    5.6
10096  41    8.4
10097  39    5.8
10098  41    7.9
10099  37    5.7
10100  35    9.9
10101  34    9.8
10102  35    7.3
10103  35   10.1
10104  38    7.0
10105  38    6.9
10106  38    6.8
10107  36   10.0
10108  38    8.1
10109  38    8.5
10110  38    7.8
10111  37    8.0
10112  38    7.8
10113  38    8.9
10114  35    9.0
10115  37   10.7
10116  36    7.5
10117  35    9.0
10118  38    7.9
10119  37    8.8
10120  38    7.5
10121  38    6.8
10122  36    7.5
10123  38    6.1
10124  37   10.2
10125  37    6.9
10126  37    8.6
10127  37    9.5
10128  37    6.9
10129  37    8.3
10130  36    9.5
10131  38    7.6
10132  35    8.2
10133  33    8.1
10134  34    9.8
10135  31   10.9
10136  33   10.5
10137  38   10.3
10138  37    4.5
10139  37    7.1
10140  36    7.7
10141  37    7.0
10142  38    7.0
10143  38    6.0
10144  38    6.2
10145  38    7.0
10146  38    5.2
10147  38    7.1
10148  38    9.1
10149  37    4.5
10150  38    9.4
10151  37    5.7
10152  38    7.5
10153  36    5.7
10154  38    5.8
10155  37    7.5
10156  37    7.7
10157  37    5.6
10158  37    6.3
10159  36    6.4
10160  37    3.5
10161  35    7.9
10162  37    4.5
10163  36    5.0
10164  38    8.1
10165  37   11.4
10166  36    6.6
10167  37    9.1
10168  38    6.9
10169  37    5.9
10170  38    8.2
10171  47    4.0
10172  50    6.5
10173  38    8.4
10174  36    6.9
10175  38    9.4
10176  38   10.4
10177  37    5.7
10178  37    8.5
10179  37    5.9
10180  38    5.5
10181  36    7.3
10182  37    5.4
10183  37    6.2
10184  37    7.0
10185  37    5.4
10186  37    4.2
10187  38    4.9
10188  36   10.7
10189  35    9.9
10190  37    7.2
10191  37    7.1
10192  37    7.0
10193  37    6.2
10194  37    8.2
10195  37    8.2
10196  37    6.2
10197  37    7.1
10198  37    7.2
10199  31    4.8
10200  37    9.3
10201  37    8.1
10202  37    5.2
10203  37    5.9
10204  37    5.4
10205  37    4.9
10206  37    6.9
10207  37    3.7
10208  36    7.2
10209  37    3.9
10210  39    3.4
10211  36    6.3
10212  38    4.3
10213  37    4.7
10214  38    3.4
10215  38    5.7
10216  38    3.0
10217  38    3.4
10218  39    5.2
10219  38    3.7
10220  38    3.0
10221  38    4.5
10222  38    4.4
10223  38    4.9
10224  38    4.2
10225  38    5.3
10226  39    6.4
10227  37    3.4
10228  36    7.9
10229  38    2.9
10230  38    5.0
10231  38    7.4
10232  38    6.0
10233  38    4.5
10234  38    6.0
10235  38    5.2
10236  38    5.3
10237  38    6.9
10238  38    6.2
10239  38    7.3
10240  36    6.7
10241  36    9.2
10242  37    5.3
10243  38    9.2
10244  35    6.0
10245  33    7.6
10246  36    8.4
10247  36    7.2
10248  37    9.7
10249  34    5.7
10250  37    6.4
10251  39    4.6
10252  38   10.0
10253  38    5.9
10254  35    6.2
10255  38    5.9
10256  37    4.8
10257  38    3.7
10258  38    4.3
10259  38    4.8
10260  38    2.8
10261  38    4.8
10262  38    4.0
10263  35    6.4
10264  38    6.9
10265  36    7.7
10266  37    6.6
10267  38    7.4
10268  36    6.0
10269  38    5.3
10270  39    6.4
10271  39    7.4
10272  35    9.1
10273  38    7.2
10274  37   10.6
10275  36    9.9
10276  35    5.1
10277  38    7.6
10278  38    4.9
10279  38    5.8
10280  38    4.9
10281  38    5.6
10282  33    7.0
10283  35    8.8
10284  35   11.3
10285  35   10.8
10286  33    8.2
10287  30    7.0
10288  39    7.6
10289  33   11.2
10290  33   11.4
10291  33   10.2
10292  35   10.2
10293  36    8.5
10294  37   10.9
10295  36    7.5
10296  38    7.6
10297  36    6.2
10298  37    4.8
10299  36    5.5
10300  34    8.7
10301  37    5.0
10302  38    8.3
10303  38    7.5
10304  36    3.7
10305  37    6.0
10306  33    6.1
10307  38    6.9
10308  38    6.3
10309  37    7.1
10310  37    8.1
10311  35    8.5
10312  35    7.2
10313  41    4.7
10314  33    8.4
10315  36    9.1
10316  36    5.4
10317  36    4.8
10318  37    7.4
10319  38    6.4
10320  36    5.8
10321  39    8.8
10322  38    8.1
10323  35    5.0
10324  36    6.1
10325  36    5.8
10326  37    4.9
10327  38    6.6
10328  37    8.1
10329  38    6.6
10330  36    5.8
10331  36    8.5
10332  20    8.4
10333  21    8.0
10334  21    8.2
10335  21    8.9
10336  21   12.2
10337  21   12.8
10338  21    6.7
10339  38    5.8
10340  36    5.0
10341  37    4.2
10342  38    5.8
10343  38    4.8
10344  38    3.7
10345  35    5.2
10346  36    4.8
10347  37   11.8
10348  33    5.4
10349  36   16.5
10350  38   11.4
10351  37    9.0
10352  35    8.0
10353  34    6.1
10354  38    7.8
10355  36    6.6
10356  37    6.9
10357  36    8.0
10358  34    5.6
10359  35    7.8
10360  37   10.5
10361  37    3.5
10362  37    3.2
10363  36    9.2
10364  37    9.2
10365  35    9.9
11001  38    7.9
11002  35    7.0
11003  36    9.2
11004  36    8.2
11005  34   12.4
11006  38    9.0
11007  38    7.2
11008  37   11.1
11009  38    7.5
11010  38   12.2
11011  35    8.7
11012  37    6.6
11013  38    9.9
11014  36    7.8
11015  36    6.6
11016  35    3.8
11017  37    8.7
11018  39    5.5
11019  37    6.3
11020  37    7.0
11021  36    5.2
11022  38    5.7
11023  35    5.2
11024  33   11.5
11025  34   10.6
11026  37    8.3
11027  34    7.6
11028  31   13.0
11029  35    4.1
11030  35    7.4
11031  35   10.0
11032  38   11.1
11033  37    8.5
11034  35    8.3
11035  37    6.9
11036  38    8.2
11037  38    3.9
11038  39    5.3
11039  37    7.3
11040  36    6.4
11041  39    4.0
11042  38    7.5
11043  36    6.7
11044  33    7.5
11045  34    9.3
11046  37    6.4
11047  33    7.4
11048  34    7.8
11049  35    9.3
11050  38   10.4
11051  32    6.8
11052  32    7.2
11053  34    5.5
11054  35    7.9
11055  34    9.2
11056  35    8.4
11057  37    7.5
11058  37    5.5
11059  36    4.7
11060  37    5.7
11061  33   10.3
11062  38    7.7
11063  36    8.9
11064  33    6.2
11065  38    7.7
11066  34    9.3
11067  29    6.6
11068  38   12.4
11069  38    7.3
11070  36    4.3
11071  38    7.9
11072  38    5.7
11073  36    7.7
11074  38    6.4
11075  40   10.5
11076  32    5.6
11077  38    8.3
11078  36    6.6
11079  34    7.6
11080  38    7.7
11081  38   10.1
11082  38    7.8
11083  35    4.6
11084  38    7.5
11085  38    5.5
11086  38    7.3
11087  38    5.8
11088  37    7.6
11089  36    8.4
11090  38    4.7
11091  36    9.0
11092  38    8.3
11093  38    8.2
11094  36   11.7
11095  37    8.5
11096  38    7.4
11097  38    5.2
11098  35    6.4
11099  38    7.1
11100  32   13.3
11101  33    7.6
11102  38    8.4
11103  38    7.4
11104  36    6.1
11105  33    9.1
11106  39    5.4
11107  37    7.9
11108  36    7.0
11109  38    5.2
11110  37    6.3
11111  38    9.1
11112  38   11.8
11113  38   17.9
11114  39   17.3
11115  37   19.2
11116  35   14.9
11117  36    6.9
11118  38    7.3
11119  37    6.3
11120  37    7.1
11121  35    7.7
11122  35    5.5
11123  36    5.2
11124  37    4.7
11125  38    5.0
11126  37    5.9
11127  38    4.6
11128  36    7.1
11129  35   10.4
11130  37    8.9
11131  38    5.7
11132  38    6.9
11133  38    8.6
11134  38    6.4
11135  36    6.0
11136  37   11.0
11137  39    5.9
11138  38    5.3
11139  38    3.9
11140  38    4.8
11141  38    9.4
11142  38    5.3
11143  38    5.0
11144  38    6.2
11145  38    3.9
11146  38    4.9
11147  37    8.6
11148  38    7.9
11149  38    5.7
11150  37    4.6
11151  38    2.8
11152  37    7.3
11153  38    9.9
11154  37    7.6
11155  38    6.2
11156  38    5.2
11157  37    7.5
11158  37    8.6
11159  38    7.2
11160  35    6.0
11161  35    5.6
11162  36    5.4
11163  38    5.8
11164  38    8.1
11165  38    5.5
11166  37    6.9
11167  38    4.6
11168  38    8.2
11169  38    7.8
11170  36    7.5
11171  36    9.8
11172  38    6.8
11173  38    5.0
11174  38    5.4
11175  38    5.6
11176  36    8.0
11177  38    8.2
11178  38    7.9
11179  38    6.7
11180  38    7.5
11181  37    9.3
11182  38    7.4
11183  38    7.0
11184  38    5.9
11185  38    4.8
11186  38    8.3
11187  38    4.0
11188  38    4.5
11189  37    5.0
11190  38    3.9
11191  38    4.5
11192  39    6.6
11193  38    4.6
11194  38    4.8
11195  37    4.0
11196  38    4.7
11197  37    6.4
11198  38    4.7
11199  38    7.2
11200  38    7.2
11201  39    6.7
11202  38    3.5
11203  38    4.0
11204  37    3.1
11205  36    7.1
11206  38    3.6
11207  39    3.8
11208  38    5.2
11209  37    5.4
11210  38    6.8
11211  37    4.6
11212  38    6.2
11213  37    5.6
11214  49    4.9
11215  50    6.8
11216  49    4.5
11217  38    5.5
11218  38    5.5
11219  37    4.8
11220  38    4.4
11221  37    5.8
11222  38    7.8
11223  38    6.9
11224  36   12.3
11225  37    8.3
11226  38    7.1
11227  38    6.9
11228  38    7.3
11229  38    6.4
11230  38    8.2
11231  38    4.9
11232  38    8.1
11233  38    6.5
11234  21    9.4
11235  20    8.4
11236  21    9.5
11237  21    8.0
11238  21    6.9
11239  21    6.8
11240  38    7.2
11241  39    6.6
11242  38    8.2
11243  37    3.6
11244  38    4.3
11245  38    6.1
11246  38    4.0
11247  38    2.4
11248  39    2.9
11249  38    3.7
11250  38    3.0
11251  37    7.3
11252  37    8.0
11253  36    7.6
11254  21    9.9
11255  21    9.4
11256  21   12.4
11257  21    9.6
11258  37    5.6
11259  38    7.0
11260  38    4.9
11261  37    6.9
11262  35    5.8
11263  38    8.0
11264  33    7.2
11265  35    7.2
11266  34    6.8
11267  38    6.0
11268  38    4.9
11269  38   12.9
11270  39    8.7
11271  37    5.5
11272  37    7.5
11273  37    8.8
11274  37    7.0
11275  37    8.5
11276  38    8.2
11277  38    7.3
11278  36   10.1
11279  37    7.9
11280  38    7.8
11281  37    5.8
11282  35    5.8
11283  38    5.5
11284  38    5.9
11285  37    8.0
11286  37    7.9
11287  38    7.1
11288  37    5.2
11289  35    6.6
11290  36    5.9
11291  37    9.6
11292  37    6.7
11293  37    6.8
11294  35    8.9
11295  33    9.8
11296  35    8.4
11297  39    8.8
11298  38   10.1
11299  39   13.0
11300  35    7.1
11301  36    4.7
11302  38    8.3
11303  37    7.7
11304  37   10.0
11305  37   11.3
11306  37    7.2
11307  38    8.0
11308  37    8.6
11309  39   10.1
11310  38    5.8
11311  36    6.9
11312  37    9.9
11313  38    8.5
11314  38    9.9
11315  36    9.0
11316  39   10.1
11317  36    7.1
11318  38    8.8
11319  37   12.0
11320  39    9.5
11321  33    8.3
11322  31   15.0
11323  37   13.0
11324  38   11.0
11325  37   11.9
11326  39   11.2
11327  37   13.0
11328  23   13.8
11329  23   10.0
11330  23   11.8
11331  24   10.9
11332  24   13.0
11333  24   11.6
11334  24   12.4
11335  22   13.7
11336  22   17.6
11337  38    8.6
11338  38    5.2
11339  38    6.8
11340  38    7.9
11341  37    6.9
11342  37    5.9
11343  39    7.4
11344  39    9.8
11345  37    7.4
11346  38    9.2
11347  40    8.2
11348  40    7.9
11349  40    5.7
11350  39    6.7
11351  39    4.1
11352  39    8.7
11353  39    8.8
11354  39    6.0
11355  39    7.9
11356  38    8.0
11357  38    8.9
11358  35    6.5
11359  37    6.8
11360  39   11.9
11361  40    9.0
11362  41    8.8
11363  40    6.5
11364  39    5.8
11365  38    9.8
12001  35    7.2
12002  40    7.4
12003  40    6.9
12004  40    7.0
12005  40    4.0
12006  40    6.5
12007  39    5.3
12008  40    5.0
12009  39    7.4
12010  38   10.0
12011  39    9.3
12012  38    8.1
12013  38    6.9
12014  32    6.4
12015  38   10.7
12016  35    8.7
12017  35    9.0
12018  38    9.1
12019  38    8.8
12020  39    7.7
12021  39    8.8
12022  39    9.0
12023  39    6.1
12024  34    9.1
12025  39    5.6
12026  38    7.3
12027  40    8.5
12028  39   10.2
12029  34    6.8
12030  36   11.3
12031  34   11.1
12032  38   12.3
12033  36   10.0
12034  33   10.6
12035  36    5.9
12036  37    6.7
12037  37    8.2
12038  35    6.4
12039  38    7.6
12040  37    6.4
12041  38    4.8
12042  38    9.2
12043  36    6.7
12044  32    7.2
12045  35    7.9
12046  35    3.9
12047  34    6.6
12048  36    3.6
12049  38    4.8
12050  37    5.6
12051  37    8.0
12052  36    7.7
12053  35    6.3
12054  37    2.7
12055  34    6.3
12056  35    5.4
12057  35    3.3
12058  37    5.8
12059  36    6.3
12060  39    6.3
12061  40    4.8
12062  40    4.9
12063  37    8.2
12064  40   12.5
12065  34    5.8
12066  38    6.8
12067  38    8.1
12068  38   11.6
12069  36    8.4
12070  38    4.7
12071  37    5.7
12072  36    9.3
12073  37    3.9
12074  37    5.1
12075  36   10.1
12076  36    5.6
12077  31    6.5
12078  36    6.0
12079  37    3.6
12080  35    5.7
12081  35    9.7
12082  37    5.9
12083  37    6.1
12084  38    6.0
12085  34    7.1
12086  34    6.9
12087  37    7.7
12088  34    7.7
12089  38    3.1
12090  37    5.3
12091  36    5.4
12092  37    6.9
12093  38    6.9
12094  38    7.0
12095  39    6.8
12096  39    6.6
12097  40    6.4
12098  36    8.2
12099  37    7.8
12100  36    9.3
12101  37    6.3
12102  34    7.3
12103  37    5.8
12104  35    7.3
12105  34    5.8
12106  34    7.1
12107  36    6.6
12108  36    4.7
12109  35    6.2
12110  21   10.3
12111  35    7.5
12112  34    5.6
12113  38    5.1
12114  37    4.3
12115  35    7.4
12116  35    6.6
12117  37    6.4
12118  34    8.7
12119  37   10.4
12120  38    4.7
12121  39    4.7
12122  39    6.6
12123  39    4.3
12124  39    3.8
12125  37    4.7
12126  37    5.9
12127  35    7.0
12128  37    4.5
12129  36    8.4
12130  35    7.4
12131  37    4.5
12132  37    4.2
12133  37    4.4
12134  38    4.5
12135  36    4.6
12136  38    6.9
12137  38    5.5
12138  37    3.8
12139  38    6.4
12140  37    5.1
12141  39    5.9
12142  38    5.6
12143  38    3.8
12144  36    3.1
12145  35    4.8
12146  35    4.8
12147  36    5.7
12148  35    9.3
12149  36    6.4
12150  35    5.9
12151  36    5.7
12152  36    5.9
12153  37    5.0
12154  37    7.6
12155  37    8.6
12156  37    6.3
12157  37    4.8
12158  37    5.0
12159  34    5.6
12160  34    6.7
12161  36   10.0
12162  37    8.5
12163  36    8.5
12164  35    7.1
12165  37    6.6
12166  37    4.8
12167  35   10.1
12168  36    7.5
12169  35   11.9
12170  36    6.2
12171  35    7.4
12172  35    3.8
12173  35    7.3
12174  36    5.6
12175  34    6.7
12176  35    5.8
12177  35    5.8
12178  36    4.7
12179  35    6.6
12180  35    6.4
12181  37    5.3
12182  36    5.6
12183  35    4.5
12184  35    2.6
12185  36    5.5
12186  34    8.4
12187  35    4.6
12188  37    6.5
12189  36    4.0
12190  35    4.1
12191  35    8.5
12192  35    3.5
12193  36    4.6
12194  36    6.2
12195  36    5.2
12196  37    5.4
12197  38    5.8
12198  37    7.4
12199  37    3.9
12200  37    3.2
12201  38    1.8
12202  36    5.9
12203  37    5.4
12204  38    5.9
12205  38    5.2
12206  35    5.5
12207  37    4.6
12208  38    5.3
12209  38    7.1
12210  37    5.1
12211  27    7.5
12212  27    9.7
12213  26    7.4
12214  26   10.5
12215  27    8.2
12216  28    6.5
12217  30    8.6
12218  37    5.1
12219  37    7.4
12220  37   11.0
12221  37   12.7
12222  36   10.7
12223  36    8.6
12224  34    6.8
12225  36    6.5
12226  36    5.6
12227  36    3.1
12228  37    3.9
12229  37    6.0
12230  37    3.6
12231  37    4.8
12232  37    3.3
12233  37    3.3
12234  38    2.3
12235  38    2.4
12236  38    7.6
12237  38    6.4
12238  37    2.5
12239  38    9.2
12240  37   11.3
12241  37    8.2
12242  38   11.5
12243  38    6.4
12244  37   10.1
12245  37   10.7
12246  36    9.6
12247  38    7.0
12248  38    3.8
12249  38    3.6
12250  52    3.0
12251  52    1.8
12252  54    3.7
12253  24    5.6
12254  42    5.2
12255  52    2.8
12256  51    3.1
12257  52    6.0
12258  52    7.9
12259  51    3.7
12260  47    4.2
12261  51    4.3
12262  51    4.1
12263  51    3.7
12264  48    2.0
12265  52    3.4
12266  52    2.2
12267  48    4.1
12268  52    3.6
12269  52    4.7
12270  52    3.5
12271  52    3.0
12272  52    4.4
12273  53    5.2
12274  53    3.1
12275  53    7.6
12276  53    7.3
12277  53    3.9
12278  53    1.9
12279  53    4.7
12280  52    2.9
12281  53    3.7
12282  52    5.0
12283  52    7.5
12284  53    6.6
12285  53    5.0
12286  52    4.0
12287  53    5.0
12288  53    5.3
12289  53    4.6
12290  51    4.2
12291  53    4.3
12292  53    4.5
12293  53    6.8
12294  51    7.8
12295  53    5.0
12296  53    5.8
12297  51    7.7
12298  53    8.2
12299  52    4.9
12300  50    7.0
12301  50    9.8
12302  51    7.0
12303  51    6.2
12304  50    6.4
12305  50    5.6
12306  51    5.5
12307  51    6.6
12308  51    3.5
12309  52    4.3
12310  53    4.5
12311  53    3.8
12312  53    6.9
12313  53    6.1
12314  53    4.1
12315  52    4.4
12316  53    4.4
12317  53    5.6
12318  53    7.9
12319  52    5.3
12320  53    6.2
12321  53    7.6
12322  53    8.1
12323  52    7.5
12324  53    6.1
12325  53    6.4
12326  51    6.9
12327  53    7.4
12328  51    5.4
12329  52    5.8
12330  51    4.6
12331  53    5.7
12332  53    4.9
12333  53    5.5
12334  51    5.7
12335  53    3.6
12336  51    3.6
12337  52    6.2
12338  52    5.8
12339  53    6.7
12340  53    3.5
12341  51    5.6
12342  51    8.7
12343  50    7.6
12344  51    6.3
12345  49    6.1
12346  48    7.2
12347  49    4.1
12348  51    5.2
12349  50    4.3
12350  51    6.1
12351  52    4.6
12352  52    3.8
12353  51    6.2
12354  50    3.6
12355  52    4.8
12356  49    5.4
12357  51    4.6
12358  51    4.6
12359  51    3.3
12360  51    5.3
12361  50    3.8
12362  51    3.8
12363  46    5.2
12364  48    3.9
12365  51    5.8
12366  45    3.9
13001  50    5.7
13002  48    4.0
13003  51    3.0
13004  53    5.7
13005  53    3.2
13006  53    5.7
13007  53    6.1
13008  52    5.1
13009  53    5.9
13010  53    6.5
13011  53    4.7
13012  52    5.4
13013  51    5.4
13014  53    5.1
13015  51    8.3
13016  51    8.3
13017  53    4.5
13018  49    6.1
13019  51    4.8
13020  50    5.9
13021  49    5.5
13022  50    4.1
13023  52    4.6
13024  51    5.1
13025  50    6.4
13026  51    5.8
13027  50    4.2
13028  52    3.5
13029  52    3.5
13030  52    2.1
13031  52    3.9
13032  52    5.3
13033  51    4.8
13034  52    5.1
13035  50    4.8
13036  52    3.0
13037  49    3.5
13038  47    6.2
13039  46    6.3
13040  48    5.1
13041  46    5.9
13042  50    4.7
13043  52    7.1
13044  49    4.4
13045  53   10.4
13046  53    3.6
13047  50    4.2
13048  47    3.8
13049  49    5.9
13050  46    5.0
13051  51    5.9
13052  55    5.9
13053  53    6.0
13054  50    5.7
13055  50    6.3
13056  52    5.3
13057  50    4.6
13058  52    5.6
13059  52    3.1
13060  50    3.4
13061  52    5.4
13062  52    5.4
13063  51    7.1
13064  51    5.6
13065  52    4.8
13066  52    2.3
13067  52    2.8
13068  52    3.4
13069  53    4.0
13070  52    5.5
13071  50    6.3
13072  51    5.4
13073  52    3.3
13074  50    4.8
13075  49    4.0
13076  51    6.1
13077  53    4.2
13078  52    2.2
13079  53    2.7
13080  53    3.3
13081  51    2.5
13082  52    2.5
13083  50    2.9
13084  53    2.6
13085  48    2.8
13086  50    4.6
13087  50    3.4
13088  49    3.4
13089  53    3.2
13090  52    4.6
13091  50    6.0
13092  50    5.1
13093  50    3.8
13094  50    3.9
13095  50    5.3
13096  50    4.8
13097  49    4.6
13098  49    6.6
13099  51    4.3
13100  52    4.2
13101  52    3.0
13102  51    2.5
13103  52    3.3
13104  51    4.8
13105  52    5.8
13106  53    2.0
13107  52    3.0
13108  52    1.8
13109  50    3.5
13110  48    3.4
13111  53    3.6
13112  51    3.2
13113  51    3.7
13114  53    7.5
13115  53    5.3
13116  52    2.8
13117  52    4.2
13118  52    4.6
13119  51    4.0
13120  53    3.8
13121  53    4.2
13122  51    1.6
13123  53    4.0
13124  51    3.8
13125  53    4.4
13126  52    3.1
13127  53    3.2
13128  53    5.4
13129  53    2.0
13130  53    3.8
13131  53    2.3
13132  52    4.1
13133  51    3.6
13134  52    3.0
13135  53    3.4
13136  53    5.2
13137  53    5.2
13138  53    4.8
13139  52    3.2
13140  53    6.4
13141  52    4.9
13142  52    4.5
13143  53    3.5
13144  51    6.5
13145  53    6.6
13146  51    6.6
13147  53    3.9
13148  52    3.3
13149  48    4.2
13150  51    6.5
13151  52    4.6
13152  52    4.0
13153  51    5.7
13154  51    4.2
13155  50    4.0
13156  52    6.2
13157  51    6.6
13158  52    3.8
13159  52    3.3
13160  52    4.1
13161  52    3.2
13162  52    4.4
13163  52    2.2
13164  51    2.0
13165  52    3.3
13166  52    4.0
13167  52    5.2
13168  52    6.9
13169  52    2.8
13170  52    4.6
13171  52    2.7
13172  52    3.2
13173  52    2.3
13174  52    2.1
13175  52    3.3
13176  49    3.4
13177  52    3.3
13178  53    3.6
13179  53    3.9
13180  52    3.3
13181  52    3.4
13182  51    4.4
13183  50    3.1
13184  52    2.7
13185  50    2.7
13186  51    3.4
13187  51    4.1
13188  51    3.9
13189  52    3.6
13190  52    3.9
13191  50    3.6
13192  51    3.4
13193  51    3.3
13194  50    4.1
13195  52    3.6
13196  51    2.5
13197  52    3.4
13198  52    3.9
13199  52    3.7
13200  52    4.3
13201  52    5.6
13202  52    5.0
13203  52    3.3
13204  52    5.7
13205  52    3.8
13206  51    3.3
13207  51    2.4
13208  51    1.7
13209  51    2.3
13210  51    2.9
13211  52    2.4
13212  52    2.7
13213  52    4.9
13214  52    2.2
13215  52    2.5
13216  52    3.0
13217  52    2.2
13218  52    1.8
13219  52    2.0
13220  52    2.1
13221  51    2.4
13222  52    2.0
13223  52    3.4
13224  52    2.1
13225  51    3.0
13226  52    2.7
13227  51    2.8
13228  52    2.2
13229  52    2.3
13230  52    2.6
13231  52    2.3
13232  51    2.9
13233  52    3.0
13234  52    2.5
13235  52    2.7
13236  52    3.1
13237  52    3.3
13238  52    3.1
13239  52    2.6
13240  52    3.0
13241  52    4.4
13242  52    3.7
13243  52    2.8
13244  52    2.3
13245  52    3.5
13246  51    4.2
13247  49    2.4
13248  51    3.2
13249  52    3.7
13250  52    2.3
13251  52    2.5
13252  52    3.3
13253  51    2.4
13254  51    3.2
13255  51    2.7
13256  51    2.7
13257  52    3.2
13258  52    2.8
13259  53    1.4
13260  53    2.3
13261  53    2.6
13262  53    3.8
13263  53    4.2
13264  49    2.8
13265  53    3.0
13266  52    3.9
13267  50    4.0
13268  53    3.1
13269  52    3.6
13270  52    2.9
13271  53    3.9
13272  53    9.4
13273  53    3.6
13274  52    3.7
13275  53    9.1
13276  52    4.2
13277  53    2.9
13278  52    3.2
13279  51    4.8
13280  53    3.2
13281  52    3.4
13282  51    3.9
13283  53    4.2
13284  51    2.9
13285  22   11.3
13286  22    9.3
13287  52    5.6
13288  53    1.6
13289  53    2.2
13290  53    4.6
13291  50    4.6
13292  51    2.2
13293  52    4.0
13294  51    5.8
13295  53    3.6
13296  49    3.6
13297  50    4.1
13298  52    2.4
13299  52    4.4
13300  53    2.5
13301  52    2.8
13302  52    2.4
13303  53    3.5
13304  53    5.1
13305  52    7.9
13306  53    6.2
13307  53    3.8
13308  52    8.3
13309  52    5.4
13310  52    4.1
13311  55    7.2
13312  53    6.0
13313  53    5.5
13314  53    6.5
13315  53    7.6
13316  53    7.5
13317  53    2.1
13318  53    5.8
13319  53    5.5
13320  53    5.9
13321  52    6.9
13322  51    3.8
13323  53    7.2
13324  53    6.3
13325  53    4.9
13326  52    2.7
13327  49    5.7
13328  52    5.5
13329  51    4.2
13330  53    7.9
13331  53    4.7
13332  53    4.1
13333  53    7.7
13334  53    5.3
13335  52    4.3
13336  51    6.6
13337  49    4.9
13338  51    3.7
13339  53    4.0
13340  53    7.1
13341  53    4.4
13342  52    4.1
13343  53    6.6
13344  52    7.2
13345  53    5.6
13346  53    4.9
13347  53    6.8
13348  52    7.4
13349  52    6.5
13350  53    6.6
13351  52    6.6
13352  53    4.4
13353  53    8.6
13354  53    6.9
13355  52    5.0
13356  52    4.2
13357  52    8.0
13358  52    8.5
13359  51    3.4
13360  52    4.6
13361  50    5.6
13362  52    5.6
13363  52    5.9
13364  52    3.2
13365  51    5.8
14001  49    6.3
14002  52    7.5
14003  52    4.3
14004  52    7.0
14005  51    4.1
14006  52    4.2
14007  51    3.1
14008  51    4.7
14009  51    8.7
14010  50    5.4
14011  49    5.3
14012  52    6.3
14013  53    4.9
14014  47    4.4
14015  52    3.3
14016  53    4.1
14017  51    5.5
14018  53    5.3
14019  48    3.2
14020  52    3.0
14021  52    5.0
14022  53    5.9
14023  52    6.0
14024  51    7.0
14025  52    7.4
14026  53    4.8
14027  52    4.8
14028  53    5.7
14029  52    6.0
14030  53    5.3
14031  53    6.0
14032  52    3.9
14033  51    3.6
14034  50    4.4
14035  52    5.3
14036  52    5.0
14037  52    6.3
14038  52    9.2
14039  52    7.8
14040  51    3.4
14041  52    4.4
14042  52    3.9
14043  51    7.4
14044  52    2.5
14045  51    3.8
14046  51    2.9
14047  52    3.4
14048  52    3.7
14049  50    4.7
14050  52    5.3
14051  52    8.4
14052  52    5.4
14053  51    6.5
14054  52    5.1
14055  47    6.4
14056  49    6.3
14057  52    6.9
14058  52    8.2
14059  52    7.3
14060  52    5.2
14061  52    7.9
14062  52    6.1
14063  51    6.8
14064  51    4.8
14065  49    5.0
14066  51    7.0
14067  52    7.0
14068  52    4.2
14069  50    5.7
14070  52    5.4
14071  51    5.7
14072  52    5.5
14073  52    8.9
14074  52    4.1
14075  51    4.1
14076  52    5.6
14077  52    2.9
14078  51    7.5
14079  49    6.8
14080  51    6.3
14081  52    6.3
14082  50    5.0
14083  51    4.3
14084  52    4.3
14085  51    2.0
14086  50    5.4
14087  51    4.4
14088  51    5.1
14089  53    5.6
14090  53    5.9
14091  53    4.0
14092  52    6.8
14093  50    4.0
14094  53    3.7
14095  51    5.7
14096  53    5.6
14097  52    4.1
14098  51    2.9
14099  53    3.5
14100  53    4.4
14101  53    5.8
14102  53    4.2
14103  52    5.1
14104  52    3.5
14105  51    4.9
14106  52    4.3
14107  52    4.8
14108  50    3.7
14109  53    4.4
14110  53    5.6
14111  51    4.5
14112  53    3.9
14113  53    4.2
14114  53    3.1
14115  52    3.7
14116  53    3.5
14117  52    2.8
14118  53    3.7
14119  51    3.0
14120  52    3.8
14121  52    4.0
14122  53    3.8
14123  53    3.9
14124  53    3.9
14125  52    3.7
14126  50    8.6
14127  52    3.1
14128  55    5.6
14129  53    4.0
14130  53    3.7
14131  52    4.5
14132  53    4.3
14133  51    2.9
14134  52    4.2
14135  52    4.0
14136  53    4.1
14137  51    3.9
14138  52    5.0
14139  53    4.4
14140  53    4.3
14141  51    4.1
14142  53    5.1
14143  53    5.9
14144  53    4.6
14145  53    4.7
14146  53    3.1
14147  53    4.3
14148  52    3.9
14149  53    3.9
14150  53    5.1
14151  53    3.7
14152  53    3.4
14153  52    2.8
14154  52    3.6
14155  53    2.8
14156  53    2.2
14157  53    4.5
14158  53    3.4
14159  53    3.3
14160  53    4.0
14161  53    3.5
14162  53    2.6
14163  53    2.9
14164  53    2.9
14165  53    3.7
14166  53    4.6
14167  52    3.8
14168  53    3.9
14169  50    2.4
14170  52    3.3
14171  51    2.8
14172  52    4.4
14173  53    3.3
14174  53    3.1
14175  53    2.7
14176  53    3.4
14177  53    4.2
14178  53    4.6
14179  54    3.3
14180  53    2.5
14181  53    4.0
14182  53    4.3
14183  53    5.5
14184  53    5.8
14185  53    4.7
14186  51    4.5
14187  53    3.0
14188  53    4.1
14189  52    4.4
14190  52    3.4
14191  52    3.5
14192  52    2.7
14193  53    3.4
14194  53    3.4
14195  53    3.5
14196  52    3.2
14197  52    3.1
14198  52    3.1
14199  52    3.2
14200  51    4.4
14201  51    3.5
14202  52    3.5
14203  52    2.0
14204  51    2.3
14205  53    3.6
14206  53    3.0
14207  53    2.4
14208  53    2.0
14209  53    1.5
14210  53    3.1
14211  52    4.6
14212  52    3.0
14213  52    3.0
14214  53    2.8
14215  53    4.1
14216  53    2.8
14217  54    3.9
14218  53    4.4
14219  53    3.0
14220  53    4.3
14221  53    3.4
14222  53    3.6
14223  53    2.2
14224  53    4.2
14225  53    1.9
14226  53    2.4
14227  53    3.0
14228  53    3.0
14229  53    4.6
14230  52    3.2
14231  52    4.0
14232  50    4.3
14233  52    3.1
14234  52    2.4
14235  52    3.4
14236  52    4.6
14237  50    4.0
14238  52    3.0
14239  52    3.8
14240  50    1.8
14241  52    1.9
14242  52    3.0
14243  53    2.3
14244  53    3.1
14245  53    3.1
14246  53    3.2
14247  52    4.2
14248  53    3.9
14249  53    4.0
14250  52    2.5
14251  52    3.8
14252  53    3.9
14253  51    3.7
14254  53    4.3
14255  53    5.1
14256  53    3.3
14257  52    2.7
14258  53    3.0
14259  53    3.6
14260  52    2.7
14261  52    3.7
14262  52    4.4
14263  53    3.8
14264  53    4.9
14265  53    4.1
14266  53    4.5
14267  53    4.9
14268  53    2.6
14269  52    5.5
14270  51    6.8
14271  52    4.7
14272  53    4.0
14273  53    4.4
14274  53    3.1
14275  53    4.2
14276  52    6.2
14277  50    5.2
14278  53    5.4
14279  52    5.7
14280  51    5.2
14281  53    3.7
14282  53    3.9
14283  52    4.1
14284  51    6.9
14285  49    4.7
14286  53    4.4
14287  53    3.4
14288  50    4.7
14289  53    3.1
14290  52    3.7
14291  50    5.1
14292  52    5.0
14293  51    4.8
14294  51    3.0
14295  50    4.2
14296  52    4.8
14297  52    5.3
14298  51    4.4
14299  51    5.2
14300  52    4.9
14301  52    7.3
14302  52    5.2
14303  51    5.0
14304  53    5.2
14305  51    5.7
14306  52    5.8
14307  51    4.7
14308  50    5.2
14309  53    5.8
14310  51    6.0
14311  53    4.7
14312  52    4.3
14313  53    3.4
14314  52    6.0
14315  52    4.6
14316  53    6.0
14317  49    3.8
14318  51    4.9
14319  53    3.8
14320  52    6.7
14321  53    5.5
14322  53    5.7
14323  51    6.7
14324  52    6.0
14325  53    3.6
14326  53    3.2
14327  52    5.3
14328  53    5.2
14329  52    3.3
14330  51    3.8
14331  53    7.4
14332  53    4.8
14333  51    4.4
14334  50    4.9
14335  52    5.4
14336  48    4.8
14337  52    5.1
14338  51    4.0
14339  53    5.5
14340  51    5.0
14341  53    6.9
14342  52    6.0
14343  53    4.9
14344  53    3.5
14345  53    2.1
14346  53    4.6
14347  53    6.5
14348  50    4.0
14349  51    3.1
14350  53    4.4
14351  50    5.5
14352  53    7.4
14353  53    3.7
14354  53    6.5
14355  53    4.2
14356  53    3.8
14357  53    5.7
14358  53    5.8
14359  53    3.6
14360  53    6.5
14361  52    5.3
14362  51    4.6
14363  53    5.3
14364  49    5.1
14365  51    4.3
15001  52    5.2
15002  51    4.4
15003  52    4.2
15004  52    2.4
15005  50    2.8
15006  45    2.7
15007  52    4.7
15008  53    3.2
15009  53    3.1
15010  53    3.0
15011  53    3.1
15012  49    4.6
15013  52    5.4
15014  52    4.4
15015  51    3.2
15016  51    3.1
15017  53    3.6
15018  52    2.7
15019  52    3.8
15020  51    3.4
15021  46    3.3
15022  50    3.9
15023  52    2.3
15024  49    2.6
15025  52    4.1
15026  50    3.5
15027  49    3.9
15028  52    5.2
15029  50    2.7
15030  52    2.9
15031  53    3.9
15032  52    4.3
15033  50    6.1
15034  53    4.9
15035  53    7.7
15036  52    7.1
15037  49    4.7
15038  51    4.6
15039  51    3.8
15040  53    4.0
15041  52    5.7
15042  47    6.0
15043  52    6.8
15044  48    6.3
15045  51    3.4
15046  51    3.8
15047  50    3.9
15048  52    4.0
15049  52    5.2
15050  51    7.8
15051  52    3.9
15052  52    6.0
15053  51    4.5
15054  51    4.4
15055  50    3.1
15056  51    5.4
15057  50    3.8
15058  50    3.9
15059  49    2.6
15060  52    2.8
15061  51    3.0
15062  51    3.0
15063  53    3.8
15064  53    3.5
15065  55    4.5
15066  51    3.9
15067  57    5.3
15068  51    3.2
15069  52    4.1
15070  53    4.2
15071  50    4.0
15072  53    4.2
15073  50    3.4
15074  51    4.4
15075  52    3.4
15076  53    8.2
15077  50    3.3
15078  51    3.8
15079  52    2.9
15080  53    2.7
15081  50    3.2
15082  52    4.0
15083  51    3.4
15084  52    3.6
15085  52    3.3
15086  52    3.1
15087  53    4.5
15088  53    3.6
15089  52    2.9
15090  53    3.5
15091  52    3.3
15092  52    4.6
15093  51    4.7
15094  50    4.2
15095  51    3.6
15096  51    4.0
15097  51    3.5
15098  52    4.7
15099  51    3.3
15100  52    4.2
15101  52    3.1
15102  52    3.4
15103  52    3.5
15104  52    3.9
15105  51    3.9
15106  52    4.0
15107  51    3.6
15108  50    4.2
15109  49    4.5
15110  52    4.5
15111  52    3.1
15112  52    3.5
15113  50    3.0
15114  51    3.8
15115  51    4.6
15116  51    3.4
15117  52    2.4
15118  52    2.5
15119  52    3.3
15120  52    3.6
15121  52    2.7
15122  52    4.2
15123  51    3.3
15124  51    3.2
15125  51    2.5
15126  52    3.4
15127  52    3.0
15128  51    3.5
15129  52    3.6
15130  52    4.8
15131  52    4.3
15132  52    3.0
15133  52    4.1
15134  52    3.8
15135  51    3.1
15136  52    3.4
15137  52    3.7
15138  52    2.7
15139  52    2.2
15140  52    2.8
15141  51    3.7
15142  52    4.3
15143  51    3.9
15144  52    2.4
15145  52    3.7
15146  52    4.1
15147  51    3.9
15148  52    3.0
15149  52    2.8
15150  52    4.0
15151  52    3.2
15152  52    2.1
15153  52    3.1
15154  52    3.0
15155  52    4.2
15156  52    5.2
15157  52    2.3
15158  52    2.5
15159  52    3.4
15160  51    2.8
15161  51    2.8
15162  50    2.3
15163  50    2.6
15164  50    1.6
15165  50    2.0
15166  50    3.5
15167  50    3.9
15168  50    3.4
15169  50    2.0
15170  50    3.4
15171  50    3.6
15172  50    4.1
15173  50    4.8
15174  50    2.5
15175  49    2.0
15176  50    3.6
15177  51    2.4
15178  51    2.7
15179  51    1.9
15180  51    2.9
15181  51    2.5
15182  52    3.9
15183  51    2.5
15184  52    2.6
15185  52    2.9
15186  52    2.0
15187  52    1.8
15188  52    1.7
15189  52    2.2
15190  51    1.1
15191  51    4.2
15192  51    1.9
15193  51    2.4
15194  51    2.4
15195  49    1.9
15196  51    1.9
15197  51    2.1
15198  51    1.9
15199  50    2.0
15200  52    2.5
15201  51    2.6
15202  52    2.2
15203  52    2.3
15204  52    2.3
15205  52    1.8
15206  52    2.2
15207  52    3.1
15208  52    2.7
15209  52    2.6
15210  51    1.8
15211  52    2.9
15212  52    4.6
15213  52    3.6
15214  52    3.3
15215  52    3.6
15216  52    2.6
15217  52    3.4
15218  52    2.6
15219  52    2.3
15220  52    2.6
15221  52    4.2
15222  52    2.3
15223  52    2.8
15224  21    5.2
15225  51    2.0
15226  51    2.4
15227  50    2.7
15228  50    3.6
15229  50    2.6
15230  51    3.1
15231  51    2.7
15232  52    2.0
15233  51    2.3
15234  51    2.6
15235  50    2.3
15236  51    2.1
15237  51    2.2
15238  50    3.6
15239  51    2.6
15240  51    2.9
15241  51    3.1
15242  50    2.4
15243  50    3.1
15244  51    2.7
15245  51    2.6
15246  51    2.5
15247  51    2.7
15248  51    2.4
15249  50    3.0
15250  51    4.6
15251  51    1.9
15252  51    2.1
15253  51    2.6
15254  50    2.6
15255  51    2.6
15256  51    2.1
15257  51    1.5
15258  50    2.1
15259  49    3.5
15260  51    2.4
15261  51    2.3
15262  50    2.6
15263  50    4.1
15264  51    3.4
15265  51    3.2
15266  50    3.2
15267  51    2.5
15268  51    2.6
15269  51    3.3
15270  51    2.4
15271  50    3.1
15272  51    2.9
15273  51    2.3
15274  51    2.4
15275  51    3.4
15276  50    4.4
15277  52    3.4
15278  51    3.5
15279  51    2.4
15280  52    2.5
15281  52    3.2
15282  51    3.0
15283  51    2.8
15284  50    3.0
15285  51    2.4
15286  50    2.3
15287  50    2.1
15288  50    3.3
15289  51    3.8
15290  52    3.1
15291  52    3.3
15292  51    3.8
15293  50    3.8
15294  51    3.7
15295  51    2.6
15296  50    5.9
15297  51    3.9
15298  50    2.8
15299  51    4.3
15300  51    3.3
15301  51    3.2
15302  50    4.0
15303  50    3.9
15304  49    4.5
15305  48    5.0
15306  46    4.7
15307  50    3.5
15308  52    5.1
15309  51    3.0
15310  52    4.6
15311  51    4.0
15312  51    4.7
15313  51    1.9
15314  51    2.6
15315  51    3.9
15316  51    2.8
15317  52    2.1
15318  52    1.9
15319  51    2.6
15320  52    3.3
15321  52    3.3
15322  52    3.0
15323  51    2.2
15324  49    4.3
15325  52    4.0
15326  52    3.6
15327  51    3.9
15328  50    3.0
15329  51    3.5
15330  52    3.2
15331  50    4.0
15332  52    2.9
15333  52    3.9
15334  52    2.2
15335  50    2.2
15336  52    3.3
15337  51    3.8
15338  51    2.0
15339  50    4.0
15340  51    3.4
15341  50    2.9
15342  52    1.7
15343  50    4.5
15344  51    5.4
15345  48    3.1
15346  51    3.4
15347  50    2.3
15348  47    3.9
15349  48    1.7
15350  49    2.8
15351  51    3.1
15352  51    2.4
15353  51    2.1
15354  49    2.3
15355  51    2.3
15356  50    2.3
15357  51    2.3
15358  51    2.7
15359  51    2.9
15360  51    3.4
15361  51    2.1
15362  51    2.3
15363  50    2.7
15364  51    3.4
15365  50    2.2
16001  52    3.4
16002  51    1.7
16003  51    2.1
16004  51    2.3
16005  51    2.3
16006  49    3.1
16007  51    2.4
16008  49    2.0
16009  51    2.2
16010  49    3.0
16011  49    1.1
16012  50    1.5
16013  51    1.5
16014  51    1.7
16015  51    3.2
16016  51    2.5
16017  51    2.5
16018  50    2.6
16019  50    2.9
16020  50    5.7
16021  51    3.4
16022  49    3.3
16023  50    2.5
16024  51    4.9
16025  51    5.3
16026  52    2.7
16027  52    3.5
16028  51    3.1
16029  51    4.3
16030  52    3.8
16031  51    2.7
16032  49    2.6
16033  49    2.2
16034  48    3.3
16035  49    6.1
16036  48    3.0
16037  49    4.6
16038  49    3.3
16039  49    2.8
16040  49    3.5
16041  49    4.3
16042  47    2.7
16043  47    4.0
16044  47    4.2
16045  48    4.7
16046  49    6.1
16047  49    4.1
16048  47    4.3
16049  48    3.5
16050  47    4.6
16051  46    3.7
16052  47    4.5
16053  47    3.7
16054  48    2.5
16055  48    3.1
16056  48    4.5
16057  47    3.8
16058  47    4.9
16059  44    4.0
16060  47    4.2
16061  46    4.0
16062  48    4.0
16063  49    3.4
16064  48    3.0
16065  48    2.6
16066  49    3.8
16067  49    3.4
16068  48    3.8
16069  48    5.2
16070  46    5.0
16071  48    5.5
16072  49    4.2
16073  49    3.3
16074  49    3.5
16075  48    3.4
16076  49    3.7
16077  48    5.4
16078  48    4.0
16079  49    4.8
16080  49    3.6
16081  48    3.1
16082  49    4.4
16083  47    4.8
16084  49    4.8
16085  49    3.9
16086  48    5.1
16087  48    5.0
16088  49    3.8
16089  49    2.9
16090  48    4.2
16091  49    3.2
16092  48    4.3
16093  48    3.6
16094  48    3.8
16095  48    3.4
16096  47    3.9
16097  49    3.4
16098  49    4.0
16099  48    3.4
16100  48    3.6
16101  47    4.3
16102  49    4.8
16103  48    4.0
16104  48    3.0
16105  49    3.6
16106  49    3.1
16107  48    4.7
16108  45    3.7
16109  44    4.4
16110  47    5.0
16111  46    4.6
16112  46    2.7
16113  49    1.5
16114  46    5.0
16115  49    3.9
16116  46    3.3
16117  48    4.3
16118  48    4.4
16119  48    4.1
16120  49    3.9
16121  49    3.3
16122  49    2.4
16123  48    3.1
16124  48    2.6
16125  47    2.9
16126  48    3.1
16127  47    4.2
16128  49    2.8
16129  49    3.3
16130  48    2.9
16131  48    2.8
16132  48    2.1
16133  48    3.0
16134  47    2.7
16135  48    3.0
16136  48    3.0
16137  48    3.3
16138  48    3.3
16139  48    2.8
16140  48    4.2
16141  48    5.3
16142  47    3.2
16143  47    2.4
16144  48    3.3
16145  47    3.4
16146  47    2.5
16147  48    2.7
16148  48    3.0
16149  48    3.1
16150  47    1.1
16151  48    3.8
16152  48    2.7
16153  47    2.9
16154  46    2.8
16155  48    3.7
16156  48    2.8
16157  48    2.8
16158  48    1.8
16159  48    3.3
16160  48    2.9
16161  48    2.8
16162  47    1.9
16163  48    3.1
16164  38    0.5
16165  36    1.0
16166  37    0.7
16167  38    1.5
16168  37    0.9
16169  38    0.3
16170  38    0.3
16171  38    0.7
16172  38    1.1
16173  38    0.5
16174  38    0.0
16175  39    0.5
16176  38    0.0
16177  38    0.1
16178  38    0.0
16179  38    0.1
16180  38    1.0
16181  38    0.5
16182  38    0.6
16183  38    0.0
16184  38    0.3
16185  37    0.3
16186  38    0.2
16187  38    0.6
16188  38    0.8
16189  38    0.0
16190  36    0.5
16191  37    0.2
16192  38    0.3
16193  38    0.0
16194  38    0.2
16195  38    0.3
16196  38    0.7
16197  38    0.7
16198  38    0.6
16199  38    0.0
16200  38    0.0
16201  38    1.0
16202  37    0.2
16203  38    0.7
16204  37    1.0
16205  38    0.5
16206  38    0.0
16207  38    0.4
16208  31    0.2
16209  38    0.1
16210  38    1.0
16211  31    1.0
16212  38    0.0
16213  38    0.6
16214  38    0.3
16215  38    0.6
16216  38    0.5
16217  38    0.0
16218  38    0.0
16219  38    0.3
16220  38    0.2
16221  39    0.2
16222  38    0.0
16223  38    0.5
16224  38    0.2
16225  38    0.4
16226  38    0.8
16227  38    0.3
16228  38    0.3
16229  37    0.3
16230  38    0.4
16231  38    0.1
16232  38    0.3
16233  38    0.9
16234  38    0.3
16235  38    0.3
16236  38    0.6
16237  37    0.4
16238  38    0.4
16239  38    0.3
16240  38    0.5
16241  38    0.3
16242  38    0.1
16243  38    0.3
16244  38    0.3
16245  38    0.5
16246  35    1.6
16247  38    0.7
16248  38    0.0
16249  38    0.4
16250  38    0.0
16251  38    0.2
16252  38    0.0
16253  36    0.2
16254  38    0.3
16255  38    0.2
16256  38    0.0
16257  38    0.8
16258  38    1.2
16259  30    1.5
16260  38    0.5
16261  38    0.5
16262  38    0.8
16263  38    0.5
16264  36    0.7
16265  37    0.5
16266  23    0.7
16267  38    0.2
16268  38    0.7
16269  38    0.7
16270  38    0.3
16271  38    0.2
16272  38    0.2
16273  38    0.5
16274  38    0.3
16275  38    0.2
16276  36    0.2
16277  38    0.5
16278  37    0.6
16279  38    0.7
16280  36    1.0
16281  37    0.8
16282  38    0.8
16283  35    1.5
16284  38    0.9
16285  38    0.6
16286  38    0.7
16287  38    1.7
16288  38    0.7
16289  38    0.5
16290  37    1.6
16291  38    0.7
16292  37    0.7
16293  38    0.7
16294  36    0.2
16295  37    0.5
16296  34    0.0
16297  37    0.3
16298  38    0.5
16299  38    1.1
16300  38    0.0
16301  38    0.1
16302  38    0.3
16303  38    0.6
16304  10    6.7
16305  10    4.7
