04001  16   91.2
04002  15   94.1
04003  13   94.2
04004  14   93.3
04005  19   90.9
04006  17   91.5
04007  18   90.0
04008  15   92.4
04009  17   88.6
04010  17   89.3
04011  16   92.1
04012  16   86.9
04013  16   90.9
04014  16   90.3
04015  16   87.1
04016  16   91.2
04017  17   90.8
04018  14   92.3
04019  16   89.9
04020  15   91.2
04021  15   90.2
04022  15   92.3
04023  15   92.1
04024  16   90.7
04025  16   92.9
04026  17   90.7
04027  16   92.1
04028  15   88.7
04029  14   90.0
04030  14   91.1
04031  13   90.9
04032  14   91.9
04033  17   90.2
04034  16   91.6
04035  14   91.5
04036  14   90.3
04037  16   90.2
04038  14   89.5
04039  13   92.4
04040  14   88.6
04041  13   91.4
04042  13   90.6
04043  13   92.3
04044  14   92.9
04045  15   91.4
04046  13   93.1
04047  15   88.9
04048  14   88.8
04049  15   91.0
04050  15   90.2
04051  16   88.9
04052  15   92.0
04053  14   92.2
04054  14   90.7
04055  16   89.6
04056  14   90.5
04057  15   88.9
04058  18   91.6
04059  16   90.7
04060  15   92.6
04061  16   93.0
04062  15   90.8
04063  16   93.9
04064  15   88.7
04065  16   90.9
04066  15   89.3
04067  16   93.0
04068  16   90.8
04069  17   89.8
04070  17   89.0
04071  16   88.6
04072  16   89.3
04073  14   91.5
04074  13   92.6
04075  14   89.8
04076  15   89.4
04077  17   86.2
04078  17   91.2
04079  14   85.3
04080  15   90.9
04081  15   93.4
04082  16   89.8
04083  17   89.3
04084  16   88.9
04085  17   91.2
04086  15   89.3
04087  16   86.7
04088  15   94.0
04089  15   90.9
04090  16   91.4
04091  14   92.5
04092  15   91.4
04093  17   90.3
04094  16   88.8
04095  15   90.7
04096  15   87.1
04097  16   88.4
04098  15   85.3
04099  15   91.3
04100  15   88.2
04101  16   93.1
04102  14   94.3
04103  16   90.7
04104  14   92.4
04105  13   91.1
04106  14   92.7
04107  14   92.7
04108  16   90.6
04109  15   92.0
04110  16   88.7
04111  16   93.1
04112  15   89.4
04113  14   89.4
04114  14   89.3
04115  15   88.4
04116  14   93.7
04117  14   88.4
04118  15   88.0
04119  13   88.6
04120  14   89.4
04121  15   88.6
04122  15   87.8
04123  13   91.5
04124  13   88.5
04125  15   88.6
04126  15   89.5
04127  14   89.5
04128  14   90.0
04129  15   91.6
04130  14   94.3
04131  15   90.3
04132  15   90.1
04133  17   87.7
04134  15   88.3
04135  13   87.9
04136  14   87.6
04137  15   87.8
04138  15   88.8
04139  16   91.5
04140  15   87.9
04141  14   86.6
04142  15   86.8
04143  15   91.3
04144  15   90.6
04145  16   87.4
04146  15   85.6
04147  14   87.2
04148  15   85.0
04149  18   92.0
04150  15   94.5
04151  15   89.9
04152  15   90.6
04153  15   91.9
04154  14   93.2
04155  15   92.2
04156  16   90.6
04157  14   91.7
04158  13   93.8
04159  15   90.9
04160  16   90.3
04161  14   90.1
04162  14   90.0
04163  14   91.5
04164  17   92.5
04165  14   92.9
04166  14   91.4
04167  16   88.8
04168  13   91.2
04169  16   93.6
04170  15   90.9
04171  15   93.2
04172  14   91.8
04173  16   90.5
04174  15   88.8
04175  13   92.2
04176  14   91.4
04177   8   93.4
04178   8   92.6
04179   9   92.2
04180   9   90.8
04181   9   92.4
04182  10   92.0
04183   8   94.1
04184   8   93.3
04185   7   93.3
04186   9   92.3
04187   8   93.5
04188   9   92.7
04189   9   94.1
04190   9   92.1
04191   9   94.1
04192   7   93.4
04193  10   92.0
04194   9   93.1
04195   8   94.2
04196   9   90.2
04197   9   92.8
04198  10   90.5
04199   9   92.8
04200  10   89.1
04201   9   93.1
04202   9   92.3
04203   9   91.4
04204   9   91.6
04205   9   92.4
04206   9   91.0
04207   8   93.2
04208   9   92.1
04209   9   92.7
04210   9   93.2
04211   9   91.8
04212   9   92.2
04213   9   90.9
04214   9   92.1
04215   9   92.8
04216   9   92.2
04217   9   93.1
04218   9   93.2
04219   9   91.8
04220   9   93.0
04221   9   94.4
04222   9   92.2
04223   9   94.7
04224   9   93.8
04225  10   92.0
04226  10   93.8
04227   8   93.6
04228   9   92.2
04229  10   92.6
04230   8   91.7
04231   8   91.7
04232   8   92.7
04233   8   92.4
04234   8   93.1
04235   8   92.7
04236   8   92.7
04237   8   92.7
04238   9   93.5
04239   9   93.4
04240   9   92.8
04241   9   95.0
04242   8   95.5
04243   9   93.6
04244   9   96.3
04245   9   93.0
04246   9   92.7
04247   9   92.1
04248   8   94.8
04249   8   92.7
04250  10   92.6
04251   9   93.7
04252  10   92.8
04253  10   91.6
04254  10   91.9
04255   9   94.1
04256   9   93.8
04257  10   91.3
04258   9   93.9
04259   9   91.7
04260   9   93.2
04261   9   92.2
04262   9   93.0
04263   9   91.9
04264   9   93.6
04265   9   93.1
04266   9   92.9
04267   9   92.7
04268   9   92.6
04269   9   94.2
04270   9   93.1
04271   9   94.7
04272   9   92.0
04273  10   91.2
04274   8   93.3
04275   7   93.1
04276   7   93.0
04277   8   93.0
04278   8   91.8
04279   8   94.4
04280   9   92.8
04281   9   93.4
04282   9   91.8
04283  10   91.8
04284   9   93.1
04285  10   93.2
04286   9   92.5
04287   9   93.3
04288   9   92.4
04289  10   91.5
04290   9   93.3
04291   9   92.4
04292  10   93.1
04293   8   93.0
04294   6   93.9
04295   8   93.4
04296   8   94.2
04297   9   94.2
04298  10   92.7
04299   8   92.6
04300   9   90.0
04301   9   93.4
04302   9   93.7
04303   7   91.7
04304   7   92.8
04305   8   93.0
04306   8   94.0
04307   9   88.3
04308   9   87.4
04309   9   91.7
04310   9   92.6
04311   9   94.2
04312   9   92.1
04313   9   92.5
04314   9   93.9
04315   9   93.0
04316   9   92.6
04317   8   91.9
04318   9   92.4
04319   8   91.7
04320   9   92.9
04321   8   94.0
04322   8   93.9
04323   8   92.8
04324   9   92.5
04325   9   92.1
04326   9   94.4
04327   9   93.2
04328   8   91.5
04329   8   90.7
04330   9   93.1
04331   9   94.6
04332   9   93.0
04333   9   92.4
04334   9   92.3
04335   8   90.8
04336   9   92.4
04337   9   94.2
04338   7   94.2
04339   7   92.5
04340   9   93.3
04341  10   91.9
04342   8   91.9
04343   7   93.5
04344   8   90.0
04345   7   94.8
04346   7   91.8
04347   8   89.7
04348   8   92.5
04349   8   93.4
04350   8   90.6
04351   8   92.9
04352   8   94.1
04353   9   93.6
04354   8   92.1
04355   9   94.4
04356   9   94.0
04357   9   92.8
04358   9   93.8
04359   8   93.6
04360   9   92.6
04361   9   92.5
04362   9   90.8
04363   9   90.7
04364   8   89.3
04365   8   92.8
04366   5   89.7
05001   6   90.9
05002   7   72.3
05003   7   87.2
05004  10   89.3
05005   8   92.2
05006   6   93.1
05007   6   92.7
05008   6   94.6
05009   8   93.9
05010   9   94.0
05011   7   93.4
05012   8   91.7
05013   8   92.5
05014   8   91.9
05015   9   93.9
05016   7   95.0
05017  10   90.7
05018   8   91.6
05019   9   92.1
05020   9   92.2
05021   8   92.5
05022   9   92.7
05023   9   92.3
05024   9   90.7
05025   9   92.6
05026   8   93.5
05027   9   91.9
05028   8   94.3
05029   9   91.9
05030   8   91.8
05031   9   93.0
05032   9   93.1
05033   7   91.3
05034   8   93.1
05035   7   92.8
05036   8   93.9
05037   9   92.3
05038   8   92.4
05039   8   93.1
05040   9   93.4
05041   9   92.9
05042   8   94.5
05043   8   94.2
05044   8   93.3
05045   8   94.5
05046   8   93.9
05047   8   93.7
05048   9   92.5
05049   8   93.2
05050   9   93.1
05051   8   93.2
05052   9   91.4
05053   9   93.0
05054  10   93.8
05055   9   93.4
05056  10   91.4
05057  10   92.5
05058  10   92.3
05059   9   92.0
05060  10   93.6
05061   9   92.8
05062   8   90.7
05063   9   91.7
05064   9   93.2
05065   9   92.3
05066   9   92.2
05067   9   93.6
05068   9   93.8
05069   8   93.9
05070   9   92.0
05071   9   92.8
05072   8   94.3
05073   9   94.0
05074  10   93.4
05075   8   92.3
05076   8   94.1
05077   8   94.4
05078   9   92.6
05079   8   94.8
05080   8   93.7
05081   8   94.2
05082   9   94.0
05083   9   94.2
05084   9   94.6
05085   8   91.8
05086   8   93.5
05087   9   93.9
05088   8   93.1
05089   9   93.9
05090   9   92.2
05091   8   93.9
05092   8   94.7
05093   7   95.3
05094   7   94.1
05095   8   94.9
05096   7   93.2
05097   8   92.7
05098   7   94.5
05099   7   94.7
05100   8   94.7
05101   6   93.9
05102   8   93.2
05103   8   94.3
05104  10   91.2
05105   7   92.7
05106   7   94.2
05107   7   90.8
05108   7   94.6
05109   8   93.5
05110   9   93.2
05111   9   92.1
05112   9   93.9
05113   8   94.0
05114   8   94.0
05115   8   91.6
05116  10   92.8
05117   9   94.7
05118   8   95.4
05119  10   92.4
05120   9   92.4
05121   9   92.2
05122   8   90.5
05123  10   91.7
05124   8   92.8
05125  11   93.2
05126  11   91.4
05127  10   92.8
05128  11   92.3
05129   9   92.0
05130   9   93.6
05131  10   93.6
05132  10   93.5
05133  10   94.1
05134   9   91.0
05135   9   93.8
05136  10   95.1
05137   9   94.7
05138   8   93.0
05139   8   92.3
05140   9   94.5
05141   9   91.8
05142   9   92.6
05143   8   93.9
05144   8   92.0
05145   9   92.4
05146   8   93.0
05147   9   92.8
05148   9   93.3
05149   9   94.6
05150   8   91.6
05151  10   94.2
05152   9   95.2
05153   9   93.7
05154   9   93.9
05155   9   95.9
05156   9   90.9
05157   9   90.3
05158   9   92.9
05159   9   93.8
05160   9   92.1
05161   9   92.4
05162  10   92.2
05163   9   90.5
05164   8   92.2
05165  10   92.2
05166  10   91.2
05167   9   94.0
05168   9   91.7
05169   9   91.1
05170   9   93.7
05171  10   93.1
05172   9   93.7
05173   9   92.8
05174  10   94.1
05175  10   93.2
05176  10   93.5
05177   9   92.5
05178   9   93.3
05179  10   94.3
05180  10   95.3
05181   9   92.6
05182  10   94.1
05183   9   93.3
05184   9   90.8
05185  10   92.1
05186  10   94.7
05187  10   94.0
05188  10   92.7
05189   9   93.6
05190   9   94.6
05191   9   93.3
05192   9   91.7
05193   9   94.8
05194   9   92.5
05195   8   93.4
05196   9   92.1
05197   9   92.7
05198   9   93.8
05199   8   95.0
05200  10   94.0
05201   9   92.9
05202  10   93.4
05203  10   92.9
05204  10   92.0
05205   9   92.3
05206   8   93.6
05207  10   92.1
05208  10   90.9
05209   9   94.1
05210   9   93.8
05211   9   93.7
05212   8   93.9
05213   9   93.2
05214   9   93.8
05215  10   93.4
05216   9   94.4
05217   9   93.7
05218   9   93.7
05219   9   94.8
05220   9   95.8
05221  10   94.4
05222   9   93.1
05223   9   95.6
05224   9   93.1
05225   9   94.2
05226  10   94.2
05227  10   94.8
05228   9   93.1
05229   9   94.2
05230   9   93.4
05231   9   94.4
05232   9   92.5
05233   7   95.1
05234   8   93.6
05235   8   94.4
05236  10   93.8
05237   9   93.3
05238   9   94.6
05239   9   95.8
05240   8   94.5
05241  10   94.3
05242  10   91.9
05243   9   94.3
05244   9   92.2
05245   9   93.5
05246   9   92.1
05247   9   93.6
05248   9   92.5
05249   9   92.5
05250   9   92.8
05251   9   93.6
05252   9   93.2
05253   9   93.1
05254   9   94.2
05255   8   92.9
05256   9   94.1
05257   9   93.5
05258  10   94.6
05259  11   91.0
05260  10   95.1
05261   9   93.9
05262  10   94.3
05263  10   93.1
05264  10   94.1
05265  10   92.1
05266   9   93.0
05267   9   92.8
05268   9   95.1
05269  10   95.6
05270   9   94.1
05271   9   93.2
05272  10   93.8
05273  11   92.4
05274  10   93.3
05275  11   95.3
05276  10   94.4
05277  10   94.3
05278  10   92.9
05279  10   94.4
05280   9   94.4
05281  11   95.5
05282  11   93.1
05283  10   93.4
05284  10   92.6
05285   8   92.9
05286  11   94.4
05287  10   92.8
05288  10   92.7
05289  10   95.1
05290  11   92.7
05291  11   92.1
05292  10   94.1
05293   9   93.4
05294  10   94.8
05295   9   95.2
05296  10   95.1
05297  10   94.6
05298  10   94.8
05299  10   93.7
05300  10   96.0
05301  10   95.3
05302  10   93.6
05303   9   92.0
05304  10   93.4
05305   9   95.1
05306   9   93.2
05307   9   94.2
05308   9   93.6
05309   9   93.8
05310  10   93.5
05311  10   93.2
05312  11   94.4
05313  11   92.4
05314  10   93.6
05315  11   92.5
05316  11   91.4
05317  11   88.2
05318  11   88.9
05319  11   90.9
05320  10   92.2
05321  11   94.4
05322  11   90.9
05323  10   91.8
05324   9   92.9
05325  10   91.9
05326   9   95.0
05327   9   91.9
05328   9   90.9
05329  10   92.4
05330   9   92.6
05331   8   92.8
05332   8   90.4
05333   8   91.5
05334   8   92.1
05335   8   91.6
05336   9   94.2
05337   9   91.8
05338   8   94.1
05339   9   92.1
05340   8   92.5
05341  10   95.1
05342  10   92.4
05343  10   94.4
05344  10   92.8
05345   9   94.2
05346  10   94.2
05347  10   94.2
05348   8   94.3
05349  10   92.3
05350  10   92.6
05351  10   89.4
05352   8   86.7
05353   7   90.8
05354   8   88.7
05355   9   92.7
05356   9   91.2
05357  10   92.0
05358  10   95.0
05359   9   90.8
05360  10   94.2
05361  10   90.1
05362   9   91.6
05363  10   93.0
05364  10   91.7
05365  10   90.0
06001  10   92.6
06002   9   91.9
06003  10   93.3
06004  10   93.9
06005  10   94.5
06006   9   90.2
06007   9   93.2
06008  10   93.0
06009  10   91.9
06010  10   93.2
06011   9   93.5
06012   9   93.6
06013   8   95.3
06014   9   92.5
06015   9   95.3
06016   9   94.7
06017   9   92.9
06018   9   92.4
06019   9   93.6
06020   8   93.5
06021   8   93.8
06022   8   94.5
06023   8   93.0
06024   8   94.1
06025   7   92.7
06026   8   92.7
06027   8   93.5
06028   8   94.4
06029   8   92.7
06030   8   93.2
06031   9   94.1
06032   9   93.5
06033   8   93.7
06034   8   96.0
06035   8   93.1
06036   8   91.7
06037   8   93.1
06038   9   90.5
06039  10   91.7
06040   8   93.3
06041   9   92.3
06042   8   91.0
06043   8   93.2
06044   9   93.4
06045   8   93.4
06046   9   93.1
06047  10   91.5
06048   9   93.3
06049   9   93.2
06050   9   91.3
06051   8   91.3
06052   8   90.3
06053   8   92.2
06054   8   92.7
06055   8   91.7
06056   8   94.5
06057   8   90.3
06058   8   92.4
06059   7   92.0
06060   8   90.3
06061   8   92.8
06062   8   92.6
06063   8   93.0
06064   9   94.3
06065   9   91.0
06066   9   93.8
06067   9   92.2
06068   8   92.3
06069   8   91.9
06070   9   94.7
06071  10   93.4
06072  10   92.3
06073   8   94.2
06074   7   95.1
06075  10   92.2
06076  10   93.5
06077  10   93.7
06078  10   95.2
06079  10   95.4
06080  10   93.1
06081  10   95.0
06082  10   95.4
06083  10   94.5
06084  10   91.7
06085  10   94.8
06086  11   93.3
06087   8   93.5
06088   8   94.2
06089   8   92.8
06090   8   91.5
06091   8   91.7
06092   8   94.9
06093   8   91.7
06094   8   91.9
06095   8   90.6
06096   8   92.0
06097   8   93.8
06098   8   93.0
06099   8   91.0
06100   8   89.0
06101   8   90.0
06102   9   93.5
06103   7   92.8
06104   8   93.2
06105   8   94.3
06106   8   90.0
06107   8   93.1
06108   8   94.5
06109   8   90.8
06110   8   92.3
06111   7   91.6
06112   9   93.5
06113   8   93.1
06114   8   94.4
06115   8   94.4
06116   9   92.9
06117   8   92.1
06118   9   93.7
06119   8   94.2
06120   8   92.7
06121   8   92.8
06122   9   93.7
06123   8   94.7
06124  10   94.9
06125   8   94.3
06126   8   92.9
06127   8   92.7
06128   9   93.0
06129   9   91.4
06130   8   93.2
06131   8   93.9
06132   9   93.9
06133   8   92.1
06134   8   94.5
06135   9   91.0
06136   8   93.2
06137   9   92.7
06138  10   94.2
06139  10   94.5
06140  10   94.5
06141  10   94.7
06142  10   93.1
06143  10   92.2
06144  10   92.6
06145  10   93.2
06146  10   91.7
06147  10   93.1
06148  10   93.6
06149   9   92.5
06150  10   91.7
06151   9   91.6
06152   7   92.2
06153  10   91.8
06154  10   91.5
06155  10   93.9
06156  10   92.9
06157   9   91.4
06158  10   93.8
06159  10   90.4
06160  10   93.6
06161  10   95.2
06162  10   94.2
06163   8   93.1
06164  10   93.7
06165  10   94.7
06166  10   93.5
06167  10   91.8
06168  10   93.0
06169  10   92.3
06170  10   93.2
06171  10   92.4
06172  10   93.2
06173  10   93.0
06174  10   95.4
06175  10   94.6
06176  10   92.7
06177  10   93.4
06178  11   90.9
06179  10   90.6
06180  10   92.6
06181   9   93.9
06182   9   92.7
06183  10   92.2
06184  10   93.2
06185   9   94.4
06186   9   92.1
06187   9   91.6
06188  10   89.8
06189   9   93.0
06190   9   92.1
06191   9   91.6
06192  10   93.6
06193  10   93.9
06194   9   94.5
06195  10   92.0
06196  10   93.0
06197  10   92.8
06198   9   92.3
06199   9   93.3
06200  10   93.4
06201  10   94.2
06202  10   94.3
06203  10   94.9
06204  10   95.0
06205  10   92.6
06206  10   92.7
06207   9   93.2
06208  10   94.5
06209  10   93.9
06210  10   93.4
06211  10   92.6
06212  10   91.9
06213   9   92.8
06214  10   91.9
06215  10   91.4
06216  10   93.8
06217  10   93.2
06218   9   94.4
06219  10   95.1
06220  10   92.2
06221   8   93.7
06222   9   92.7
06223   9   91.8
06224   9   93.9
06225   9   92.8
06226   9   93.0
06227  10   93.7
06228   9   92.7
06229   8   94.0
06230  10   94.2
06231   9   94.5
06232   9   91.8
06233   9   93.0
06234  10   93.8
06235   9   93.0
06236  10   94.6
06237  10   90.7
06238  11   91.6
06239  10   94.5
06240  11   91.7
06241  11   91.1
06242  11   91.8
06243  11   93.8
06244  11   92.5
06245  10   91.3
06246  10   94.3
06247  10   93.6
06248  10   94.5
06249  11   91.8
06250  10   91.9
06251  10   92.6
06252   9   94.3
06253  10   92.9
06254  10   93.9
06255  10   94.0
06256  11   94.0
06257  11   93.2
06258   9   93.3
06259   8   95.4
06260   9   94.0
06261   9   93.4
06262   9   91.7
06263   9   93.9
06264   9   93.0
06265  10   92.5
06266  10   95.5
06267  10   93.7
06268  10   94.8
06269  10   95.4
06270  10   93.7
06271  11   94.1
06272   7   95.0
06273   8   93.9
06274   8   92.6
06275   8   94.8
06276   9   94.1
06277   9   93.8
06278  10   92.3
06279  10   91.2
06280   9   94.3
06281   9   93.4
06282  10   93.6
06283  10   94.7
06284   9   94.3
06285   9   95.4
06286   9   92.1
06287   9   92.8
06288   9   92.6
06289   9   93.6
06290   9   91.5
06291   9   90.8
06292   9   92.8
06293   9   92.5
06294   9   91.9
06295  10   92.5
06296  10   94.0
06297  10   94.1
06298  10   94.8
06299   9   92.6
06300   9   91.5
06301   9   93.4
06302   9   92.4
06303   9   91.9
06304   9   92.6
06305   9   92.0
06306   9   93.3
06307   9   92.4
06308   9   93.2
06309   9   92.3
06310   8   93.8
06311  10   93.3
06312  10   92.9
06313  10   93.5
06314   9   89.7
06315   9   92.7
06316  10   91.4
06317  10   90.9
06318   9   93.3
06319   9   92.3
06320   9   93.8
06321   9   91.5
06322   9   93.6
06323   9   92.9
06324   9   92.4
06325   9   92.3
06326   9   93.6
06327  10   93.9
06328   9   94.2
06329   9   94.3
06330   9   93.2
06331   9   91.8
06332   8   94.4
06333   9   93.6
06334   9   93.9
06335   9   96.0
06336  10   93.6
06337  10   92.9
06338   9   92.7
06339  10   94.5
06340  10   92.4
06341   9   94.1
06342   9   94.5
06343   9   92.2
06344   9   92.8
06345   9   93.8
06346   8   93.1
06347   8   96.4
06348   9   93.9
06349   9   93.1
06350  10   95.2
06351  10   93.2
06352  10   91.3
06353   7   92.0
06354   7   92.1
06355   8   92.3
06356   8   92.8
06357   8   93.4
06358   8   93.2
06359   8   92.2
06360   8   90.9
06361   9   95.8
06362   9   92.7
06363   9   93.8
06364   9   95.5
06365   9   93.6
07001   9   93.6
07002   9   91.5
07003   8   91.5
07004   9   92.4
07005   9   91.9
07006   9   93.6
07007   9   94.2
07008  10   93.8
07009   9   94.3
07010   9   93.6
07011   9   94.9
07012   7   95.7
07013   7   93.5
07014   7   94.6
07015   7   94.7
07016   7   94.4
07017   8   95.4
07018  10   94.0
07019   8   92.8
07020   8   95.2
07021   8   95.8
07022   8   95.7
07023   7   93.9
07024   7   95.2
07025   7   94.5
07026   7   94.0
07027   8   94.7
07028   7   96.0
07029   8   91.4
07030   8   93.5
07031   7   93.3
07032   8   92.2
07033   8   92.6
07034   8   91.5
07035   7   93.3
07036   7   92.9
07037   8   93.4
07038   8   93.1
07039   8   94.6
07040   8   94.1
07041   8   94.3
07042   9   93.2
07043   9   94.8
07044   9   94.4
07045   8   93.3
07046   9   93.3
07047   8   91.6
07048   7   93.0
07049   8   94.3
07050   7   91.7
07051   8   93.6
07052   7   91.4
07053   7   93.9
07054   8   91.0
07055   7   88.4
07056   9   93.8
07057   8   90.1
07058   8   91.1
07059   9   92.4
07060   7   93.4
07061   9   94.9
07062   9   94.0
07063   9   93.1
07064   9   93.5
07065   9   95.4
07066   9   94.2
07067   8   93.7
07068   9   93.6
07069  10   95.0
07070   9   94.2
07071   8   93.1
07072   9   93.1
07073   9   91.8
07074   8   91.5
07075   7   89.1
07076   8   91.6
07077   8   94.2
07078   8   90.7
07079   8   92.1
07080   8   90.4
07081   8   91.0
07082   8   92.8
07083   8   91.8
07084   8   91.6
07085   8   89.2
07086   8   94.5
07087   8   92.2
07088   7   92.6
07089   6   93.0
07090   6   91.8
07091   6   91.8
07092   8   90.3
07093   7   92.2
07094   6   88.6
07095   6   91.6
07096   8   93.5
07097   8   94.1
07098   8   93.8
07099   8   93.8
07100   7   92.7
07101   7   93.0
07102   9   90.7
07103   8   91.7
07104   8   89.8
07105   7   95.3
07106   7   91.6
07107   7   88.3
07108   7   88.1
07109   9   91.7
07110   7   89.8
07111   9   94.9
07112   8   89.8
07113   9   93.5
07114   9   90.4
07115   6   95.5
07116   8   92.3
07117   7   90.9
07118   7   93.0
07119   5   94.4
07120   4   89.6
07121   6   94.5
07122   4   96.4
07123   5   93.1
07124   5   88.0
07125   5   94.4
07126   5   95.8
07127   6   94.1
07128   5   91.5
07129   4   93.2
07130   6   90.4
07131   6   95.6
07132   6   91.8
07133   6   94.1
07134   5   94.4
07135   6   94.8
07136   7   92.9
07137   7   92.6
07138   7   92.2
07139   7   93.3
07140   7   91.9
07141   7   92.0
07142   7   88.8
07143   8   88.3
07144  10   92.9
07145   8   90.8
07146   8   92.6
07147   9   91.7
07148   8   92.0
07149  10   94.0
07150   9   89.2
07151   7   91.8
07152   7   88.6
07153   8   93.3
07154   9   92.7
07155   7   89.9
07156   8   93.2
07157   6   92.9
07158   8   90.5
07159   7   91.0
07160   8   93.9
07161   7   89.3
07162   7   92.7
07163   9   93.6
07164   7   91.9
07165   6   90.9
07166   7   93.1
07167   7   89.8
07168   7   89.9
07169   7   90.7
07170   8   90.8
07171   8   91.2
07172   7   92.7
07173   9   91.4
07174   8   90.2
07175   8   93.7
07176   8   90.5
07177   8   92.4
07178   8   90.6
07179  10   92.3
07180   9   93.2
07181   8   91.3
07182   8   92.6
07183  10   92.4
07184   8   92.4
07185   8   92.5
07186   8   91.4
07187   7   93.4
07188   8   92.1
07189   8   93.3
07190   8   92.7
07191   8   92.6
07192   8   93.4
07193  10   92.5
07194  10   90.5
07195  10   92.7
07196   9   91.2
07197  10   91.4
07198  10   92.9
07199   9   91.1
07200   9   92.6
07201   9   90.0
07202  10   90.9
07203  10   91.8
07204  10   90.2
07205   9   93.4
07206   9   94.4
07207   9   93.5
07208  10   93.1
07209   9   91.8
07210   8   92.0
07211   9   93.3
07212   9   92.9
07213   9   90.6
07214   9   92.4
07215   9   91.1
07216   9   90.5
07217  10   92.2
07218   9   91.2
07219   9   89.7
07220  10   93.0
07221   9   91.5
07222  10   92.4
07223   9   91.4
07224   9   92.1
07225   9   91.3
07226   9   92.6
07227   9   92.3
07228   9   91.4
07229   9   90.1
07230   9   91.4
07231   9   90.3
07232   9   93.6
07233   9   92.8
07234   9   92.5
07235  11   91.4
07236  10   93.4
07237  10   91.2
07238  10   91.2
07239  12   92.3
07240  12   92.6
07241  11   93.0
07242  12   92.7
07243  12   92.5
07244  10   92.9
07245  10   92.0
07246  13   91.9
07247  12   89.9
07248  11   90.3
07249  12   89.0
07250  11   90.8
07251  10   93.9
07252   9   90.4
07253  10   91.6
07254  12   91.5
07255  10   91.7
07256   9   90.4
07257  10   91.6
07258   9   91.6
07259   9   90.8
07260  11   92.1
07261  10   90.5
07262  10   91.8
07263   9   91.8
07264   9   91.3
07265   9   92.2
07266   9   92.8
07267  10   90.3
07268  10   92.4
07269  10   91.4
07270  10   93.6
07271  10   93.4
07272  11   93.2
07273  10   93.2
07274   9   94.0
07275   9   92.7
07276   8   91.7
07277   9   90.0
07278   9   90.5
07279   9   90.4
07280   8   91.0
07281   9   93.4
07282  10   93.7
07283   9   92.9
07284  10   93.2
07285  10   91.4
07286   9   93.3
07287   9   92.7
07288  10   92.8
07289   7   93.3
07290  10   92.1
07291  10   92.8
07292  10   91.6
07293  10   93.9
07294  10   93.1
07295  10   92.6
07296   9   94.9
07297  10   91.4
07298  10   88.7
07299  10   92.0
07300  10   92.1
07301  10   90.1
07302   9   90.8
07303  10   92.7
07304  10   88.3
07305  10   91.8
07306   9   92.2
07307  11   90.9
07308  10   92.8
07309  11   91.5
07310  11   91.5
07311  10   93.9
07312  12   91.4
07313  11   93.8
07314  10   93.2
07315  11   91.8
07316  11   93.3
07317  10   93.3
07318  10   90.6
07319  10   93.7
07320  10   93.1
07321   9   92.9
07322   9   93.1
07323  11   91.6
07324  10   90.6
07325  11   91.7
07326  10   93.6
07327  11   95.1
07328  11   92.8
07329  11   90.3
07330  10   90.0
07331  11   91.2
07332  10   90.7
07333  10   91.1
07334  10   91.7
07335  11   91.0
07336  11   91.1
07337  11   90.5
07338  10   90.9
07339  11   90.6
07340  11   91.0
07341  10   91.2
07342  10   91.0
07343  10   91.3
07344  10   88.4
07345  10   92.9
07346  11   90.2
07347  11   90.0
07348  11   89.9
07349  11   89.9
07350  11   91.0
07351  11   89.9
07352  11   89.4
07353  11   91.2
07354  10   94.7
07355  11   90.4
07356  11   91.6
07357  11   91.4
07358  11   89.9
07359  11   90.2
07360  10   91.7
07361  12   91.9
07362  11   93.0
07363  11   92.1
07364  11   91.3
07365  11   92.9
08001  11   92.7
08002  11   93.4
08003  11   92.8
08004  11   94.0
08005  11   94.3
08006  11   92.4
08007   9   93.6
08008  11   92.1
08009  11   90.5
08010  10   90.4
08011  10   90.8
08012  10   92.1
08013  10   90.4
08014  10   92.5
08015  11   93.1
08016  10   91.5
08017  11   91.8
08018  10   92.5
08019  10   90.9
08020  10   92.1
08021  10   92.3
08022   8   92.4
08023   9   90.1
08024  10   91.8
08025   9   89.9
08026   9   92.4
08027   9   89.7
08028  10   92.1
08029  10   91.5
08030  11   90.5
08031  11   90.4
08032  10   88.4
08033  10   88.7
08034  10   89.1
08035   9   84.5
08036   9   86.0
08037  11   85.3
08038  10   90.3
08039  10   91.8
08040  10   92.3
08041   9   92.3
08042   9   91.0
08043  10   92.3
08044  10   92.4
08045  10   91.9
08046  11   92.6
08047   9   92.6
08048   9   92.3
08049   9   91.4
08050  10   88.3
08051   8   89.4
08052   9   91.2
08053   9   91.2
08054   9   90.7
08055   9   93.2
08056   9   92.8
08057  11   90.3
08058  11   93.9
08059  10   91.7
08060  10   91.5
08061  10   90.9
08062  10   91.1
08063  10   91.1
08064  10   91.9
08065  10   87.2
08066  10   90.6
08067  10   91.4
08068  10   92.6
08069  10   91.7
08070  14   89.9
08071  10   92.0
08072  10   88.9
08073  10   88.8
08074   9   91.7
08075   9   91.3
08076   9   91.8
08077   9   93.6
08078   8   92.7
08079   8   92.3
08080   9   91.4
08081   9   91.8
08082   8   91.0
08083   8   91.4
08084   8   91.3
08085   9   89.2
08086   9   90.7
08087   9   91.3
08088   9   92.4
08089   9   93.7
08090   9   90.9
08091   9   91.8
08092   9   94.1
08093   9   93.3
08094   9   91.6
08095   9   94.4
08096   9   92.9
08097   9   93.7
08098   9   93.5
08099   9   92.9
08100   9   92.1
08101  10   92.5
08102   9   91.9
08103   9   92.3
08104   9   91.4
08105   9   91.7
08106   9   90.9
08107  10   92.7
08108   9   92.9
08109   9   91.6
08110   8   95.0
08111   8   95.5
08112   9   93.8
08113   9   93.6
08114   9   94.0
08115   9   94.4
08116   9   92.8
08117   9   92.8
08118  10   93.7
08119  11   92.6
08120  10   93.2
08121  10   95.3
08122   9   94.5
08123   9   94.6
08124   9   93.3
08125   9   91.4
08126  10   91.4
08127   9   92.5
08128  11   90.2
08129   8   93.2
08130   8   94.6
08131   8   95.0
08132   8   94.7
08133   9   91.4
08134   9   91.8
08135   9   92.9
08136   9   92.9
08137   9   93.4
08138   9   93.0
08139   9   92.9
08140   9   91.2
08141   9   91.3
08142  11   92.2
08143   9   93.4
08144   8   90.0
08145   9   92.3
08146   9   93.5
08147   8   94.9
08148   8   94.6
08149   9   90.6
08150  10   93.3
08151  10   90.9
08152   9   92.9
08153   9   90.3
08154   9   92.4
08155  11   91.4
08156  11   91.8
08157  11   92.4
08158   9   91.3
08159  11   93.4
08160  11   93.8
08161  11   93.6
08162  11   92.3
08163  11   92.8
08164  10   94.5
08165  10   94.9
08166   8   93.1
08167   9   94.8
08168   8   92.4
08169   8   93.5
08170  10   92.7
08171   9   92.9
08172   9   92.4
08173   9   92.3
08174   9   93.5
08175   9   94.3
08176   9   92.4
08177   9   90.2
08178   9   93.1
08179  11   89.5
08180  10   93.8
08181   9   93.7
08182  10   87.6
08183   9   91.2
08184   9   90.1
08185   9   91.2
08186   9   93.6
08187   9   91.5
08188   9   93.8
08189  10   89.0
08190   9   94.2
08191   9   94.2
08192   9   88.9
08193   9   93.9
08194   9   91.8
08195   9   93.1
08196   9   90.3
08197   9   92.6
08198   9   93.9
08199   9   93.6
08200   9   92.0
08201   9   88.8
08202   9   92.2
08203   9   92.1
08204   9   86.8
08205  10   89.3
08206  11   89.4
08207  10   88.8
08208   9   87.2
08209   9   93.0
08210   9   93.7
08211   9   90.7
08212   8   92.5
08213   9   94.0
08214   9   93.6
08215   9   93.8
08216   9   92.6
08217   9   91.7
08218   9   93.2
08219   9   93.8
08220   9   92.1
08221   9   94.3
08222   9   95.1
08223   9   96.1
08224   9   94.7
08225   8   94.1
08226   8   90.6
08227  10   93.1
08228   9   94.7
08229   9   94.9
08230   9   94.8
08231  10   94.5
08232   9   91.5
08233  10   94.4
08234  10   94.0
08235   9   93.7
08236   9   92.3
08237   7   94.4
08238  10   94.3
08239   9   92.0
08240   9   93.7
08241   9   93.5
08242  10   93.7
08243   9   95.0
08244   9   93.5
08245   9   91.6
08246   8   89.8
08247   8   91.3
08248   8   93.1
08249   8   94.1
08250   9   90.8
08251   8   91.6
08252   8   94.1
08253   8   91.0
08254   7   90.3
08255   9   91.7
08256   9   93.2
08257   9   89.9
08258   9   92.2
08259  10   89.5
08260   9   92.8
08261   7   89.9
08262  10   95.0
08263   8   93.2
08264   8   93.2
08265   8   93.1
08266  10   92.0
08267   9   93.4
08268   8   87.6
08269   8   88.5
08270   8   89.5
08271   8   90.8
08272   9   94.5
08273   9   93.6
08274   9   94.7
08275   9   94.5
08276   9   93.9
08277   9   93.2
08278   9   94.3
08279   9   92.9
08280   9   92.9
08281   9   93.3
08282   9   93.5
08283   9   90.5
08284   9   92.3
08285   9   92.4
08286   9   93.1
08287   9   93.3
08288   9   93.8
08289   9   93.6
08290   9   91.3
08291   9   92.8
08292   9   93.5
08293   9   93.7
08294   9   94.2
08295   9   93.5
08296   9   94.7
08297   9   94.9
08298   9   94.2
08299   9   94.5
08300   9   93.9
08301   9   92.7
08302   9   92.4
08303   8   92.9
08304   9   93.4
08305   9   94.6
08306   9   94.0
08307   9   94.7
08308   9   90.8
08309   9   93.3
08310  11   89.6
08311  10   90.1
08312   9   93.6
08313   9   93.7
08314   9   94.3
08315   9   94.0
08316   9   94.2
08317   9   95.0
08318   9   93.1
08319   9   94.8
08320   9   95.7
08321   9   94.6
08322   9   95.3
08323   9   92.0
08324   9   94.3
08325   9   94.9
08326   9   94.5
08327   9   94.8
08328   9   94.7
08329   9   93.7
08330   8   92.1
08331   9   93.5
08332   9   92.4
08333   9   92.9
08334   9   92.5
08335   8   93.3
08336   9   93.3
08337   9   94.8
08338   9   92.6
08339   9   95.2
08340   9   93.6
08341   9   94.3
08342   9   94.0
08343   9   94.1
08344   9   94.6
08345   9   93.3
08346   9   91.2
08347   9   94.0
08348   9   94.6
08349   9   94.5
08350   9   94.5
08351   9   94.5
08352   9   93.4
08353   9   93.9
08354   8   92.0
08355   9   94.7
08356   9   94.3
08357   9   93.8
08358   9   93.9
08359   9   94.1
08360   9   94.0
08361   9   94.4
08362   9   93.9
08363   9   94.0
08364   8   85.5
08365  10   88.2
08366  10   86.8
09001  10   91.1
09002  10   89.0
09003   9   94.5
09004   9   93.4
09005   9   94.7
09006   9   93.3
09007   9   93.3
09008   9   92.9
09009   9   94.1
09010   9   93.7
09011   9   94.8
09012   9   92.4
09013  10   90.2
09014  10   89.5
09015  10   92.0
09016   9   93.1
09017   8   92.4
09018   9   93.1
09019   9   93.9
09020   9   93.6
09021   9   89.7
09022   9   94.7
09023   9   93.5
09024   9   93.5
09025   8   94.1
09026   9   93.5
09027   9   94.3
09028   9   93.2
09029   9   93.5
09030   9   88.6
09031   9   93.1
09032   9   94.5
09033   9   89.3
09034   9   93.5
09035   9   94.2
09036   9   93.7
09037   9   94.5
09038   8   95.0
09039   9   94.2
09040   9   94.7
09041   8   95.9
09042   9   87.5
09043   9   91.0
09044   9   93.8
09045   9   94.1
09046   9   92.6
09047   9   92.0
09048   9   93.0
09049   9   92.0
09050   9   93.0
09051   9   93.2
09052   9   92.6
09053   9   94.4
09054   9   95.5
09055   9   93.4
09056   9   89.4
09057   9   92.1
09058   9   93.6
09059   9   93.4
09060   9   93.9
09061   9   92.7
09062   9   93.7
09063   9   92.0
09064   9   93.0
09065   9   93.6
09066   9   92.4
09067   9   93.7
09068   9   92.0
09069   9   93.2
09070   9   91.4
09071   9   89.7
09072   8   94.8
09073   9   95.4
09074   9   94.7
09075   9   94.5
09076   9   91.8
09077   9   89.8
09078   9   89.3
09079   9   94.2
09080   9   94.4
09081   9   95.1
09082   9   94.0
09083   9   94.8
09084   8   83.6
09085   8   93.1
09086   8   91.9
09087   8   94.1
09088   9   94.5
09089   8   89.8
09090   9   93.6
09091   9   93.1
09092   9   90.2
09093   9   90.6
09094   8   92.7
09095   9   92.4
09096   8   91.0
09097   8   94.8
09098   9   93.0
09099   9   92.2
09100   9   93.4
09101   9   93.1
09102   8   92.1
09103   8   93.4
09104   8   92.8
09105   8   93.9
09106   8   94.7
09107   8   93.6
09108   8   94.1
09109   8   93.7
09110   8   91.8
09111   8   87.9
09112   8   93.3
09113   8   92.5
09114   8   93.2
09115   9   93.2
09116   9   93.0
09117   9   93.5
09118   9   93.8
09119   8   93.6
09120   8   94.6
09121   8   94.3
09122   8   93.6
09123   8   93.7
09124   8   93.2
09125   9   93.5
09126   8   92.6
09127   8   93.3
09128   8   92.9
09129   8   93.5
09130   8   91.9
09131   8   92.3
09132   8   92.2
09133   8   93.1
09134   8   92.7
09135   9   93.0
09136   9   93.2
09137   9   91.9
09138   9   91.0
09139  10   93.0
09140   9   93.0
09141   9   91.4
09142   9   93.0
09143   7   92.1
09144   8   91.4
09145   9   92.7
09146   9   92.4
09147   9   90.0
09148   8   89.1
09149   9   90.2
09150   9   91.9
09151   8   92.1
09152   9   89.0
09153   9   90.8
09154   8   89.8
09155   8   91.7
09156   9   93.0
09157   9   91.6
09158  10   92.2
09159   9   88.7
09160   9   91.0
09161   8   89.6
09162   8   86.4
09163   8   85.1
09164   8   89.8
09165   8   89.5
09166   8   86.4
09167   8   88.8
09168   8   85.4
09169   8   88.5
09170   8   86.9
09171   8   85.6
09172   8   89.0
09173   8   88.4
09174   8   87.6
09175   8   89.7
09176   8   88.4
09177  10   91.5
09178   9   90.7
09179   9   90.9
09180   9   90.0
09181   8   85.5
09182   7   89.7
09183   7   85.6
09184   8   86.8
09185   8   88.6
09186   8   90.3
09187   8   86.0
09188   8   89.4
09189   8   87.6
09190   7   84.5
09191   8   88.8
09192   7   88.1
09193   7   85.2
09194   7   83.8
09195   7   84.9
09196   8   90.8
09197   9   84.9
09198   9   86.8
09199   9   90.9
09200   9   93.8
09201   9   86.6
09202   9   89.9
09203   9   90.7
09204   9   89.5
09205   8   92.1
09206   8   87.1
09207   9   91.9
09208   8   86.6
09209   9   90.8
09210   8   88.6
09211   8   89.1
09212   9   85.2
09213   9   85.3
09214   8   91.4
09215   7   88.4
09216   7   87.7
09217   8   94.3
09218   9   87.6
09219   9   88.4
09220   9   88.4
09221   8   90.3
09222   9   89.8
09223   8   83.4
09224   8   85.8
09225   8   83.4
09226   9   88.1
09227   8   87.4
09228   9   86.6
09229   8   88.6
09230   8   85.5
09231   8   91.2
09232   9   88.9
09233   9   90.7
09234   9   89.0
09235   9   91.3
09236   9   87.9
09237   9   88.8
09238   9   91.5
09239   9   92.3
09240   8   89.8
09241   8   87.8
09242   8   90.1
09243   8   86.6
09244   9   89.1
09245   9   89.7
09246   8   88.4
09247   8   92.3
09248   9   89.1
09249   8   91.0
09250   8   84.8
09251   8   84.4
09252   8   89.1
09253   8   88.9
09254   7   83.8
09255   8   87.4
09256   7   90.0
09257   8   90.0
09258   8   90.7
09259   8   90.0
09260   9   90.1
09261   8   88.3
09262   8   89.1
09263   9   90.3
09264   9   90.3
09265   8   87.3
09266   8   91.1
09267   8   89.8
09268   8   93.5
09269   8   91.1
09270   8   88.2
09271   9   90.3
09272   9   87.4
09273   8   83.6
09274   8   89.1
09275   8   87.5
09276   8   89.4
09277   7   89.4
09278   8   86.0
09279   8   93.0
09280   8   90.3
09281   8   86.9
09282   8   89.7
09283   8   90.6
09284   8   90.5
09285   8   90.8
09286   8   89.5
09287   9   85.4
09288   9   88.0
09289   8   93.0
09290   8   92.6
09291   8   89.8
09292   8   92.4
09293   8   92.8
09294   9   88.3
09295   8   86.3
09296   8   90.9
09297   8   89.6
09298   9   92.1
09299   8   90.4
09300   8   93.0
09301   9   94.3
09302   9   94.4
09303   9   86.4
09304   8   89.2
09305   8   90.9
09306   8   90.1
09307   8   94.1
09308   9   93.5
09309   9   90.9
09310   9   91.8
09311   8   92.2
09312   9   92.1
09313   9   93.8
09314   9   94.4
09315   8   87.9
09316   8   87.1
09317   9   89.8
09318   9   90.8
09319   9   91.0
09320   8   88.9
09321   8   88.0
09322   8   92.4
09323   8   84.1
09324   9   89.4
09325   9   91.0
09326   9   92.3
09327   8   91.1
09328   9   90.1
09329   8   88.8
09330   8   86.6
09331   9   90.2
09332   9   90.0
09333   9   93.1
09334   9   93.7
09335   9   94.6
09336   8   86.3
09337   8   90.2
09338   9   91.2
09339   9   89.2
09340   8   93.1
09341   9   93.9
09342   8   77.4
09343   9   89.4
09344   8   90.8
09345   8   85.5
09346   8   91.0
09347   7   92.3
09348   8   86.8
09349   8   89.3
09350   7   85.3
09351   8   89.9
09352   8   90.1
09353   8   88.4
09354   8   89.9
09355   8   90.2
09356   8   90.9
09357   8   93.1
09358   8   91.0
09359   7   88.1
09360   7   86.3
09361   8   89.8
09362   8   90.7
09363   6   91.7
09364   7   88.4
09365   7   88.9
10001   7   90.2
10002   7   88.2
10003   7   90.1
10004   7   87.6
10005   8   90.0
10006   8   88.8
10007   8   89.8
10008   8   88.7
10009   9   86.6
10010   8   89.7
10011   8   88.0
10012   8   91.0
10013   7   88.1
10014   8   93.4
10015   8   94.4
10016   7   88.8
10017   8   89.8
10018   9   85.3
10019   8   87.1
10020   9   89.9
10021  10   92.2
10022  10   91.0
10023   9   90.2
10024   9   87.5
10025   8   83.9
10026   9   82.4
10027   8   92.4
10028   8   89.1
10029   8   88.2
10030   8   93.0
10031   8   90.4
10032   8   89.5
10033   8   87.7
10034   8   88.5
10035   8   87.1
10036   8   92.4
10037   8   89.6
10038   8   88.8
10039   8   86.1
10040   8   92.1
10041   8   85.0
10042   7   84.4
10043   8   89.7
10044   8   86.4
10045   8   87.7
10046   8   91.0
10047   8   87.3
10048   8   91.4
10049   8   86.6
10050   8   84.8
10051   8   87.9
10052   8   90.1
10053   8   89.3
10054   8   87.3
10055   7   89.4
10056   7   95.4
10057   8   88.1
10058   8   88.9
10059   8   87.7
10060   8   90.4
10061   8   93.9
10062   8   94.4
10063   8   89.4
10064   8   85.4
10065   7   87.2
10066   8   87.1
10067   9   85.3
10068   7   86.2
10069   8   91.8
10070   8   91.3
10071   8   88.3
10072   8   85.5
10073   8   91.3
10074   9   89.6
10075   8   84.1
10076   8   92.0
10077   8   88.3
10078   7   88.6
10079   8   91.9
10080   8   87.4
10081   9   86.4
10082   8   86.5
10083   9   83.1
10084  10   82.9
10085  10   84.6
10086  10   87.6
10087   9   88.0
10088   8   85.9
10089   8   83.4
10090   9   88.8
10091   9   80.3
10092   9   87.0
10093  11   79.5
10094   9   78.8
10095   9   79.1
10096  12   82.6
10097   8   86.3
10098  10   79.4
10099   9   91.5
10100   8   87.8
10101   9   90.4
10102   8   90.6
10103   9   91.5
10104   9   89.4
10105   8   86.9
10106   8   85.1
10107   9   89.2
10108   9   90.4
10109   9   91.9
10110   9   87.4
10111   8   88.3
10112   8   84.2
10113   8   88.0
10114   8   84.7
10115   9   86.5
10116   8   85.8
10117   8   89.9
10118   8   92.7
10119   7   90.0
10120   8   91.3
10121   8   88.3
10122   9   88.1
10123   8   88.1
10124   8   90.0
10125   9   91.8
10126   9   91.8
10127   9   91.4
10128   8   88.8
10129   9   88.9
10130   8   84.0
10131   9   90.1
10132   8   91.8
10133   9   92.0
10134   8   92.9
10135   9   89.2
10136   9   86.9
10137   8   87.7
10138   7   85.0
10139   8   87.9
10140   9   91.7
10141   9   92.3
10142   9   91.1
10143   9   92.9
10144   9   93.1
10145   9   92.5
10146   9   89.8
10147   9   93.5
10148   8   87.8
10149   8   93.1
10150   8   88.2
10151   8   93.5
10152   8   92.7
10153   8   91.2
10154   9   87.8
10155   8   89.7
10156   9   89.0
10157   9   90.7
10158   8   89.4
10159   8   88.3
10160   8   89.1
10161   9   90.2
10162   9   90.9
10163   8   89.6
10164   9   89.5
10165   8   90.6
10166   8   86.7
10167   8   89.6
10168   8   90.2
10169   9   88.0
10170   8   86.4
10171   8   89.1
10172   7   86.6
10173   8   91.0
10174   9   90.8
10175   9   86.7
10176   9   90.2
10177   9   90.4
10178   8   88.7
10179   9   91.9
10180   9   89.3
10181   9   89.2
10182   9   90.9
10183   9   90.5
10184   9   90.1
10185   9   87.8
10186   8   88.0
10187   8   88.5
10188   8   89.7
10189   8   88.9
10190   8   89.5
10191   8   88.5
10192   8   88.2
10193   8   88.3
10194   9   88.6
10195   8   88.4
10196   8   86.1
10197   8   88.4
10198   8   89.4
10199   7   91.9
10200   9   88.1
10201   9   87.0
10202   8   89.1
10203   8   88.2
10204   8   87.4
10205   8   89.4
10206   8   90.2
10207   8   88.0
10208   8   86.4
10209   8   89.0
10210   9   87.6
10211   8   88.1
10212   9   94.3
10213   9   89.8
10214   8   86.8
10215   9   86.2
10216   9   81.6
10217   9   91.3
10218   9   87.7
10219   9   91.3
10220   9   91.3
10221   9   89.0
10222   9   88.2
10223   9   89.7
10224   9   89.2
10225   8   89.3
10226   8   86.9
10227   7   92.2
10228   8   92.5
10229   8   89.5
10230   9   92.4
10231   7   89.9
10232   7   87.4
10233   7   85.9
10234   7   87.3
10235   7   86.8
10236   7   85.9
10237   7   88.5
10238   7   89.5
10239   9   91.6
10240   9   91.4
10241   9   88.2
10242   9   92.0
10243   9   92.4
10244   9   91.4
10245   9   89.2
10246   9   92.8
10247   9   92.4
10248   9   91.5
10249   8   93.8
10250   9   90.3
10251   8   86.2
10252   9   89.8
10253   9   92.7
10254   9   92.5
10255   9   92.4
10256   9   91.9
10257   9   91.5
10258   9   90.9
10259   9   89.9
10260   9   89.2
10261   9   90.2
10262   9   92.0
10263   9   91.1
10264   9   90.5
10265   9   91.3
10266   9   92.3
10267   9   91.6
10268   9   92.5
10269   8   92.7
10270   8   90.7
10271   8   89.3
10272   8   87.8
10273   8   92.3
10274   9   88.3
10275   9   91.2
10276   8   90.2
10277   8   91.1
10278   9   87.3
10279   8   89.5
10280   8   89.5
10281   8   86.7
10282   7   91.0
10283   7   88.0
10284   8   88.7
10285   9   92.1
10286   9   90.7
10287   9   92.0
10288   8   84.6
10289   9   92.8
10290   9   92.4
10291   9   92.2
10292   9   92.6
10293   9   91.8
10294   9   91.0
10295   9   89.0
10296   9   92.3
10297   9   91.6
10298   9   91.0
10299   9   89.8
10300   9   88.9
10301   8   90.3
10302   9   88.9
10303   9   90.4
10304   9   90.9
10305   8   89.5
10306   8   90.5
10307   9   86.6
10308   9   91.0
10309   9   88.4
10310   9   91.8
10311   9   90.0
10312   9   91.1
10313   8   84.1
10314   8   84.9
10315   7   84.7
10316   8   86.8
10317   8   89.7
10318   9   88.2
10319   9   88.9
10320   8   84.7
10321   9   84.0
10322   9   81.9
10323   8   89.2
10324   9   90.6
10325   9   89.9
10326   9   84.5
10327   8   87.5
10328   8   86.8
10329   7   84.7
10330   8   86.6
10331   7   79.1
10332   9   79.8
10333   9   86.7
10334   8   83.9
10335   8   81.4
10336   9   82.3
10337   8   80.9
10338   8   83.1
10339   9   88.9
10340   9   90.0
10341   9   88.4
10342   9   87.4
10343   9   84.2
10344   8   88.8
10345   7   86.8
10346   8   88.7
10347   8   84.1
10348   8   88.6
10349   8   79.9
10350   8   85.2
10351   8   88.2
10352   7   87.7
10353   8   89.4
10354   7   74.7
10355   9   87.7
10356   8   88.2
10357   8   87.5
10358   8   87.8
10359   7   87.2
10360   8   87.5
10361   8   88.4
10362   8   86.9
10363   9   90.7
10364   9   89.3
10365   9   88.3
11001   9   87.5
11002   8   89.9
11003   9   87.2
11004   9   90.0
11005   9   84.6
11006   9   88.5
11007   9   87.7
11008   9   89.7
11009   9   89.1
11010   8   86.8
11011   8   91.1
11012   8   91.1
11013   8   86.3
11014   8   87.6
11015   9   90.5
11016   9   89.0
11017   9   88.9
11018   8   83.7
11019   8   91.9
11020   8   86.3
11021   8   88.5
11022   8   85.2
11023   9   88.2
11024   9   88.4
11025   9   88.4
11026   8   88.5
11027   8   87.8
11028   8   85.0
11029   7   90.8
11030   9   90.2
11031   9   83.7
11032   9   84.6
11033   9   82.6
11034   8   87.2
11035   8   87.9
11036   8   86.3
11037   8   87.8
11038   9   88.2
11039   8   86.2
11040   9   87.6
11041   9   84.8
11042   9   89.5
11043   9   90.6
11044   9   90.6
11045   9   88.9
11046   8   86.8
11047   9   86.8
11048   9   87.3
11049   9   88.7
11050   9   89.2
11051   8   88.6
11052   9   87.7
11053   8   87.0
11054   7   85.2
11055   9   86.5
11056   9   86.0
11057   9   89.0
11058   9   85.5
11059   9   86.9
11060   9   88.5
11061   9   84.1
11062   9   85.9
11063   9   89.3
11064   9   90.1
11065   9   90.1
11066   7   90.1
11067   9   89.7
11068   9   89.2
11069   8   83.2
11070   9   90.1
11071   9   88.1
11072   9   88.6
11073   8   86.5
11074   8   88.5
11075   9   88.0
11076   8   87.8
11077   8   88.4
11078   8   88.6
11079   8   88.4
11080   8   89.4
11081   8   88.3
11082   8   84.9
11083   8   87.6
11084   8   87.1
11085   9   87.9
11086   9   90.5
11087   9   85.9
11088   9   87.2
11089   9   89.0
11090   9   87.4
11091   8   87.5
11092   9   90.3
11093   9   89.6
11094   8   85.9
11095   8   86.0
11096   9   88.7
11097   9   88.2
11098   9   89.0
11099   9   89.9
11100   8   87.5
11101   9   88.5
11102   9   87.6
11103   9   87.4
11104   9   90.5
11105   9   90.5
11106   9   91.1
11107   8   88.4
11108   9   88.4
11109   8   86.3
11110   9   86.7
11111   9   82.9
11112   9   84.8
11113   9   79.3
11114   9   82.4
11115   9   83.0
11116   8   83.1
11117   9   90.7
11118   9   90.7
11119   9   88.3
11120   9   89.6
11121   9   89.7
11122   8   89.1
11123   8   89.7
11124   9   90.1
11125   8   87.0
11126   9   88.3
11127   8   87.2
11128   8   87.9
11129   8   82.1
11130   9   82.9
11131   8   86.5
11132   8   87.3
11133   9   87.9
11134   9   89.8
11135   8   89.4
11136   8   86.2
11137   8   85.9
11138   8   89.1
11139   8   87.7
11140   8   88.8
11141   7   88.2
11142   7   89.2
11143   7   85.1
11144   7   86.7
11145   7   85.6
11146   7   87.9
11147   7   84.7
11148   8   87.2
11149   8   88.9
11150   8   88.1
11151   8   87.9
11152   7   88.5
11153   7   86.6
11154   8   90.4
11155   8   89.5
11156   8   88.5
11157   7   84.9
11158   6   79.6
11159   8   86.7
11160   8   88.8
11161   8   87.9
11162   8   88.3
11163   8   88.5
11164   8   88.1
11165   8   87.9
11166   9   89.6
11167   7   85.3
11168   7   88.4
11169   8   88.3
11170   8   87.5
11171   6   82.6
11172   8   84.0
11173   8   85.7
11174   7   86.7
11175   8   88.4
11176   7   88.0
11177   8   88.2
11178   8   87.7
11179   8   84.2
11180   8   86.2
11181   8   89.7
11182   8   88.2
11183   8   87.8
11184   8   89.0
11185   7   86.3
11186   8   84.6
11187   7   87.3
11188   8   88.0
11189   7   87.3
11190   8   86.2
11191   8   88.3
11192   7   88.6
11193   8   89.7
11194   8   87.0
11195   6   87.1
11196   7   87.4
11197   7   86.6
11198   8   87.2
11199   8   88.7
11200   7   85.9
11201   8   87.4
11202   8   88.3
11203   7   88.8
11204   6   86.9
11205   7   87.8
11206   7   85.5
11207   7   87.7
11208   7   85.4
11209   7   85.4
11210   7   84.4
11211   7   88.9
11212   7   85.9
11213   7   82.8
11214   7   87.2
11215   7   84.3
11216   7   86.1
11217   8   89.7
11218   7   87.2
11219   8   88.7
11220   7   85.8
11221   6   87.8
11222   8   88.1
11223   8   86.7
11224   8   83.2
11225   8   85.2
11226   8   88.6
11227   8   86.7
11228   8   88.5
11229   8   86.2
11230   8   85.5
11231   8   88.9
11232   8   87.6
11233  10   83.9
11234   9   86.2
11235   8   89.0
11236  10   85.4
11237   9   87.3
11238  10   87.7
11239  11   84.7
11240   8   86.3
11241   8   86.2
11242   9   87.5
11243   8   84.5
11244   8   85.0
11245   8   87.5
11246   8   87.4
11247   7   85.3
11248   8   84.9
11249   7   87.9
11250   7   83.7
11251   7   86.1
11252   7   87.0
11253   8   87.6
11254  11   85.6
11255  13   81.9
11256  11   85.6
11257   9   85.6
11258   8   82.2
11259   8   87.7
11260   7   84.8
11261   8   85.1
11262   8   87.8
11263   8   86.7
11264   7   86.5
11265   8   81.0
11266   7   82.8
11267   8   87.1
11268   8   86.9
11269   7   82.3
11270   8   79.7
11271   7   83.0
11272   8   83.8
11273   8   85.1
11274   7   84.6
11275   7   83.7
11276   8   87.2
11277   8   81.4
11278   7   87.4
11279   7   79.1
11280   7   84.2
11281   7   88.4
11282   7   84.2
11283   7   82.8
11284   7   87.4
11285   7   83.9
11286   7   86.8
11287   7   84.7
11288   8   87.2
11289   8   88.5
11290   7   84.2
11291   8   88.1
11292   7   80.3
11293   8   87.1
11294   8   87.3
11295   8   86.0
11296   8   89.8
11297   8   87.4
11298   8   85.4
11299   9   79.1
11300   8   79.0
11301   7   85.5
11302   9   84.9
11303   9   85.3
11304   9   83.2
11305   9   75.7
11306   8   75.3
11307   8   85.7
11308   8   83.0
11309   8   84.8
11310   8   87.4
11311   8   83.6
11312   7   80.8
11313   8   81.6
11314   8   83.0
11315   8   83.7
11316   8   86.5
11317   8   88.9
11318   8   82.9
11319   7   82.6
11320   8   80.3
11321   8   85.1
11322   8   80.4
11323   9   85.1
11324   8   89.8
11325   9   88.2
11326   9   90.2
11327   8   89.8
11328   7   91.0
11329   8   85.8
11330   7   85.5
11331   8   87.2
11332   8   87.5
11333   8   87.3
11334   8   86.0
11335   7   85.9
11336   8   82.1
11337   9   84.6
11338   9   85.6
11339   8   86.8
11340   7   85.2
11341   7   81.5
11342   7   79.0
11343   7   84.6
11344   8   78.4
11345   8   87.5
11346   8   80.6
11347  11   80.8
11348   9   79.0
11349   9   89.2
11350   8   85.2
11351   9   89.3
11352   9   85.4
11353   9   81.6
11354   8   84.2
11355   9   88.0
11356   8   87.2
11357   9   91.5
11358   9   86.4
11359   9   85.7
11360   9   85.7
11361   9   84.4
11362   9   85.4
11363   9   82.5
11364   8   90.0
11365   8   83.5
12001   9   90.4
12002   8   78.5
12003   9   85.7
12004   9   80.8
12005   9   81.2
12006   9   85.8
12007   9   85.6
12008   9   82.7
12009   9   83.4
12010   9   80.5
12011   8   85.7
12012   9   85.5
12013   9   83.1
12014   8   85.4
12015   9   84.1
12016   9   83.6
12017   9   81.0
12018   9   85.2
12019   9   78.3
12020   9   82.6
12021   9   80.8
12022   9   84.9
12023   9   83.8
12024   9   90.6
12025   8   88.4
12026   9   87.2
12027   9   84.5
12028   8   78.2
12029   8   88.2
12030   9   78.2
12031   9   88.6
12032   9   88.0
12033   9   84.5
12034   9   87.8
12035   9   85.0
12036   8   87.6
12037   8   81.4
12038   8   84.4
12039   8   85.1
12040   7   85.3
12041   6   86.0
12042   7   85.9
12043   6   86.0
12044   6   86.0
12045   6   86.3
12046   6   87.8
12047   6   82.6
12048   6   91.7
12049   6   88.1
12050   6   93.0
12051   7   83.8
12052   6   89.7
12053   6   87.7
12054   5   75.9
12055   7   87.7
12056   7   90.0
12057   6   90.8
12058   8   87.8
12059   6   74.7
12060   8   80.9
12061   8   87.5
12062   9   80.9
12063   9   91.5
12064   9   89.2
12065   9   88.6
12066   9   84.8
12067   9   83.8
12068   8   82.2
12069   8   79.9
12070   9   87.1
12071   9   86.8
12072   8   86.6
12073   7   80.5
12074   8   80.0
12075   8   85.5
12076   8   80.2
12077   8   75.7
12078   9   83.0
12079   9   87.5
12080   7   79.5
12081   9   86.9
12082   9   83.6
12083   8   85.3
12084   9   85.8
12085   8   87.7
12086   9   80.5
12087   9   80.2
12088   9   86.1
12089   8   82.3
12090   9   84.8
12091   8   86.5
12092   9   86.3
12093   8   87.6
12094   8   85.9
12095   8   86.5
12096   8   82.5
12097   9   82.0
12098   9   85.0
12099   7   82.3
12100   8   82.7
12101   9   88.2
12102   8   82.8
12103   8   84.2
12104  10   86.5
12105   9   84.9
12106   8   85.6
12107   9   82.3
12108   8   77.6
12109   8   85.9
12110  10   86.0
12111   9   84.8
12112   9   82.1
12113   9   86.7
12114   9   82.0
12115   9   82.5
12116   9   88.4
12117   9   86.4
12118   7   86.3
12119   9   83.2
12120   9   87.3
12121   9   85.1
12122   9   84.6
12123   9   92.5
12124   8   84.7
12125   9   83.1
12126   9   87.0
12127   9   87.7
12128   8   86.8
12129   9   84.7
12130   9   85.8
12131   9   85.7
12132   9   87.3
12133   9   84.6
12134   9   83.7
12135   9   85.0
12136   9   86.2
12137   9   87.3
12138   8   87.8
12139   8   82.4
12140   8   89.1
12141   8   88.7
12142   8   85.9
12143   7   78.9
12144   7   80.7
12145   7   81.9
12146   8   81.2
12147   9   82.6
12148   9   84.6
12149   8   81.8
12150   8   82.2
12151   8   88.5
12152   9   77.3
12153   9   82.7
12154   9   80.9
12155   9   82.3
12156   9   82.6
12157   8   82.1
12158   8   81.9
12159   9   90.9
12160   9   90.3
12161   9   78.8
12162   9   85.1
12163   9   90.5
12164   9   89.6
12165   9   84.1
12166   8   89.1
12167   8   89.1
12168   8   88.3
12169   8   90.6
12170   9   87.8
12171   9   90.4
12172   9   89.9
12173   9   90.8
12174  10   82.3
12175   9   92.3
12176   9   90.8
12177  10   89.1
12178   9   84.4
12179   9   88.0
12180   9   89.1
12181   9   79.3
12182   9   88.4
12183   8   77.1
12184   9   86.6
12185   9   88.2
12186   9   88.8
12187   9   88.6
12188   9   88.6
12189   9   79.2
12190   9   87.9
12191   9   90.3
12192   9   88.3
12193   9   88.0
12194   9   84.8
12195   9   89.3
12196   9   79.0
12197   9   80.0
12198   9   79.6
12199   9   83.5
12200   9   86.3
12201   9   90.4
12202   9   84.7
12203   9   85.0
12204   9   81.7
12205   9   86.2
12206   9   85.1
12207   8   79.7
12208   8   83.9
12209   8   84.2
12210   8   90.0
12211   7   87.9
12212   9   90.7
12213   8   87.4
12214   8   85.1
12215   7   79.7
12216   9   84.3
12217   7   87.3
12218   8   81.8
12219   8   85.9
12220   8   84.2
12221   7   84.5
12222   8   81.2
12223   8   83.0
12224   7   82.1
12225   8   85.4
12226   8   82.8
12227   8   86.3
12228   9   86.8
12229   8   81.2
12230   7   82.4
12231   8   82.8
12232   7   80.4
12233   7   82.4
12234   7   79.9
12235   7   86.7
12236   9   84.3
12237   9   78.2
12238   8   87.0
12239   8   81.2
12240   8   78.5
12241   9   78.6
12242   8   89.5
12243   9   77.4
12244   9   78.6
12245   9   76.5
12246   9   81.5
12247   9   80.2
12248   9   81.9
12249   9   85.7
12250   9   86.3
12251   8   80.2
12252   9   87.3
12253   9   87.9
12254  11   80.3
12255   8   85.0
12256   8   83.3
12257   7   84.3
12258   8   84.0
12259   8   85.7
12260   9   84.1
12261   9   86.3
12262   8   84.0
12263   8   86.0
12264   9   87.2
12265   9   90.6
12266   9   86.2
12267   8   88.8
12268   9   79.8
12269   9   85.7
12270   9   81.6
12271   8   86.8
12272   9   78.9
12273   8   84.4
12274   8   86.4
12275   9   86.5
12276   9   83.2
12277   9   81.8
12278   8   81.7
12279   9   84.1
12280   8   76.9
12281   8   75.4
12282   7   69.3
12283   8   86.1
12284   8   85.0
12285   7   75.4
12286   8   83.7
12287   8   75.9
12288   7   74.8
12289   7   79.1
12290   7   76.3
12291   7   77.2
12292   7   73.2
12293   8   71.5
12294   8   71.1
12295   7   73.3
12296   8   72.0
12297   7   74.2
12298   7   72.3
12299   7   69.3
12300   6   74.8
12301   7   76.4
12302   6   76.0
12303   6   75.1
12304   6   75.7
12305   6   80.2
12306   6   72.2
12307   6   76.1
12308   7   71.8
12309   7   71.0
12310   7   77.3
12311   8   77.9
12312   8   73.1
12313   8   75.8
12314   9   85.2
12315   8   75.4
12316   7   75.3
12317   7   75.4
12318   7   65.0
12319   7   74.5
12320   8   79.7
12321   8   84.4
12322   8   82.9
12323   8   78.8
12324   8   82.4
12325   8   72.0
12326   8   78.0
12327   7   67.4
12328   7   76.2
12329   7   78.8
12330   6   77.2
12331   8   76.5
12332   8   75.1
12333   7   69.0
12334   8   73.3
12335   8   77.3
12336   8   82.8
12337   8   74.2
12338   8   71.0
12339   8   72.3
12340   7   71.8
12341   8   71.4
12342   7   68.9
12343   8   73.3
12344   8   70.5
12345   8   77.2
12346   8   74.6
12347   8   77.3
12348   7   69.3
12349   8   75.4
12350   8   74.5
12351   8   76.8
12352   8   71.3
12353   8   71.9
12354   9   78.2
12355   9   80.9
12356   9   82.0
12357   9   81.5
12358   9   82.8
12359   9   77.0
12360   9   90.0
12361   8   89.1
12362   9   83.4
12363   9   82.8
12364   9   79.4
12365   9   80.8
12366   9   79.0
13001   9   83.1
13002   8   81.0
13003   8   78.5
13004   8   80.1
13005   8   79.3
13006   8   76.8
13007   8   67.0
13008   9   86.6
13009   8   71.2
13010   8   68.9
13011   8   76.0
13012   8   73.6
13013   8   79.4
13014   8   77.8
13015   8   76.9
13016   8   72.4
13017   8   72.9
13018   8   68.1
13019   8   75.1
13020   8   74.3
13021   8   73.0
13022   8   72.7
13023   8   71.1
13024   8   72.4
13025   9   84.6
13026   9   83.3
13027   9   81.7
13028   9   78.1
13029   9   79.5
13030   9   83.7
13031   9   80.6
13032   9   80.0
13033   9   81.5
13034   9   82.6
13035   9   87.8
13036   9   85.2
13037   7   86.3
13038   9   81.5
13039   9   86.5
13040   9   86.0
13041   9   80.5
13042   8   75.4
13043   8   72.9
13044   9   86.6
13045   9   74.0
13046   9   84.7
13047   7   75.6
13048   9   81.2
13049   8   77.4
13050   9   80.8
13051   8   72.4
13052   8   62.1
13053   8   73.5
13054   8   75.0
13055   9   81.2
13056   8   76.4
13057   8   88.7
13058   8   70.6
13059   7   76.5
13060   8   79.9
13061   8   75.5
13062   7   83.6
13063   8   74.8
13064   9   86.3
13065   8   78.2
13066   8   85.6
13067   8   83.0
13068   7   80.5
13069   9   83.9
13070   8   78.9
13071   9   82.8
13072   8   83.2
13073   8   82.5
13074   8   87.8
13075   8   86.4
13076   8   81.9
13077   8   80.5
13078   8   81.0
13079   8   79.7
13080   7   66.3
13081   8   82.4
13082   8   82.6
13083   8   81.8
13084   8   84.8
13085   8   86.0
13086   8   82.7
13087   8   81.0
13088   8   86.3
13089   8   82.2
13090   8   78.7
13091   8   77.9
13092   7   75.1
13093   7   78.3
13094   7   73.4
13095   7   74.9
13096   7   75.2
13097   7   73.8
13098   7   73.3
13099   7   65.8
13100   7   69.6
13101   7   67.9
13102   7   73.6
13103   7   74.6
13104   7   73.3
13105   7   73.3
13106   8   82.4
13107   8   80.7
13108   8   84.6
13109   7   73.2
13110   8   75.9
13111   7   74.5
13112   7   72.0
13113   7   68.4
13114   8   69.7
13115   7   68.3
13116   7   73.9
13117   7   69.1
13118   7   68.1
13119   7   75.1
13120   7   71.0
13121   7   76.1
13122   8   83.1
13123   7   71.7
13124   7   70.9
13125   7   69.9
13126   7   73.8
13127   8   81.3
13128   8   78.5
13129   8   80.2
13130   8   83.6
13131   8   86.0
13132   8   83.3
13133   8   80.3
13134   8   86.4
13135   9   79.3
13136   8   84.3
13137   8   80.5
13138   8   76.2
13139   8   73.6
13140   8   76.2
13141   8   76.0
13142   8   79.5
13143   8   81.7
13144   8   82.2
13145   8   78.8
13146   8   81.3
13147   8   82.5
13148   8   79.6
13149   8   74.4
13150   8   77.1
13151   8   77.6
13152   7   73.7
13153   8   76.6
13154   8   69.8
13155   7   68.5
13156   7   65.9
13157   7   72.8
13158   7   69.9
13159   7   70.8
13160   7   74.4
13161   7   72.7
13162   7   72.1
13163   7   72.9
13164   7   64.2
13165   7   72.1
13166   7   69.6
13167   7   69.2
13168   7   64.1
13169   7   66.6
13170   7   66.4
13171   7   72.7
13172   7   65.8
13173   8   77.1
13174   8   77.1
13175   8   65.7
13176   8   77.5
13177   8   75.6
13178   8   70.2
13179   8   71.6
13180   8   77.8
13181   8   76.6
13182   8   78.5
13183   8   81.7
13184   8   75.7
13185   8   91.2
13186   8   71.2
13187   8   75.9
13188   8   75.6
13189   8   73.5
13190   8   76.3
13191   8   78.3
13192   7   72.5
13193   8   78.4
13194   7   77.2
13195   7   78.1
13196   7   74.7
13197   7   71.0
13198   7   66.5
13199   8   79.9
13200   7   67.5
13201   7   73.6
13202   7   70.1
13203   7   73.6
13204   7   75.4
13205   7   74.6
13206   7   76.0
13207   7   73.6
13208   6   71.9
13209   6   71.0
13210   7   73.4
13211   7   72.1
13212   7   74.0
13213   7   76.8
13214   7   73.5
13215   7   67.3
13216   8   70.4
13217   7   70.0
13218   7   68.5
13219   7   71.4
13220   7   75.4
13221   7   76.2
13222   7   71.6
13223   7   66.1
13224   7   73.9
13225   7   73.3
13226   7   74.1
13227   6   80.0
13228   7   80.3
13229   7   74.5
13230   7   72.3
13231   7   77.2
13232   7   76.1
13233   7   78.7
13234   8   79.4
13235   8   80.5
13236   7   74.6
13237   7   73.5
13238   7   74.0
13239   8   77.3
13240   7   75.6
13241   8   73.8
13242   7   78.6
13243   7   78.4
13244   8   82.0
13245   8   81.0
13246   7   67.7
13247   7   74.6
13248   7   79.9
13249   7   78.9
13250   7   78.0
13251   7   76.3
13252   7   72.2
13253   7   75.1
13254   7   76.7
13255   7   73.0
13256   7   78.4
13257   7   75.8
13258   7   75.5
13259   7   79.9
13260   7   79.4
13261   7   71.1
13262   7   67.8
13263   7   70.1
13264   7   74.1
13265   7   75.6
13266   7   72.8
13267   7   77.4
13268   7   74.7
13269   8   77.2
13270   8   75.5
13271   7   77.6
13272   8   71.7
13273   8   70.1
13274   7   73.7
13275   7   75.6
13276   7   77.4
13277   7   71.4
13278   8   79.4
13279   7   75.6
13280   7   73.8
13281   8   73.3
13282   7   76.5
13283   7   66.8
13284   7   80.9
13285   8   69.9
13286   7   68.9
13287   7   67.2
13288   7   80.3
13289   7   79.7
13290   8   77.9
13291   8   75.5
13292   7   75.3
13293   7   75.8
13294   8   77.2
13295   7   75.8
13296   8   74.4
13297   8   77.5
13298   8   80.7
13299   7   73.3
13300   7   74.7
13301   6   78.9
13302   8   74.0
13303   8   73.4
13304   7   72.7
13305   7   73.2
13306   7   72.9
13307   8   73.0
13308   7   69.9
13309   7   67.8
13310   7   77.2
13311   7   68.0
13312   7   73.6
13313   7   70.8
13314   7   78.8
13315   7   73.2
13316   7   75.0
13317   7   72.9
13318   7   76.5
13319   8   75.3
13320   7   72.3
13321   7   79.3
13322   7   72.6
13323   8   74.6
13324   7   77.6
13325   7   79.1
13326   7   83.3
13327   8   81.0
13328   7   78.8
13329   7   79.8
13330   8   89.5
13331   7   79.8
13332   7   80.2
13333   7   76.1
13334   7   78.8
13335   7   73.9
13336   7   70.9
13337   8   76.0
13338   7   73.9
13339   7   76.2
13340   7   77.8
13341   7   77.0
13342   8   76.1
13343   7   76.4
13344   7   69.7
13345   7   74.7
13346   7   63.4
13347   7   72.8
13348   7   70.8
13349   7   75.6
13350   7   76.7
13351   7   71.7
13352   7   72.8
13353   7   75.7
13354   7   71.0
13355   6   79.6
13356   6   74.0
13357   6   77.5
13358   6   79.4
13359   6   81.3
13360   6   79.8
13361   6   75.7
13362   6   77.0
13363   6   77.0
13364   6   82.7
13365   6   77.7
14001   6   79.3
14002   6   76.0
14003   6   76.1
14004   6   78.7
14005   6   80.9
14006   6   79.5
14007   6   82.1
14008   6   80.3
14009   6   79.2
14010   7   71.6
14011   7   70.7
14012   7   78.9
14013   7   73.3
14014   7   74.5
14015   7   74.7
14016   7   65.4
14017   7   67.0
14018   7   73.3
14019   7   77.2
14020   7   76.4
14021   7   75.0
14022   7   71.4
14023   7   78.2
14024   7   75.5
14025   7   72.1
14026   7   78.1
14027   7   73.5
14028   8   79.4
14029   7   69.0
14030   7   71.1
14031   7   75.9
14032   7   77.6
14033   6   78.3
14034   6   73.1
14035   6   73.2
14036   6   78.1
14037   6   77.6
14038   6   78.4
14039   6   78.4
14040   6   76.4
14041   6   79.6
14042   6   76.0
14043   7   76.2
14044   6   70.5
14045   7   70.5
14046   6   76.7
14047   6   75.2
14048   6   77.6
14049   6   68.5
14050   6   69.5
14051   6   76.1
14052   6   70.8
14053   7   71.8
14054   7   88.3
14055   7   81.5
14056   7   69.1
14057   7   59.5
14058   7   63.1
14059   7   69.4
14060   7   72.6
14061   7   67.2
14062   7   65.6
14063   6   65.6
14064   7   72.6
14065   6   66.0
14066   7   69.0
14067   6   67.0
14068   6   70.0
14069   6   64.5
14070   6   65.8
14071   6   70.8
14072   6   65.2
14073   6   71.8
14074   6   71.2
14075   6   68.9
14076   6   69.2
14077   6   67.6
14078   6   63.4
14079   7   68.9
14080   6   70.5
14081   6   70.6
14082   6   67.2
14083   6   67.3
14084   7   67.7
14085   6   70.8
14086   7   69.6
14087   7   71.8
14088   7   76.1
14089   7   72.3
14090   7   67.5
14091   7   80.2
14092   7   83.5
14093   7   69.0
14094   7   70.2
14095   7   69.0
14096   7   65.6
14097   7   71.7
14098   7   68.8
14099   7   68.6
14100   7   66.6
14101   9   71.2
14102   8   69.2
14103   8   70.4
14104   8   69.2
14105   8   65.6
14106   7   72.6
14107   8   68.1
14108   7   69.7
14109   7   70.2
14110   7   71.7
14111   7   70.8
14112   7   70.9
14113   7   70.9
14114   7   67.2
14115   7   67.9
14116   7   70.4
14117   8   75.5
14118   7   66.3
14119   7   65.4
14120   7   69.8
14121   7   71.3
14122   7   68.1
14123   7   67.3
14124   7   64.7
14125   7   69.5
14126   9   64.6
14127   7   70.2
14128   9   68.0
14129   8   71.9
14130   7   68.0
14131   7   66.9
14132   7   66.3
14133   6   68.3
14134   7   65.5
14135   7   66.3
14136   7   70.0
14137   7   72.6
14138   7   69.8
14139   8   69.2
14140   8   68.2
14141   8   72.9
14142   8   70.6
14143   8   68.8
14144   8   71.2
14145   8   66.5
14146   8   67.0
14147   8   66.4
14148   7   70.1
14149   7   69.1
14150   9   69.1
14151   7   65.8
14152   7   66.1
14153   7   70.7
14154   8   70.2
14155   7   64.1
14156   7   69.7
14157   7   68.3
14158   7   65.5
14159   7   70.6
14160   7   63.1
14161   7   59.9
14162   7   59.9
14163   7   63.7
14164   7   71.1
14165   7   63.0
14166   7   76.3
14167   7   65.0
14168   7   65.6
14169   7   70.1
14170   7   69.1
14171   7   63.0
14172   7   64.4
14173   7   63.9
14174   7   60.5
14175   7   68.7
14176   7   66.7
14177   7   66.7
14178   8   69.2
14179   8   69.8
14180   7   71.3
14181   8   67.5
14182   8   68.5
14183   9   65.7
14184   7   62.4
14185   7   66.6
14186   7   65.1
14187   7   66.3
14188   7   67.1
14189   7   69.1
14190   7   70.1
14191   7   70.7
14192   7   70.6
14193   7   66.8
14194   7   68.0
14195   7   66.1
14196   7   69.1
14197   8   71.3
14198   8   64.0
14199   8   68.1
14200   7   65.7
14201   6   69.8
14202   7   60.0
14203   7   69.4
14204   7   71.7
14205   7   64.6
14206   7   69.7
14207   7   70.2
14208   7   71.5
14209   7   67.2
14210   7   68.4
14211   7   71.6
14212   7   71.7
14213   7   74.5
14214   7   69.7
14215   7   66.7
14216   7   69.9
14217   8   68.6
14218   8   66.5
14219   8   66.8
14220   8   64.5
14221   8   68.3
14222   8   65.7
14223   8   64.0
14224   8   65.8
14225   8   66.1
14226   8   69.4
14227   8   68.5
14228   8   64.5
14229   8   64.5
14230   8   66.7
14231   7   58.2
14232   7   65.2
14233   7   67.0
14234   6   66.5
14235   6   64.3
14236   6   63.0
14237   6   63.7
14238   6   65.4
14239   6   62.3
14240   6   72.0
14241   6   71.3
14242   6   66.4
14243   7   67.9
14244   7   63.9
14245   7   59.1
14246   7   64.1
14247   7   59.2
14248   7   61.1
14249   8   62.6
14250   8   66.8
14251   8   66.7
14252   8   67.1
14253   7   70.8
14254   8   66.4
14255   8   64.2
14256   8   67.3
14257   8   70.3
14258   8   72.4
14259   8   70.1
14260   8   65.6
14261   7   71.4
14262   7   60.5
14263   7   67.2
14264   7   63.2
14265   7   64.5
14266   7   72.2
14267   7   66.8
14268   7   72.9
14269   7   68.3
14270   7   59.8
14271   7   68.5
14272   7   71.2
14273   7   66.3
14274   7   64.1
14275   7   69.1
14276   6   59.2
14277   7   61.7
14278   7   67.3
14279   7   61.7
14280   7   61.0
14281   7   63.8
14282   7   61.5
14283   8   67.2
14284   8   65.7
14285   8   66.8
14286   8   67.8
14287   8   67.3
14288   8   66.9
14289   8   58.5
14290   8   68.4
14291   7   66.3
14292   7   59.8
14293   7   63.1
14294   7   64.6
14295   7   67.7
14296   7   69.0
14297   7   69.6
14298   7   67.7
14299   7   68.0
14300   7   69.7
14301   7   62.6
14302   7   69.6
14303   7   69.0
14304   7   65.8
14305   7   63.2
14306   7   62.1
14307   7   68.7
14308   7   71.3
14309   7   64.4
14310   7   70.8
14311   8   69.0
14312   7   65.7
14313   7   67.2
14314   7   63.2
14315   7   63.6
14316   8   62.8
14317   7   67.4
14318   7   66.9
14319   7   68.9
14320   7   65.3
14321   7   64.6
14322   7   67.6
14323   7   68.7
14324   7   64.1
14325   8   61.3
14326   8   62.8
14327   8   63.7
14328   8   60.5
14329   8   67.3
14330   8   66.2
14331   8   63.2
14332   8   59.7
14333   8   65.3
14334   8   66.6
14335   8   67.5
14336   8   66.2
14337   8   67.6
14338   8   68.8
14339   8   67.5
14340   9   66.0
14341   8   65.1
14342   8   57.2
14343   8   63.0
14344   8   66.6
14345   8   61.1
14346   8   65.3
14347   7   67.2
14348   7   60.7
14349   7   62.9
14350   7   59.2
14351   7   60.9
14352   7   62.3
14353   8   61.3
14354   7   67.4
14355   7   64.4
14356   7   68.0
14357   7   62.1
14358   7   66.5
14359   7   68.2
14360   7   62.5
14361   7   58.8
14362   6   64.4
14363   7   62.0
14364   7   61.0
14365   8   64.2
15001   7   67.3
15002   7   63.6
15003   6   57.0
15004   6   65.9
15005   6   57.6
15006   6   59.4
15007   7   55.4
15008   7   62.2
15009   7   64.2
15010   7   67.4
15011   7   65.1
15012   7   71.3
15013   7   67.4
15014   7   64.3
15015   7   61.5
15016   7   66.3
15017   7   64.7
15018   7   63.7
15019   7   58.4
15020   7   59.4
15021   7   72.0
15022   7   63.2
15023   7   61.7
15024   7   61.3
15025   7   61.4
15026   7   64.9
15027   7   67.7
15028   7   66.8
15029   7   67.4
15030   7   61.2
15031   7   58.4
15032   7   62.1
15033   7   62.9
15034   8   63.1
15035   8   66.0
15036   7   71.1
15037   7   69.5
15038   7   60.3
15039   8   65.8
15040   8   65.8
15041   8   63.7
15042   8   67.2
15043   8   67.3
15044   8   70.0
15045   8   66.8
15046   8   61.8
15047   7   67.7
15048   7   64.3
15049   7   65.0
15050   7   69.1
15051   7   59.5
15052   7   64.6
15053   7   64.5
15054   7   65.6
15055   7   60.0
15056   6   65.1
15057   6   65.4
15058   7   55.1
15059   7   64.7
15060   7   63.5
15061   7   61.2
15062   7   67.1
15063   8   64.4
15064   8   59.1
15065   9   60.6
15066   7   64.4
15067   9   58.5
15068   7   67.6
15069   7   60.4
15070   8   63.9
15071   8   60.2
15072   8   62.2
15073   8   65.5
15074   8   65.2
15075   8   68.0
15076   7   62.2
15077   7   61.3
15078   7   58.1
15079   7   60.4
15080   7   64.3
15081   7   67.0
15082   7   67.0
15083   7   66.1
15084   7   67.8
15085   7   64.0
15086   7   64.5
15087   7   64.8
15088   7   62.1
15089   8   66.6
15090   8   64.0
15091   8   62.0
15092   7   63.8
15093   8   59.5
15094   8   59.0
15095   8   66.0
15096   8   66.2
15097   8   67.3
15098   8   62.7
15099   8   67.0
15100   8   56.5
15101   8   67.0
15102   8   64.9
15103   7   66.9
15104   7   58.1
15105   7   67.5
15106   7   59.5
15107   7   60.9
15108   7   67.0
15109   7   57.1
15110   7   55.7
15111   7   71.8
15112   7   61.9
15113   7   65.9
15114   7   62.6
15115   7   61.7
15116   7   60.1
15117   7   60.5
15118   7   57.3
15119   7   59.3
15120   7   60.3
15121   7   69.1
15122   7   55.5
15123   7   62.7
15124   7   67.1
15125   7   64.0
15126   7   57.5
15127   7   62.0
15128   7   66.6
15129   7   66.2
15130   7   57.7
15131   8   57.0
15132   7   59.1
15133   7   56.6
15134   7   57.7
15135   7   61.3
15136   7   61.6
15137   7   64.0
15138   7   70.4
15139   7   57.4
15140   7   57.5
15141   7   58.3
15142   7   58.2
15143   7   64.9
15144   7   63.2
15145   7   63.8
15146   7   55.5
15147   7   59.7
15148   7   57.1
15149   7   64.6
15150   7   56.0
15151   7   66.7
15152   7   62.7
15153   7   66.8
15154   7   59.0
15155   7   63.3
15156   7   59.6
15157   7   65.9
15158   7   62.2
15159   7   64.7
15160   6   57.3
15161   6   59.1
15162   5   56.8
15163   5   57.5
15164   5   60.4
15165   5   60.9
15166   5   59.6
15167   5   57.8
15168   5   59.1
15169   5   58.6
15170   6   56.5
15171   5   59.1
15172   5   60.5
15173   5   61.7
15174   5   59.0
15175   6   67.2
15176   6   62.5
15177   7   63.9
15178   7   58.5
15179   6   59.7
15180   6   55.3
15181   6   60.3
15182   7   56.5
15183   6   65.6
15184   7   60.5
15185   7   60.2
15186   7   64.0
15187   7   63.9
15188   7   64.2
15189   7   65.0
15190   6   69.1
15191   6   64.9
15192   6   64.2
15193   6   60.8
15194   6   64.7
15195   6   54.7
15196   6   64.7
15197   6   54.8
15198   6   58.8
15199   5   60.5
15200   7   58.7
15201   7   61.2
15202   8   61.8
15203   8   57.6
15204   8   58.0
15205   7   55.6
15206   7   57.0
15207   8   61.7
15208   8   61.7
15209   8   55.5
15210   7   58.0
15211   8   59.0
15212   8   58.9
15213   8   64.0
15214   8   62.0
15215   8   53.3
15216   7   55.3
15217   7   50.3
15218   8   54.4
15219   7   56.6
15220   7   55.3
15221   7   53.6
15222   7   54.3
15223   7   51.8
15224   9   53.0
15225   9   55.6
15226   8   54.3
15227   8   52.7
15228   8   54.5
15229   8   52.9
15230   8   53.0
15231   7   56.1
15232   7   54.7
15233   6   55.9
15234   6   57.0
15235   6   55.8
15236   6   48.4
15237   6   55.7
15238   6   56.5
15239   6   58.0
15240   6   58.3
15241   6   57.0
15242   6   59.1
15243   6   57.0
15244   6   55.5
15245   6   57.0
15246   6   59.2
15247   6   55.1
15248   6   60.5
15249   6   59.4
15250   6   52.6
15251   6   61.1
15252   6   56.5
15253   6   58.6
15254   6   59.0
15255   6   57.0
15256   6   60.3
15257   6   53.8
15258   6   57.5
15259   6   55.4
15260   6   55.8
15261   6   56.8
15262   6   52.6
15263   6   57.7
15264   6   58.3
15265   6   58.8
15266   6   58.7
15267   6   60.7
15268   6   49.1
15269   6   58.0
15270   6   59.0
15271   6   58.8
15272   6   57.5
15273   6   56.9
15274   6   58.1
15275   7   48.5
15276   8   57.2
15277   8   57.3
15278   8   49.9
15279   8   59.4
15280   8   54.8
15281   7   55.9
15282   6   58.4
15283   6   63.9
15284   6   62.5
15285   6   59.0
15286   6   61.1
15287   6   62.8
15288   6   63.8
15289   6   63.2
15290   6   64.7
15291   6   67.1
15292   6   65.3
15293   7   63.3
15294   6   62.3
15295   6   62.6
15296   6   65.9
15297   7   62.0
15298   7   58.6
15299   7   65.0
15300   7   57.0
15301   7   62.1
15302   7   64.3
15303   7   61.5
15304   7   63.4
15305   7   66.8
15306   7   64.9
15307   8   62.2
15308   7   69.0
15309   9   61.0
15310   8   62.3
15311   8   60.8
15312   8   56.7
15313   7   56.5
15314   7   57.5
15315   7   53.4
15316   7   63.0
15317   7   59.7
15318   7   49.5
15319   7   60.3
15320   7   57.4
15321   7   59.7
15322   7   62.1
15323   7   60.4
15324   7   54.7
15325   7   60.3
15326   7   53.6
15327   7   48.1
15328   7   60.5
15329   7   61.5
15330   7   59.8
15331   7   55.4
15332   7   63.4
15333   7   57.3
15334   7   54.1
15335   7   56.1
15336   7   50.0
15337   8   59.7
15338   6   57.9
15339   6   56.6
15340   6   56.8
15341   7   52.6
15342   7   49.5
15343   7   60.0
15344   7   55.4
15345   7   58.5
15346   7   60.1
15347   7   63.9
15348   7   51.6
15349   6   62.4
15350   6   63.5
15351   6   58.8
15352   6   66.0
15353   6   63.2
15354   6   58.0
15355   6   55.0
15356   6   65.3
15357   6   63.0
15358   6   57.2
15359   6   65.1
15360   6   64.5
15361   6   64.6
15362   6   63.1
15363   6   60.8
15364   6   61.3
15365   7   64.7
16001   7   56.2
16002   6   51.8
16003   6   65.5
16004   6   63.6
16005   6   62.3
16006   6   62.6
16007   6   58.8
16008   6   62.1
16009   6   64.6
16010   6   65.1
16011   6   46.6
16012   6   60.7
16013   6   50.9
16014   6   63.1
16015   6   52.6
16016   6   63.6
16017   6   58.7
16018   6   55.7
16019   6   58.6
16020   6   61.3
16021   6   55.1
16022   6   61.8
16023   6   58.8
16024   7   65.7
16025   7   54.4
16026   7   57.5
16027   7   59.9
16028   8   54.3
16029   8   57.7
16030   8   62.1
16031   8   54.7
16032   8   57.0
16033   8   58.0
16034   8   58.4
16035   8   48.5
16036   8   57.5
16037   8   57.6
16038   8   61.9
16039   8   54.8
16040   8   56.4
16041   8   52.4
16042   8   64.4
16043   8   44.5
16044   7   63.6
16045   8   54.3
16046   8   59.8
16047   8   58.9
16048   8   52.6
16049   8   59.0
16050   8   47.5
16051   8   59.2
16052   8   55.2
16053   7   57.0
16054   8   51.7
16055   8   46.0
16056   9   54.3
16057   9   55.4
16058   8   51.5
16059   8   61.0
16060   8   52.7
16061   8   57.7
16062   8   58.7
16063   8   63.6
16064   8   61.4
16065   8   62.4
16066   8   48.4
16067   8   51.6
16068   8   55.6
16069   8   58.0
16070   8   37.2
16071   8   50.7
16072   8   57.3
16073   8   58.8
16074   8   58.5
16075   7   53.2
16076   7   56.3
16077   7   51.4
16078   7   54.8
16079   7   57.4
16080   7   54.4
16081   7   51.5
16082   7   60.5
16083   7   51.2
16084   8   50.5
16085   8   41.9
16086   7   50.2
16087   7   53.2
16088   7   53.6
16089   7   60.3
16090   7   42.8
16091   7   51.2
16092   7   56.7
16093   7   58.1
16094   7   58.3
16095   8   57.7
16096   8   54.0
16097   7   51.1
16098   7   50.1
16099   7   53.3
16100   7   49.4
16101   6   42.4
16102   7   44.8
16103   7   57.7
16104   7   58.9
16105   7   56.8
16106   7   60.2
16107   7   57.9
16108   7   54.2
16109   7   53.6
16110   7   54.7
16111   7   52.1
16112   7   53.6
16113   7   59.1
16114   7   48.8
16115   7   54.2
16116   7   51.3
16117   7   51.0
16118   7   56.6
16119   7   57.4
16120   7   51.5
16121   7   56.4
16122   7   60.0
16123   6   53.3
16124   6   51.8
16125   7   58.9
16126   7   59.9
16127   7   58.8
16128   7   59.2
16129   7   57.8
16130   7   59.1
16131   7   61.1
16132   7   57.0
16133   7   59.8
16134   7   58.9
16135   7   60.0
16136   7   59.4
16137   7   58.3
16138   7   58.7
16139   7   55.5
16140   8   59.4
16141   8   53.6
16142   8   57.1
16143   7   53.2
16144   8   59.0
16145   8   56.6
16146   8   61.0
16147   8   59.6
16148   8   57.8
16149   7   59.5
16150   6   63.0
16151   7   59.4
16152   7   63.3
16153   7   57.9
16154   8   63.0
16155   8   59.2
16156   7   60.2
16157   7   61.3
16158   7   53.4
16159   7   53.2
16160   7   53.3
16161   7   51.8
16162   6   56.8
16163   7   55.5
16164   2   80.0
16165   2   80.6
16166   2   75.0
16167   2   79.6
16168   2   81.6
16169   2   80.9
16170   2   80.2
16171   2   80.4
16172   2   79.8
16173   2   80.9
16174   2   72.3
16175   2   61.0
16176   2   75.5
16177   2   78.4
16178   2   80.9
16179   2   82.3
16180   2   77.8
16181   2   65.8
16182   2   79.1
16183   2   80.9
16184   2   79.4
16185   2   79.4
16186   2   81.0
16187   2   76.6
16188   2   78.1
16189   2   80.2
16190   1   62.5
16191   2   79.8
16192   2   79.5
16193   2   79.4
16194   2   82.0
16195   2   81.5
16196   2   81.4
16197   2   79.1
16198   2   81.8
16199   2   80.9
16200   2   70.2
16201   2   80.7
16202   1   62.3
16203   2   70.1
16204   2   69.8
16205   2   78.7
16206   2   80.6
16207   2   68.8
16209   2   76.4
16210   2   79.2
16212   2   79.4
16213   2   78.9
16214   2   77.8
16215   2   79.2
16216   2   76.3
16217   2   79.8
16218   2   80.4
16219   2   79.4
16220   2   79.2
16221   2   77.1
16222   2   80.0
16223   2   80.8
16224   2   73.0
16225   2   72.8
16226   2   78.3
16227   2   79.4
16228   2   81.1
16229   1   63.6
16230   2   80.6
16231   2   81.5
16232   2   79.0
16233   2   75.9
16234   2   80.0
16235   2   80.8
16236   2   77.1
16237   2   78.8
16238   2   78.3
16239   2   77.7
16240   2   81.1
16241   2   79.4
16242   2   82.6
16243   2   80.0
16244   2   82.1
16245   2   79.0
16247   2   79.2
16248   2   81.1
16249   2   81.1
16250   2   81.1
16251   2   79.4
16252   2   80.6
16253   2   78.4
16254   2   82.1
16255   2   80.8
16256   2   77.2
16257   2   79.0
16258   2   78.1
16260   2   77.1
16261   2   77.8
16262   2   80.7
16263   2   79.8
16264   2   80.7
16265   2   79.8
16267   2   81.3
16268   2   72.6
16269   2   79.2
16270   2   80.2
16271   2   80.4
16272   2   79.4
16273   2   79.4
16274   2   78.5
16275   2   80.4
16276   2   80.2
16277   2   79.8
16278   2   77.9
16279   2   74.4
16280   2   78.5
16281   2   72.4
16282   2   81.2
16283   2   81.1
16284   2   81.1
16285   2   79.8
16286   2   82.0
16287   2   75.2
16288   2   77.8
16289   2   80.7
16290   2   79.6
16291   2   77.6
16292   2   78.7
16293   2   77.1
16294   2   79.5
16295   1   47.7
16296   2   82.1
16297   2   80.4
16298   2   64.8
16299   2   76.4
16300   2   79.3
16301   2   78.7
16302   2   78.4
16303   2   79.3
16304   2   67.3
16305   2   67.6
