Deformation / Velocity field horizontal 
  Long [deg],   Lat [deg],  Vel E [m/yr],  Vel N [m/yr] 
  -4.0000000    42.0000000      -0.00021       0.00020 
  -4.0000000    43.0000000      -0.00043      -0.00001 
  -4.0000000    44.0000000      -0.00042       0.00017 
  -4.0000000    45.0000000      -0.00036       0.00009 
  -4.0000000    46.0000000      -0.00035       0.00003 
  -4.0000000    47.0000000      -0.00039      -0.00014 
  -4.0000000    48.0000000      -0.00006       0.00034 
  -4.0000000    49.0000000       0.00017       0.00048 
  -4.0000000    50.0000000       0.00018       0.00027 
  -4.0000000    51.0000000       0.00017       0.00017 
  -4.0000000    52.0000000       0.00017       0.00012 
  -4.0000000    53.0000000       0.00016       0.00010 
  -3.0000000    42.0000000      -0.00022       0.00020 
  -3.0000000    43.0000000      -0.00021       0.00024 
  -3.0000000    44.0000000      -0.00041       0.00014 
  -3.0000000    45.0000000      -0.00029       0.00011 
  -3.0000000    46.0000000      -0.00019      -0.00000 
  -3.0000000    47.0000000      -0.00034      -0.00005 
  -3.0000000    48.0000000      -0.00002       0.00043 
  -3.0000000    49.0000000       0.00010       0.00034 
  -3.0000000    50.0000000       0.00014       0.00014 
  -3.0000000    51.0000000       0.00016       0.00008 
  -3.0000000    52.0000000       0.00017       0.00007 
  -3.0000000    53.0000000       0.00013       0.00019 
  -2.0000000    42.0000000      -0.00025       0.00013 
  -2.0000000    43.0000000      -0.00024       0.00025 
  -2.0000000    44.0000000      -0.00016       0.00029 
  -2.0000000    45.0000000      -0.00020       0.00009 
  -2.0000000    46.0000000      -0.00013       0.00012 
  -2.0000000    47.0000000      -0.00018       0.00017 
  -2.0000000    48.0000000      -0.00010       0.00034 
  -2.0000000    49.0000000       0.00003       0.00019 
  -2.0000000    50.0000000       0.00010      -0.00002 
  -2.0000000    51.0000000       0.00015      -0.00000 
  -2.0000000    52.0000000       0.00014       0.00012 
  -2.0000000    53.0000000       0.00019      -0.00001 
  -1.0000000    42.0000000      -0.00027       0.00014 
  -1.0000000    43.0000000      -0.00030       0.00020 
  -1.0000000    44.0000000      -0.00017       0.00027 
  -1.0000000    45.0000000      -0.00006       0.00021 
  -1.0000000    46.0000000       0.00002       0.00018 
  -1.0000000    47.0000000      -0.00010       0.00027 
  -1.0000000    48.0000000      -0.00014       0.00037 
  -1.0000000    49.0000000      -0.00001       0.00014 
  -1.0000000    50.0000000       0.00010      -0.00007 
  -1.0000000    51.0000000       0.00015      -0.00007 
  -1.0000000    52.0000000       0.00014       0.00011 
  -1.0000000    53.0000000       0.00019      -0.00005 
   0.0000000    42.0000000      -0.00025       0.00012 
   0.0000000    43.0000000      -0.00035       0.00026 
   0.0000000    44.0000000      -0.00017       0.00022 
   0.0000000    45.0000000       0.00000       0.00008 
   0.0000000    46.0000000       0.00009       0.00009 
   0.0000000    47.0000000      -0.00004       0.00026 
   0.0000000    48.0000000      -0.00021       0.00046 
   0.0000000    49.0000000       0.00003       0.00010 
   0.0000000    50.0000000       0.00013      -0.00009 
   0.0000000    51.0000000       0.00015       0.00001 
   0.0000000    52.0000000       0.00019      -0.00010 
   0.0000000    53.0000000       0.00025      -0.00009 
   1.0000000    42.0000000      -0.00015       0.00001 
   1.0000000    43.0000000      -0.00039       0.00034 
   1.0000000    44.0000000       0.00003      -0.00000 
   1.0000000    45.0000000       0.00011      -0.00009 
   1.0000000    46.0000000       0.00014      -0.00005 
   1.0000000    47.0000000       0.00007       0.00008 
   1.0000000    48.0000000       0.00001       0.00017 
   1.0000000    49.0000000       0.00015      -0.00004 
   1.0000000    50.0000000       0.00017      -0.00015 
   1.0000000    51.0000000       0.00014      -0.00017 
   1.0000000    52.0000000       0.00009      -0.00015 
   1.0000000    53.0000000      -0.00004      -0.00014 
   2.0000000    42.0000000      -0.00000      -0.00019 
   2.0000000    43.0000000       0.00015      -0.00002 
   2.0000000    44.0000000       0.00010      -0.00004 
   2.0000000    45.0000000       0.00011      -0.00017 
   2.0000000    46.0000000       0.00019      -0.00014 
   2.0000000    47.0000000       0.00018      -0.00006 
   2.0000000    48.0000000       0.00020      -0.00011 
   2.0000000    49.0000000       0.00034      -0.00024 
   2.0000000    50.0000000       0.00020      -0.00017 
   2.0000000    51.0000000       0.00012      -0.00014 
   2.0000000    52.0000000      -0.00002      -0.00013 
   2.0000000    53.0000000       0.00006      -0.00001 
   3.0000000    42.0000000       0.00005      -0.00021 
   3.0000000    43.0000000      -0.00001       0.00006 
   3.0000000    44.0000000      -0.00001      -0.00002 
   3.0000000    45.0000000       0.00004       0.00006 
   3.0000000    46.0000000       0.00019      -0.00011 
   3.0000000    47.0000000       0.00015      -0.00005 
   3.0000000    48.0000000       0.00021      -0.00022 
   3.0000000    49.0000000       0.00035      -0.00030 
   3.0000000    50.0000000       0.00015      -0.00010 
   3.0000000    51.0000000       0.00010      -0.00015 
   3.0000000    52.0000000      -0.00009      -0.00005 
   3.0000000    53.0000000       0.00001       0.00009 
   4.0000000    42.0000000      -0.00010      -0.00002 
   4.0000000    43.0000000      -0.00022       0.00011 
   4.0000000    44.0000000      -0.00001       0.00006 
   4.0000000    45.0000000       0.00017       0.00015 
   4.0000000    46.0000000      -0.00006      -0.00007 
   4.0000000    47.0000000       0.00008      -0.00011 
   4.0000000    48.0000000       0.00006      -0.00015 
   4.0000000    49.0000000       0.00006      -0.00006 
   4.0000000    50.0000000       0.00008      -0.00007 
   4.0000000    51.0000000       0.00006      -0.00007 
   4.0000000    52.0000000       0.00006       0.00001 
   4.0000000    53.0000000       0.00004      -0.00004 
   5.0000000    42.0000000      -0.00015      -0.00000 
   5.0000000    43.0000000      -0.00015       0.00005 
   5.0000000    44.0000000      -0.00010       0.00007 
   5.0000000    45.0000000       0.00006       0.00001 
   5.0000000    46.0000000       0.00008      -0.00004 
   5.0000000    47.0000000       0.00018      -0.00015 
   5.0000000    48.0000000      -0.00005      -0.00005 
   5.0000000    49.0000000      -0.00016       0.00016 
   5.0000000    50.0000000      -0.00008       0.00009 
   5.0000000    51.0000000      -0.00002      -0.00005 
   5.0000000    52.0000000      -0.00003      -0.00002 
   5.0000000    53.0000000      -0.00000      -0.00001 
   6.0000000    42.0000000      -0.00006       0.00001 
   6.0000000    43.0000000      -0.00004      -0.00001 
   6.0000000    44.0000000      -0.00015       0.00010 
   6.0000000    45.0000000      -0.00032      -0.00001 
   6.0000000    46.0000000      -0.00013      -0.00000 
   6.0000000    47.0000000       0.00009      -0.00002 
   6.0000000    48.0000000      -0.00009       0.00002 
   6.0000000    49.0000000      -0.00017       0.00034 
   6.0000000    50.0000000      -0.00031       0.00010 
   6.0000000    51.0000000      -0.00022       0.00011 
   6.0000000    52.0000000      -0.00020       0.00014 
   6.0000000    53.0000000      -0.00019       0.00017 
   7.0000000    42.0000000      -0.00008      -0.00005 
   7.0000000    43.0000000      -0.00010       0.00005 
   7.0000000    44.0000000       0.00003      -0.00008 
   7.0000000    45.0000000       0.00021      -0.00018 
   7.0000000    46.0000000      -0.00026      -0.00003 
   7.0000000    47.0000000      -0.00009       0.00025 
   7.0000000    48.0000000       0.00015      -0.00006 
   7.0000000    49.0000000      -0.00009      -0.00011 
   7.0000000    50.0000000      -0.00027      -0.00011 
   7.0000000    51.0000000      -0.00029       0.00003 
   7.0000000    52.0000000      -0.00025       0.00012 
   7.0000000    53.0000000      -0.00024       0.00024 
   8.0000000    42.0000000      -0.00010      -0.00010 
   8.0000000    43.0000000      -0.00002       0.00006 
   8.0000000    44.0000000       0.00015       0.00018 
   8.0000000    45.0000000      -0.00000      -0.00049 
   8.0000000    46.0000000      -0.00017      -0.00003 
   8.0000000    47.0000000      -0.00004       0.00032 
   8.0000000    48.0000000       0.00015       0.00019 
   8.0000000    49.0000000      -0.00020      -0.00007 
   8.0000000    50.0000000      -0.00027      -0.00018 
   8.0000000    51.0000000      -0.00028       0.00001 
   8.0000000    52.0000000      -0.00022       0.00019 
   8.0000000    53.0000000      -0.00024       0.00021 
   9.0000000    42.0000000      -0.00009      -0.00001 
   9.0000000    43.0000000       0.00002       0.00037 
   9.0000000    44.0000000       0.00015       0.00014 
   9.0000000    45.0000000      -0.00005       0.00005 
   9.0000000    46.0000000      -0.00035       0.00027 
   9.0000000    47.0000000      -0.00010       0.00030 
   9.0000000    48.0000000       0.00011       0.00030 
   9.0000000    49.0000000       0.00005       0.00007 
   9.0000000    50.0000000      -0.00031      -0.00015 
   9.0000000    51.0000000      -0.00022       0.00004 
   9.0000000    52.0000000      -0.00018       0.00019 
   9.0000000    53.0000000      -0.00022       0.00018 
  10.0000000    42.0000000       0.00004       0.00041 
  10.0000000    43.0000000      -0.00001       0.00078 
  10.0000000    44.0000000       0.00034       0.00153 
  10.0000000    45.0000000       0.00014       0.00136 
  10.0000000    46.0000000      -0.00034       0.00051 
  10.0000000    47.0000000      -0.00018       0.00039 
  10.0000000    48.0000000       0.00002       0.00035 
  10.0000000    49.0000000       0.00000       0.00003 
  10.0000000    50.0000000      -0.00009      -0.00015 
  10.0000000    51.0000000      -0.00011       0.00002 
  10.0000000    52.0000000      -0.00012       0.00014 
  10.0000000    53.0000000      -0.00018       0.00006 
  11.0000000    42.0000000       0.00016       0.00084 
  11.0000000    43.0000000       0.00012       0.00114 
  11.0000000    44.0000000       0.00047       0.00216 
  11.0000000    45.0000000       0.00048       0.00233 
  11.0000000    46.0000000      -0.00012       0.00073 
  11.0000000    47.0000000      -0.00012       0.00060 
  11.0000000    48.0000000      -0.00005       0.00029 
  11.0000000    49.0000000      -0.00002      -0.00001 
  11.0000000    50.0000000       0.00006      -0.00026 
  11.0000000    51.0000000      -0.00003      -0.00012 
  11.0000000    52.0000000      -0.00012       0.00003 
  11.0000000    53.0000000      -0.00019       0.00001 
  12.0000000    42.0000000       0.00036       0.00135 
  12.0000000    43.0000000       0.00033       0.00123 
  12.0000000    44.0000000       0.00052       0.00202 
  12.0000000    45.0000000       0.00028       0.00166 
  12.0000000    46.0000000      -0.00019       0.00137 
  12.0000000    47.0000000      -0.00017       0.00063 
  12.0000000    48.0000000      -0.00008       0.00048 
  12.0000000    49.0000000       0.00002       0.00008 
  12.0000000    50.0000000       0.00011      -0.00030 
  12.0000000    51.0000000      -0.00002      -0.00026 
  12.0000000    52.0000000      -0.00016      -0.00010 
  12.0000000    53.0000000      -0.00021      -0.00004 
  13.0000000    42.0000000       0.00061       0.00199 
  13.0000000    43.0000000       0.00076       0.00286 
  13.0000000    44.0000000       0.00043       0.00236 
  13.0000000    45.0000000       0.00002       0.00209 
  13.0000000    46.0000000      -0.00042       0.00207 
  13.0000000    47.0000000       0.00015       0.00083 
  13.0000000    48.0000000      -0.00007       0.00073 
  13.0000000    49.0000000       0.00002       0.00021 
  13.0000000    50.0000000       0.00001      -0.00023 
  13.0000000    51.0000000      -0.00013      -0.00032 
  13.0000000    52.0000000      -0.00022      -0.00019 
  13.0000000    53.0000000      -0.00024      -0.00011 
  14.0000000    42.0000000       0.00043       0.00282 
  14.0000000    43.0000000       0.00084       0.00319 
  14.0000000    44.0000000       0.00039       0.00291 
  14.0000000    45.0000000      -0.00007       0.00279 
  14.0000000    46.0000000      -0.00036       0.00213 
  14.0000000    47.0000000       0.00038       0.00101 
  14.0000000    48.0000000       0.00013       0.00041 
  14.0000000    49.0000000       0.00003       0.00002 
  14.0000000    50.0000000      -0.00009      -0.00022 
  14.0000000    51.0000000      -0.00024      -0.00034 
  14.0000000    52.0000000      -0.00026      -0.00025 
  14.0000000    53.0000000      -0.00026      -0.00015 
  15.0000000    42.0000000       0.00063       0.00287 
  15.0000000    43.0000000       0.00059       0.00311 
  15.0000000    44.0000000       0.00024       0.00298 
  15.0000000    45.0000000      -0.00002       0.00266 
  15.0000000    46.0000000      -0.00004       0.00186 
  15.0000000    47.0000000       0.00056       0.00076 
  15.0000000    48.0000000       0.00007       0.00018 
  15.0000000    49.0000000       0.00008      -0.00008 
  15.0000000    50.0000000      -0.00017      -0.00018 
  15.0000000    51.0000000      -0.00023      -0.00026 
  15.0000000    52.0000000      -0.00025      -0.00024 
  15.0000000    53.0000000      -0.00024      -0.00018 
  16.0000000    42.0000000       0.00053       0.00294 
  16.0000000    43.0000000       0.00036       0.00304 
  16.0000000    44.0000000       0.00017       0.00293 
  16.0000000    45.0000000       0.00012       0.00235 
  16.0000000    46.0000000       0.00019       0.00142 
  16.0000000    47.0000000       0.00050       0.00046 
  16.0000000    48.0000000       0.00015       0.00008 
  16.0000000    49.0000000       0.00007      -0.00013 
  16.0000000    50.0000000      -0.00005      -0.00025 
  16.0000000    51.0000000      -0.00021      -0.00018 
  16.0000000    52.0000000      -0.00023      -0.00023 
  16.0000000    53.0000000      -0.00023      -0.00018 
  17.0000000    42.0000000       0.00034       0.00289 
  17.0000000    43.0000000       0.00043       0.00289 
  17.0000000    44.0000000       0.00029       0.00251 
  17.0000000    45.0000000       0.00022       0.00197 
  17.0000000    46.0000000       0.00040       0.00129 
  17.0000000    47.0000000       0.00054       0.00032 
  17.0000000    48.0000000       0.00049      -0.00012 
  17.0000000    49.0000000       0.00023      -0.00022 
  17.0000000    50.0000000       0.00003      -0.00027 
  17.0000000    51.0000000      -0.00005      -0.00017 
  17.0000000    52.0000000      -0.00023      -0.00015 
  17.0000000    53.0000000      -0.00022      -0.00018 
  18.0000000    42.0000000       0.00049       0.00281 
  18.0000000    43.0000000       0.00042       0.00263 
  18.0000000    44.0000000       0.00039       0.00213 
  18.0000000    45.0000000       0.00028       0.00170 
  18.0000000    46.0000000       0.00045       0.00115 
  18.0000000    47.0000000       0.00050       0.00029 
  18.0000000    48.0000000       0.00051      -0.00009 
  18.0000000    49.0000000       0.00036      -0.00012 
  18.0000000    50.0000000       0.00012      -0.00029 
  18.0000000    51.0000000       0.00003      -0.00026 
  18.0000000    52.0000000      -0.00006      -0.00017 
  18.0000000    53.0000000      -0.00022      -0.00014 
